l,0.5,1,0.0
l,0.5,60,0.0
h,0.5,1,94.5
h,0.5,60,93.51666666666667
l,1,1,0.0
l,1,60,0.0
h,1,1,89.01666666666667
h,1,60,88.03333333333333
l,1.5,1,0.0
l,1.5,60,0.0
h,1.5,1,83.55
h,1.5,60,82.56666666666666
l,2,1,0.0
l,2,60,0.0
h,2,1,78.06666666666666
h,2,60,77.08333333333334
l,2.5,1,0.0
l,2.5,60,0.0
h,2.5,1,72.6
h,2.5,60,71.61666666666666
l,3,1,0.0
l,3,60,0.0
h,3,1,67.11666666666667
h,3,60,66.13333333333333
l,3.5,1,0.0
l,3.5,60,0.0
h,3.5,1,61.633333333333326
h,3.5,60,60.650000000000006
l,4,1,0.0
l,4,60,0.0
h,4,1,56.166666666666664
h,4,60,55.18333333333333
l,4.5,1,0.0
l,4.5,60,0.0
h,4.5,1,50.68333333333334
h,4.5,60,49.7
l,5,1,0.0
l,5,60,0.0
h,5,1,45.2
h,5,60,44.21666666666667
l,5.5,1,0.0
l,5.5,60,0.0
h,5.5,1,39.733333333333334
h,5.5,60,38.75
l,6.5,1,0.0
l,6.5,60,0.0
h,6.5,1,28.78333333333333
h,6.5,60,27.800000000000004
l,7,1,0.0
l,7,60,0.0
h,7,1,23.3
h,7,60,22.316666666666666
l,7.5,1,0.0
l,7.5,60,0.0
h,7.5,1,17.833333333333336
h,7.5,60,16.833333333333332
l,8,1,0.0
l,8,60,0.0
h,8,1,12.35
h,8,60,11.366666666666667
l,8.5,1,0.0
l,8.5,60,0.0
h,8.5,1,6.883333333333333
h,8.5,60,5.883333333333334
l,9,1,0.0
l,9,60,0.0
h,9,1,1.4000000000000001
h,9,60,0.4166666666666667
l,9.5,1,0.0
l,9.5,60,0.0
h,9.5,1,0.0
h,9.5,60,0.0
l,10,1,0.0
l,10,60,0.0
h,10,1,0.0
h,10,60,0.0
l,10.5,1,0.0
l,10.5,60,0.0
h,10.5,1,0.0
h,10.5,60,0.0
l,11,1,0.0
l,11,60,0.0
h,11,1,0.0
h,11,60,0.0
