0	1006223
1	1007222
2	1008222
3	1009222
4	1010221
5	1011222
6	1012222
7	1013222
8	1014222
9	1015221
10	1016221
11	1017222
12	1018222
13	1019221
14	1020221
15	1021222
16	1022222
17	1023220
18	1024222
19	1025222
20	1026222
21	1027222
22	1028222
23	1029222
24	1030221
25	1031221
26	1032221
27	1033222
28	1034221
29	1035221
30	1036221
31	1037222
32	1038221
33	1039222
34	1040222
35	1041222
36	1042222
37	1043222
38	1044222
39	1045222
40	1046222
41	1047221
42	1048222
43	1049222
44	1050221
45	1051221
46	1052222
47	1053222
48	1054221
49	1055221
50	1056222
51	1057222
52	1058222
53	1059222
54	1060222
55	1061222
56	1062222
57	1063221
58	1064222
59	1065222
60	1066221
61	1067222
62	1068222
63	1069221
64	1070221
65	1071222
66	1072222
67	1073222
68	1074222
69	1075222
70	1076222
71	1077222
72	1078222
73	1079222
74	1080222
75	1081222
76	1082221
77	1083222
78	1084222
79	1085222
80	1086221
81	1087222
82	1088221
83	1089222
84	1090220
85	1091222
86	1092222
87	1093222
88	1094222
89	1095222
90	1096222
91	1097222
92	1098222
93	1099222
94	1100221
95	1101222
96	1102222
97	1103222
98	1104221
99	1105222
100	1106222
101	1107222
102	1108222
103	1109222
104	1110222
105	1111222
106	1112222
107	1113222
108	1114222
109	1115222
110	1116221
111	1117222
112	1118222
113	1119221
114	1120221
115	1121222
116	1122222
117	1123222
118	1124222
119	1125222
120	1126222
121	1127222
122	1128222
123	1129222
124	1130222
125	1131221
126	1132221
127	1133222
128	1134222
129	1135221
130	1136221
131	1137222
132	1138222
133	1139221
134	1140222
135	1141222
136	1142222
137	1143222
138	1144222
139	1145222
140	1146222
141	1147221
142	1148221
143	1149222
144	1150222
145	1151222
146	1152222
147	1153222
148	1154222
149	1155222
150	1156222
151	1157222
152	1158222
153	1159222
154	1160222
155	1161222
156	1162222
157	1163222
158	1164222
159	1165222
160	1166222
161	1167222
162	1168222
163	1169222
164	1170222
165	1171222
166	1172222
167	1173222
168	1174222
169	1175222
170	1176222
171	1177222
172	1178222
173	1179222
174	1180222
175	1181222
176	1182222
177	1183222
178	1184222
179	1185222
180	1186222
181	1187222
182	1188222
183	1189222
184	1190222
185	1191222
186	1192222
187	1193222
188	1194222
189	1195222
190	1196222
191	1197222
192	1198222
193	1199222
194	1200222
195	1201222
196	1202222
197	1203222
198	1204222
199	1205222
200	1206222
201	1207222
202	1208222
203	1209222
204	1210222
205	1211222
206	1212222
207	1213222
208	1214222
209	1215222
210	1216222
211	1217222
212	1218222
213	1219222
214	1220222
215	1221222
216	1222222
217	1223222
218	1224222
219	1225222
220	1226222
221	1227222
222	1228222
223	1229222
224	1230222
225	1231222
226	1232222
227	1233222
228	1234222
229	1235222
230	1236222
231	1237222
232	1238222
233	1239222
234	1240222
235	1241222
236	1242222
237	1243222
238	1244222
239	1245222
240	1246222
241	1247222
242	1248222
243	1249222
244	1250222
245	1251222
246	1252222
247	1253222
248	1254222
249	1255222
250	1256222
251	1257222
252	1258222
253	1259222
254	1260222
255	1261222
256	1262222
257	1263222
258	1264222
259	1265222
260	1266222
261	1267222
262	1268222
263	1269222
264	1270222
265	1271222
266	1272222
267	1273222
268	1274222
269	1275222
270	1276222
271	1277222
272	1278222
273	1279221
274	1280222
275	1281222
276	1282222
277	1283222
278	1284222
279	1285222
280	1286222
281	1287222
282	1288222
283	1289222
284	1290222
285	1291222
286	1292222
287	1293222
288	1294222
289	1295222
290	1296222
291	1297222
292	1298222
293	1299222
294	1300222
295	1301222
296	1302222
297	1303222
298	1304222
299	1305222
300	1306222
301	1307222
302	1308222
303	1309222
304	1310222
305	1311222
306	1312222
307	1313222
308	1314222
309	1315222
310	1316222
311	1317222
312	1318222
313	1319222
314	1320222
315	1321222
316	1322222
317	1323222
318	1324222
319	1325222
320	1326222
321	1327222
322	1328222
323	1329222
324	1330222
325	1331222
326	1332222
327	1333222
328	1334222
329	1335222
330	1336222
331	1337222
332	1338222
333	1339222
334	1340222
335	1341222
336	1342222
337	1343222
338	1344222
339	1345222
340	1346222
341	1347222
342	1348222
343	1349222
344	1350222
345	1351222
346	1352222
347	1353222
348	1354222
349	1355222
350	1356222
351	1357222
352	1358222
353	1359222
354	1360222
355	1361222
356	1362222
357	1363222
358	1364222
359	1365222
360	1366222
361	1367222
362	1368222
363	1369222
364	1370222
365	1371222
366	1372222
367	1373222
368	1374222
369	1375222
370	1376222
371	1377222
372	1378222
373	1379222
374	1380222
375	1381222
376	1382222
377	1383222
378	1384222
379	1385222
380	1386222
381	1387222
382	1388222
383	1389222
384	1390222
385	1391222
386	1392222
387	1393222
388	1394222
389	1395222
390	1396222
391	1397222
392	1398222
393	1399222
394	1400222
395	1401222
396	1402222
397	1403222
398	1404222
399	1405222
400	1406222
401	1407222
402	1408222
403	1409222
404	1410222
405	1411222
406	1412222
407	1413222
408	1414222
409	1415222
410	1416222
411	1417222
412	1418222
413	1419222
414	1420222
415	1421222
416	1422222
417	1423222
418	1424222
419	1425222
420	1426222
421	1427222
422	1428222
423	1429222
424	1430222
425	1431222
426	1432222
427	1433222
428	1434222
429	1435222
430	1436222
431	1437222
432	1438222
433	1439222
434	1440222
435	1441222
436	1442222
437	1443222
438	1444222
439	1445222
440	1446222
441	1447222
442	1448222
443	1449222
444	1450222
445	1451222
446	1452222
447	1453222
448	1454222
449	1455222
450	1456222
451	1457222
452	1458222
453	1459222
454	1460222
455	1461222
456	1462222
457	1463222
458	1464222
459	1465222
460	1466222
461	1467222
462	1468222
463	1469222
464	1470222
465	1471222
466	1472222
467	1473222
468	1474222
469	1475222
470	1476222
471	1477222
472	1478222
473	1479222
474	1480222
475	1481222
476	1482222
477	1483222
478	1484222
479	1485222
480	1486222
481	1487222
482	1488222
483	1489222
484	1490222
485	1491222
486	1492222
487	1493222
488	1494222
489	1495222
490	1496222
491	1497222
492	1498222
493	1499222
494	1500222
495	1501222
496	1502222
497	1503222
498	1504222
499	1505222
500	1506222
501	1507222
502	1508222
503	1509222
504	1510222
505	1511222
506	1512222
507	1513222
508	1514222
509	1515222
510	1516222
511	1517222
512	1518222
513	1519222
514	1520222
515	1521222
516	1522222
517	1523222
518	1524222
519	1525222
520	1526222
521	1527222
522	1528222
523	1529222
524	1530222
525	1531222
526	1532222
527	1533222
528	1534222
529	1535221
530	1536222
531	1537222
532	1538222
533	1539222
534	1540222
535	1541222
536	1542222
537	1543222
538	1544222
539	1545222
540	1546222
541	1547222
542	1548222
543	1549222
544	1550222
545	1551222
546	1552222
547	1553222
548	1554222
549	1555222
550	1556222
551	1557222
552	1558222
553	1559222
554	1560222
555	1561222
556	1562222
557	1563222
558	1564222
559	1565222
560	1566222
561	1567222
562	1568222
563	1569222
564	1570222
565	1571222
566	1572222
567	1573222
568	1574222
569	1575222
570	1576222
571	1577222
572	1578222
573	1579222
574	1580222
575	1581222
576	1582222
577	1583222
578	1584222
579	1585222
580	1586222
581	1587222
582	1588222
583	1589222
584	1590222
585	1591222
586	1592222
587	1593222
588	1594222
589	1595222
590	1596222
591	1597222
592	1598222
593	1599222
594	1600222
595	1601222
596	1602222
597	1603222
598	1604222
599	1605222
600	1606222
601	1607222
602	1608222
603	1609222
604	1610222
605	1611222
606	1612222
607	1613222
608	1614222
609	1615222
610	1616222
611	1617222
612	1618222
613	1619222
614	1620222
615	1621222
616	1622222
617	1623222
618	1624222
619	1625222
620	1626222
621	1627222
622	1628222
623	1629222
624	1630222
625	1631222
626	1632222
627	1633222
628	1634222
629	1635222
630	1636222
631	1637222
632	1638222
633	1639222
634	1640222
635	1641222
636	1642222
637	1643222
638	1644222
639	1645222
640	1646222
641	1647222
642	1648222
643	1649222
644	1650222
645	1651222
646	1652222
647	1653222
648	1654222
649	1655222
650	1656222
651	1657222
652	1658222
653	1659222
654	1660222
655	1661222
656	1662222
657	1663222
658	1664222
659	1665222
660	1666222
661	1667222
662	1668222
663	1669222
664	1670222
665	1671222
666	1672222
667	1673222
668	1674222
669	1675222
670	1676222
671	1677222
672	1678222
673	1679222
674	1680222
675	1681222
676	1682222
677	1683222
678	1684222
679	1685222
680	1686222
681	1687222
682	1688222
683	1689222
684	1690222
685	1691222
686	1692222
687	1693222
688	1694222
689	1695222
690	1696222
691	1697222
692	1698222
693	1699222
694	1700222
695	1701222
696	1702222
697	1703222
698	1704222
699	1705222
700	1706222
701	1707222
702	1708222
703	1709222
704	1710222
705	1711222
706	1712222
707	1713222
708	1714222
709	1715222
710	1716222
711	1717222
712	1718222
713	1719222
714	1720222
715	1721222
716	1722222
717	1723222
718	1724222
719	1725222
720	1726222
721	1727222
722	1728222
723	1729222
724	1730222
725	1731222
726	1732222
727	1733222
728	1734222
729	1735222
730	1736222
731	1737222
732	1738222
733	1739222
734	1740222
735	1741222
736	1742222
737	1743222
738	1744222
739	1745222
740	1746222
741	1747222
742	1748222
743	1749222
744	1750222
745	1751222
746	1752222
747	1753222
748	1754222
749	1755222
750	1756222
751	1757222
752	1758222
753	1759222
754	1760222
755	1761222
756	1762222
757	1763222
758	1764222
759	1765222
760	1766222
761	1767222
762	1768222
763	1769222
764	1770222
765	1771222
766	1772222
767	1773222
768	1774222
769	1775222
770	1776222
771	1777222
772	1778222
773	1779222
774	1780222
775	1781222
776	1782222
777	1783222
778	1784222
779	1785222
780	1786222
781	1787222
782	1788222
783	1789222
784	1790222
785	1791221
786	1792222
787	1793222
788	1794222
789	1795222
790	1796222
791	1797222
792	1798222
793	1799222
794	1800222
795	1801222
796	1802222
797	1803222
798	1804222
799	1805222
800	1806222
801	1807222
802	1808222
803	1809222
804	1810222
805	1811222
806	1812222
807	1813222
808	1814222
809	1815222
810	1816222
811	1817222
812	1818222
813	1819222
814	1820222
815	1821222
816	1822222
817	1823222
818	1824222
819	1825222
820	1826222
821	1827222
822	1828222
823	1829222
824	1830222
825	1831222
826	1832222
827	1833222
828	1834222
829	1835222
830	1836222
831	1837222
832	1838222
833	1839222
834	1840222
835	1841222
836	1842222
837	1843222
838	1844222
839	1845222
840	1846222
841	1847222
842	1848222
843	1849222
844	1850222
845	1851222
846	1852222
847	1853222
848	1854222
849	1855222
850	1856222
851	1857222
852	1858222
853	1859222
854	1860222
855	1861222
856	1862222
857	1863222
858	1864222
859	1865222
860	1866222
861	1867222
862	1868222
863	1869222
864	1870222
865	1871222
866	1872222
867	1873222
868	1874222
869	1875222
870	1876222
871	1877222
872	1878222
873	1879222
874	1880222
875	1881222
876	1882222
877	1883222
878	1884222
879	1885222
880	1886222
881	1887222
882	1888222
883	1889222
884	1890222
885	1891222
886	1892222
887	1893222
888	1894222
889	1895222
890	1896222
891	1897222
892	1898222
893	1899222
894	1900222
895	1901222
896	1902222
897	1903222
898	1904222
899	1905222
900	1906222
901	1907222
902	1908222
903	1909222
904	1910222
905	1911222
906	1912222
907	1913222
908	1914222
909	1915222
910	1916222
911	1917222
912	1918222
913	1919222
914	1920222
915	1921222
916	1922222
917	1923222
918	1924222
919	1925222
920	1926222
921	1927222
922	1928222
923	1929222
924	1930222
925	1931222
926	1932222
927	1933222
928	1934222
929	1935222
930	1936222
931	1937222
932	1938222
933	1939222
934	1940222
935	1941222
936	1942222
937	1943222
938	1944222
939	1945222
940	1946222
941	1947222
942	1948222
943	1949222
944	1950222
945	1951222
946	1952222
947	1953222
948	1954222
949	1955222
950	1956222
951	1957222
952	1958222
953	1959222
954	1960222
955	1961222
956	1962222
957	1963222
958	1964222
959	1965222
960	1966222
961	1967222
962	1968222
963	1969222
964	1970222
965	1971222
966	1972222
967	1973222
968	1974222
969	1975222
970	1976222
971	1977222
972	1978222
973	1979222
974	1980222
975	1981222
976	1982222
977	1983222
978	1984222
979	1985222
980	1986222
981	1987222
982	1988222
983	1989222
984	1990222
985	1991222
986	1992222
987	1993222
988	1994222
989	1995222
990	1996222
991	1997222
992	1998222
993	1999222
994	2000222
995	2001222
996	2002222
997	2003222
998	2004222
999	2005222
1000	2006222
1001	2007222
1002	2008222
1003	2009222
1004	2010222
1005	2011222
1006	2012222
1007	2013222
1008	2014222
1009	2015222
1010	2016222
1011	2017222
1012	2018222
1013	2019222
1014	2020222
1015	2021222
1016	2022222
1017	2023222
1018	2024222
1019	2025222
1020	2026222
1021	2027222
1022	2028222
1023	2029222
1024	2030222
1025	2031222
1026	2032222
1027	2033222
1028	2034222
1029	2035222
1030	2036222
1031	2037222
1032	2038222
1033	2039222
1034	2040222
1035	2041222
1036	2042222
1037	2043222
1038	2044222
1039	2045222
1040	2046222
1041	2047221
1042	2048222
1043	2049222
1044	2050222
1045	2051222
1046	2052222
1047	2053222
1048	2054222
1049	2055222
1050	2056222
1051	2057222
1052	2058222
1053	2059222
1054	2060222
1055	2061222
1056	2062222
1057	2063222
1058	2064222
1059	2065222
1060	2066222
1061	2067222
1062	2068222
1063	2069222
1064	2070222
1065	2071222
1066	2072222
1067	2073222
1068	2074222
1069	2075222
1070	2076222
1071	2077222
1072	2078222
1073	2079222
1074	2080222
1075	2081222
1076	2082222
1077	2083222
1078	2084222
1079	2085222
1080	2086222
1081	2087222
1082	2088222
1083	2089222
1084	2090222
1085	2091222
1086	2092222
1087	2093222
1088	2094222
1089	2095222
1090	2096222
1091	2097222
1092	2098222
1093	2099222
1094	2100222
1095	2101222
1096	2102222
1097	2103222
1098	2104222
1099	2105222
1100	2106222
1101	2107222
1102	2108222
1103	2109222
1104	2110222
1105	2111222
1106	2112222
1107	2113222
1108	2114220
1109	2115222
1110	2116222
1111	2117222
1112	2118222
1113	2119222
1114	2120222
1115	2121222
1116	2122222
1117	2123222
1118	2124222
1119	2125222
1120	2126222
1121	2127222
1122	2128222
1123	2129222
1124	2130222
1125	2131222
1126	2132222
1127	2133222
1128	2134222
1129	2135222
1130	2136222
1131	2137222
1132	2138222
1133	2139222
1134	2140222
1135	2141222
1136	2142222
1137	2143222
1138	2144222
1139	2145222
1140	2146222
1141	2147222
1142	2148222
1143	2149222
1144	2150222
1145	2151222
1146	2152222
1147	2153222
1148	2154222
1149	2155222
1150	2156222
1151	2157222
1152	2158222
1153	2159222
1154	2160222
1155	2161222
1156	2162222
1157	2163222
1158	2164222
1159	2165222
1160	2166222
1161	2167222
1162	2168222
1163	2169222
1164	2170222
1165	2171222
1166	2172222
1167	2173222
1168	2174222
1169	2175222
1170	2176222
1171	2177222
1172	2178222
1173	2179222
1174	2180222
1175	2181222
1176	2182222
1177	2183222
1178	2184222
1179	2185222
1180	2186222
1181	2187222
1182	2188222
1183	2189222
1184	2190222
1185	2191222
1186	2192222
1187	2193222
1188	2194222
1189	2195222
1190	2196222
1191	2197222
1192	2198222
1193	2199222
1194	2200222
1195	2201222
1196	2202222
1197	2203222
1198	2204222
1199	2205222
1200	2206222
1201	2207222
1202	2208222
1203	2209222
1204	2210222
1205	2211222
1206	2212222
1207	2213222
1208	2214222
1209	2215222
1210	2216222
1211	2217222
1212	2218222
1213	2219222
1214	2220222
1215	2221222
1216	2222222
1217	2223222
1218	2224222
1219	2225222
1220	2226222
1221	2227222
1222	2228222
1223	2229222
1224	2230222
1225	2231222
1226	2232222
1227	2233222
1228	2234222
1229	2235222
1230	2236222
1231	2237222
1232	2238222
1233	2239222
1234	2240222
1235	2241222
1236	2242222
1237	2243222
1238	2244222
1239	2245222
1240	2246222
1241	2247222
1242	2248222
1243	2249222
1244	2250222
1245	2251222
1246	2252222
1247	2253222
1248	2254222
1249	2255222
1250	2256222
1251	2257222
1252	2258222
1253	2259222
1254	2260222
1255	2261222
1256	2262222
1257	2263222
1258	2264222
1259	2265222
1260	2266222
1261	2267222
1262	2268222
1263	2269222
1264	2270222
1265	2271222
1266	2272222
1267	2273222
1268	2274222
1269	2275222
1270	2276222
1271	2277222
1272	2278222
1273	2279222
1274	2280222
1275	2281222
1276	2282222
1277	2283222
1278	2284222
1279	2285222
1280	2286222
1281	2287222
1282	2288222
1283	2289222
1284	2290222
1285	2291222
1286	2292222
1287	2293222
1288	2294222
1289	2295222
1290	2296222
1291	2297222
1292	2298222
1293	2299222
1294	2300222
1295	2301222
1296	2302222
1297	2303221
1298	2304222
1299	2305222
1300	2306222
1301	2307222
1302	2308222
1303	2309222
1304	2310222
1305	2311222
1306	2312222
1307	2313222
1308	2314222
1309	2315222
1310	2316222
1311	2317222
1312	2318222
1313	2319222
1314	2320222
1315	2321222
1316	2322222
1317	2323222
1318	2324222
1319	2325222
1320	2326222
1321	2327222
1322	2328222
1323	2329222
1324	2330222
1325	2331222
1326	2332222
1327	2333222
1328	2334222
1329	2335222
1330	2336222
1331	2337222
1332	2338222
1333	2339222
1334	2340222
1335	2341222
1336	2342222
1337	2343222
1338	2344222
1339	2345222
1340	2346222
1341	2347222
1342	2348222
1343	2349222
1344	2350222
1345	2351222
1346	2352222
1347	2353222
1348	2354222
1349	2355222
1350	2356222
1351	2357222
1352	2358222
1353	2359222
1354	2360222
1355	2361222
1356	2362222
1357	2363222
1358	2364222
1359	2365222
1360	2366222
1361	2367222
1362	2368222
1363	2369222
1364	2370222
1365	2371222
1366	2372222
1367	2373222
1368	2374222
1369	2375222
1370	2376222
1371	2377222
1372	2378222
1373	2379222
1374	2380222
1375	2381222
1376	2382222
1377	2383222
1378	2384222
1379	2385222
1380	2386222
1381	2387222
1382	2388222
1383	2389222
1384	2390222
1385	2391222
1386	2392222
1387	2393222
1388	2394222
1389	2395222
1390	2396222
1391	2397222
1392	2398222
1393	2399222
1394	2400222
1395	2401222
1396	2402222
1397	2403222
1398	2404222
1399	2405222
1400	2406222
1401	2407222
1402	2408222
1403	2409222
1404	2410222
1405	2411222
1406	2412222
1407	2413222
1408	2414222
1409	2415222
1410	2416222
1411	2417222
1412	2418222
1413	2419222
1414	2420222
1415	2421222
1416	2422222
1417	2423222
1418	2424222
1419	2425222
1420	2426222
1421	2427222
1422	2428222
1423	2429222
1424	2430222
1425	2431222
1426	2432222
1427	2433222
1428	2434222
1429	2435222
1430	2436222
1431	2437222
1432	2438222
1433	2439222
1434	2440222
1435	2441222
1436	2442222
1437	2443222
1438	2444222
1439	2445222
1440	2446222
1441	2447222
1442	2448222
1443	2449222
1444	2450222
1445	2451222
1446	2452222
1447	2453222
1448	2454222
1449	2455222
1450	2456222
1451	2457222
1452	2458222
1453	2459222
1454	2460222
1455	2461222
1456	2462222
1457	2463222
1458	2464222
1459	2465222
1460	2466222
1461	2467222
1462	2468222
1463	2469222
1464	2470222
1465	2471222
1466	2472222
1467	2473222
1468	2474222
1469	2475222
1470	2476222
1471	2477222
1472	2478222
1473	2479222
1474	2480222
1475	2481222
1476	2482222
1477	2483222
1478	2484222
1479	2485222
1480	2486222
1481	2487222
1482	2488222
1483	2489222
1484	2490222
1485	2491222
1486	2492222
1487	2493222
1488	2494222
1489	2495222
1490	2496222
1491	2497222
1492	2498222
1493	2499222
1494	2500222
1495	2501222
1496	2502222
1497	2503222
1498	2504222
1499	2505222
1500	2506222
1501	2507222
1502	2508222
1503	2509222
1504	2510222
1505	2511222
1506	2512222
1507	2513222
1508	2514222
1509	2515222
1510	2516222
1511	2517222
1512	2518222
1513	2519222
1514	2520222
1515	2521222
1516	2522222
1517	2523222
1518	2524222
1519	2525222
1520	2526222
1521	2527222
1522	2528222
1523	2529222
1524	2530222
1525	2531222
1526	2532222
1527	2533222
1528	2534222
1529	2535222
1530	2536222
1531	2537222
1532	2538222
1533	2539222
1534	2540222
1535	2541222
1536	2542222
1537	2543222
1538	2544222
1539	2545222
1540	2546222
1541	2547222
1542	2548222
1543	2549222
1544	2550222
1545	2551222
1546	2552222
1547	2553222
1548	2554222
1549	2555222
1550	2556222
1551	2557222
1552	2558222
1553	2559221
1554	2560222
1555	2561222
1556	2562222
1557	2563222
1558	2564222
1559	2565222
1560	2566222
1561	2567222
1562	2568222
1563	2569222
1564	2570222
1565	2571222
1566	2572222
1567	2573222
1568	2574222
1569	2575222
1570	2576222
1571	2577222
1572	2578222
1573	2579222
1574	2580222
1575	2581222
1576	2582222
1577	2583222
1578	2584222
1579	2585222
1580	2586222
1581	2587222
1582	2588222
1583	2589222
1584	2590222
1585	2591222
1586	2592222
1587	2593222
1588	2594222
1589	2595222
1590	2596222
1591	2597222
1592	2598222
1593	2599222
1594	2600222
1595	2601222
1596	2602222
1597	2603222
1598	2604222
1599	2605222
1600	2606222
1601	2607222
1602	2608222
1603	2609222
1604	2610222
1605	2611222
1606	2612222
1607	2613222
1608	2614222
1609	2615222
1610	2616222
1611	2617222
1612	2618222
1613	2619222
1614	2620222
1615	2621222
1616	2622222
1617	2623222
1618	2624222
1619	2625222
1620	2626222
1621	2627222
1622	2628222
1623	2629222
1624	2630222
1625	2631222
1626	2632222
1627	2633222
1628	2634222
1629	2635222
1630	2636222
1631	2637222
1632	2638222
1633	2639222
1634	2640222
1635	2641222
1636	2642222
1637	2643222
1638	2644222
1639	2645222
1640	2646222
1641	2647222
1642	2648222
1643	2649222
1644	2650222
1645	2651222
1646	2652222
1647	2653222
1648	2654222
1649	2655222
1650	2656222
1651	2657222
1652	2658222
1653	2659222
1654	2660222
1655	2661222
1656	2662222
1657	2663222
1658	2664222
1659	2665222
1660	2666222
1661	2667222
1662	2668222
1663	2669222
1664	2670222
1665	2671222
1666	2672222
1667	2673222
1668	2674222
1669	2675222
1670	2676222
1671	2677222
1672	2678222
1673	2679222
1674	2680222
1675	2681222
1676	2682222
1677	2683222
1678	2684222
1679	2685222
1680	2686222
1681	2687222
1682	2688222
1683	2689222
1684	2690222
1685	2691222
1686	2692222
1687	2693222
1688	2694222
1689	2695222
1690	2696222
1691	2697222
1692	2698222
1693	2699222
1694	2700222
1695	2701222
1696	2702222
1697	2703222
1698	2704222
1699	2705222
1700	2706222
1701	2707222
1702	2708222
1703	2709222
1704	2710222
1705	2711222
1706	2712222
1707	2713222
1708	2714222
1709	2715222
1710	2716222
1711	2717222
1712	2718222
1713	2719222
1714	2720222
1715	2721222
1716	2722222
1717	2723222
1718	2724222
1719	2725222
1720	2726222
1721	2727222
1722	2728222
1723	2729222
1724	2730222
1725	2731222
1726	2732222
1727	2733222
1728	2734222
1729	2735222
1730	2736222
1731	2737222
1732	2738222
1733	2739222
1734	2740222
1735	2741222
1736	2742222
1737	2743222
1738	2744222
1739	2745222
1740	2746222
1741	2747222
1742	2748222
1743	2749222
1744	2750222
1745	2751222
1746	2752222
1747	2753222
1748	2754222
1749	2755222
1750	2756222
1751	2757222
1752	2758222
1753	2759222
1754	2760222
1755	2761222
1756	2762222
1757	2763222
1758	2764222
1759	2765222
1760	2766222
1761	2767222
1762	2768222
1763	2769222
1764	2770222
1765	2771222
1766	2772222
1767	2773222
1768	2774222
1769	2775222
1770	2776222
1771	2777222
1772	2778222
1773	2779222
1774	2780222
1775	2781222
1776	2782222
1777	2783222
1778	2784222
1779	2785222
1780	2786222
1781	2787222
1782	2788222
1783	2789222
1784	2790222
1785	2791222
1786	2792222
1787	2793222
1788	2794222
1789	2795222
1790	2796222
1791	2797222
1792	2798222
1793	2799222
1794	2800222
1795	2801222
1796	2802222
1797	2803222
1798	2804222
1799	2805222
1800	2806222
1801	2807222
1802	2808222
1803	2809222
1804	2810222
1805	2811222
1806	2812222
1807	2813222
1808	2814222
1809	2815221
1810	2816222
1811	2817222
1812	2818222
1813	2819222
1814	2820222
1815	2821222
1816	2822222
1817	2823222
1818	2824222
1819	2825222
1820	2826222
1821	2827222
1822	2828222
1823	2829222
1824	2830222
1825	2831222
1826	2832222
1827	2833222
1828	2834222
1829	2835222
1830	2836222
1831	2837222
1832	2838222
1833	2839222
1834	2840222
1835	2841222
1836	2842222
1837	2843222
1838	2844222
1839	2845222
1840	2846222
1841	2847222
1842	2848222
1843	2849222
1844	2850222
1845	2851222
1846	2852222
1847	2853222
1848	2854222
1849	2855222
1850	2856222
1851	2857222
1852	2858222
1853	2859222
1854	2860222
1855	2861222
1856	2862222
1857	2863222
1858	2864222
1859	2865222
1860	2866222
1861	2867222
1862	2868222
1863	2869222
1864	2870222
1865	2871222
1866	2872222
1867	2873222
1868	2874222
1869	2875222
1870	2876222
1871	2877222
1872	2878222
1873	2879222
1874	2880222
1875	2881222
1876	2882222
1877	2883222
1878	2884222
1879	2885222
1880	2886222
1881	2887222
1882	2888222
1883	2889222
1884	2890222
1885	2891222
1886	2892222
1887	2893222
1888	2894222
1889	2895222
1890	2896222
1891	2897222
1892	2898222
1893	2899222
1894	2900222
1895	2901222
1896	2902222
1897	2903222
1898	2904222
1899	2905222
1900	2906222
1901	2907222
1902	2908222
1903	2909222
1904	2910222
1905	2911222
1906	2912222
1907	2913222
1908	2914222
1909	2915222
1910	2916222
1911	2917222
1912	2918222
1913	2919222
1914	2920222
1915	2921222
1916	2922222
1917	2923222
1918	2924222
1919	2925222
1920	2926222
1921	2927222
1922	2928222
1923	2929222
1924	2930222
1925	2931222
1926	2932222
1927	2933222
1928	2934222
1929	2935222
1930	2936222
1931	2937222
1932	2938222
1933	2939222
1934	2940222
1935	2941222
1936	2942222
1937	2943222
1938	2944222
1939	2945222
1940	2946222
1941	2947222
1942	2948222
1943	2949222
1944	2950222
1945	2951222
1946	2952222
1947	2953222
1948	2954222
1949	2955222
1950	2956222
1951	2957222
1952	2958222
1953	2959222
1954	2960222
1955	2961222
1956	2962222
1957	2963222
1958	2964222
1959	2965222
1960	2966222
1961	2967222
1962	2968222
1963	2969222
1964	2970222
1965	2971222
1966	2972222
1967	2973222
1968	2974222
1969	2975222
1970	2976222
1971	2977222
1972	2978222
1973	2979222
1974	2980222
1975	2981222
1976	2982222
1977	2983222
1978	2984222
1979	2985222
1980	2986222
1981	2987222
1982	2988222
1983	2989222
1984	2990222
1985	2991222
1986	2992222
1987	2993222
1988	2994222
1989	2995222
1990	2996222
1991	2997222
1992	2998222
1993	2999222
1994	3000222
1995	3001222
1996	3002222
1997	3003222
1998	3004222
1999	3005222
2000	3006222
2001	3007222
2002	3008222
2003	3009222
2004	3010222
2005	3011222
2006	3012222
2007	3013222
2008	3014222
2009	3015222
2010	3016222
2011	3017222
2012	3018222
2013	3019222
2014	3020222
2015	3021222
2016	3022222
2017	3023222
2018	3024222
2019	3025222
2020	3026222
2021	3027222
2022	3028222
2023	3029222
2024	3030222
2025	3031222
2026	3032222
2027	3033222
2028	3034222
2029	3035222
2030	3036222
2031	3037222
2032	3038222
2033	3039222
2034	3040222
2035	3041222
2036	3042222
2037	3043222
2038	3044222
2039	3045222
2040	3046222
2041	3047222
2042	3048222
2043	3049222
2044	3050222
2045	3051222
2046	3052222
2047	3053222
2048	3054222
2049	3055222
2050	3056222
2051	3057222
2052	3058222
2053	3059222
2054	3060222
2055	3061222
2056	3062222
2057	3063222
2058	3064222
2059	3065222
2060	3066222
2061	3067222
2062	3068222
2063	3069222
2064	3070222
2065	3071221
2066	3072222
2067	3073222
2068	3074222
2069	3075222
2070	3076222
2071	3077222
2072	3078222
2073	3079222
2074	3080222
2075	3081222
2076	3082222
2077	3083222
2078	3084222
2079	3085222
2080	3086222
2081	3087222
2082	3088222
2083	3089222
2084	3090222
2085	3091222
2086	3092222
2087	3093222
2088	3094222
2089	3095222
2090	3096222
2091	3097222
2092	3098222
2093	3099222
2094	3100222
2095	3101222
2096	3102222
2097	3103222
2098	3104222
2099	3105222
2100	3106222
2101	3107222
2102	3108222
2103	3109222
2104	3110222
2105	3111222
2106	3112222
2107	3113222
2108	3114222
2109	3115222
2110	3116222
2111	3117222
2112	3118222
2113	3119222
2114	3120222
2115	3121222
2116	3122222
2117	3123222
2118	3124222
2119	3125222
2120	3126222
2121	3127222
2122	3128222
2123	3129222
2124	3130222
2125	3131222
2126	3132222
2127	3133222
2128	3134222
2129	3135222
2130	3136222
2131	3137222
2132	3138222
2133	3139222
2134	3140222
2135	3141222
2136	3142222
2137	3143222
2138	3144222
2139	3145222
2140	3146222
2141	3147222
2142	3148222
2143	3149222
2144	3150222
2145	3151222
2146	3152222
2147	3153222
2148	3154222
2149	3155222
2150	3156222
2151	3157222
2152	3158222
2153	3159222
2154	3160222
2155	3161222
2156	3162222
2157	3163222
2158	3164222
2159	3165222
2160	3166222
2161	3167222
2162	3168222
2163	3169222
2164	3170222
2165	3171222
2166	3172222
2167	3173222
2168	3174222
2169	3175222
2170	3176222
2171	3177222
2172	3178222
2173	3179222
2174	3180222
2175	3181222
2176	3182222
2177	3183222
2178	3184222
2179	3185222
2180	3186222
2181	3187222
2182	3188222
2183	3189222
2184	3190222
2185	3191222
2186	3192222
2187	3193222
2188	3194222
2189	3195222
2190	3196222
2191	3197222
2192	3198222
2193	3199222
2194	3200222
2195	3201222
2196	3202222
2197	3203222
2198	3204222
2199	3205222
2200	3206222
2201	3207222
2202	3208222
2203	3209222
2204	3210222
2205	3211222
2206	3212222
2207	3213222
2208	3214222
2209	3215222
2210	3216222
2211	3217222
2212	3218222
2213	3219222
2214	3220222
2215	3221222
2216	3222222
2217	3223222
2218	3224222
2219	3225222
2220	3226222
2221	3227222
2222	3228222
2223	3229222
2224	3230222
2225	3231222
2226	3232222
2227	3233222
2228	3234222
2229	3235222
2230	3236222
2231	3237222
2232	3238222
2233	3239222
2234	3240222
2235	3241222
2236	3242222
2237	3243222
2238	3244222
2239	3245222
2240	3246222
2241	3247222
2242	3248222
2243	3249222
2244	3250222
2245	3251222
2246	3252222
2247	3253222
2248	3254222
2249	3255222
2250	3256222
2251	3257222
2252	3258222
2253	3259222
2254	3260222
2255	3261222
2256	3262222
2257	3263222
2258	3264222
2259	3265222
2260	3266222
2261	3267222
2262	3268222
2263	3269222
2264	3270222
2265	3271222
2266	3272222
2267	3273222
2268	3274222
2269	3275222
2270	3276222
2271	3277222
2272	3278222
2273	3279222
2274	3280222
2275	3281222
2276	3282222
2277	3283222
2278	3284222
2279	3285222
2280	3286222
2281	3287222
2282	3288222
2283	3289222
2284	3290222
2285	3291222
2286	3292222
2287	3293222
2288	3294222
2289	3295222
2290	3296222
2291	3297222
2292	3298222
2293	3299222
2294	3300222
2295	3301222
2296	3302222
2297	3303222
2298	3304222
2299	3305222
2300	3306222
2301	3307222
2302	3308222
2303	3309222
2304	3310222
2305	3311222
2306	3312222
2307	3313222
2308	3314222
2309	3315222
2310	3316222
2311	3317222
2312	3318222
2313	3319222
2314	3320222
2315	3321222
2316	3322222
2317	3323222
2318	3324222
2319	3325222
2320	3326222
2321	3327221
2322	3328222
2323	3329222
2324	3330222
2325	3331222
2326	3332222
2327	3333222
2328	3334222
2329	3335222
2330	3336222
2331	3337222
2332	3338222
2333	3339222
2334	3340222
2335	3341222
2336	3342222
2337	3343222
2338	3344222
2339	3345222
2340	3346222
2341	3347222
2342	3348222
2343	3349222
2344	3350222
2345	3351222
2346	3352222
2347	3353222
2348	3354222
2349	3355222
2350	3356222
2351	3357222
2352	3358222
2353	3359222
2354	3360222
2355	3361222
2356	3362222
2357	3363222
2358	3364222
2359	3365222
2360	3366222
2361	3367222
2362	3368222
2363	3369222
2364	3370222
2365	3371222
2366	3372222
2367	3373222
2368	3374222
2369	3375222
2370	3376222
2371	3377222
2372	3378222
2373	3379222
2374	3380222
2375	3381222
2376	3382222
2377	3383222
2378	3384222
2379	3385222
2380	3386222
2381	3387222
2382	3388222
2383	3389222
2384	3390222
2385	3391222
2386	3392222
2387	3393222
2388	3394222
2389	3395222
2390	3396222
2391	3397222
2392	3398222
2393	3399222
2394	3400222
2395	3401222
2396	3402222
2397	3403222
2398	3404222
2399	3405222
2400	3406222
2401	3407222
2402	3408222
2403	3409222
2404	3410222
2405	3411222
2406	3412222
2407	3413222
2408	3414222
2409	3415222
2410	3416222
2411	3417222
2412	3418222
2413	3419222
2414	3420222
2415	3421222
2416	3422222
2417	3423222
2418	3424222
2419	3425222
2420	3426222
2421	3427222
2422	3428222
2423	3429222
2424	3430222
2425	3431222
2426	3432222
2427	3433222
2428	3434222
2429	3435222
2430	3436222
2431	3437222
2432	3438222
2433	3439222
2434	3440222
2435	3441222
2436	3442222
2437	3443222
2438	3444222
2439	3445222
2440	3446222
2441	3447222
2442	3448222
2443	3449222
2444	3450222
2445	3451222
2446	3452222
2447	3453222
2448	3454222
2449	3455222
2450	3456222
2451	3457222
2452	3458222
2453	3459222
2454	3460222
2455	3461222
2456	3462222
2457	3463222
2458	3464222
2459	3465222
2460	3466222
2461	3467222
2462	3468222
2463	3469222
2464	3470222
2465	3471222
2466	3472222
2467	3473222
2468	3474222
2469	3475222
2470	3476222
2471	3477222
2472	3478222
2473	3479222
2474	3480222
2475	3481222
2476	3482222
2477	3483222
2478	3484222
2479	3485222
2480	3486222
2481	3487222
2482	3488222
2483	3489222
2484	3490222
2485	3491222
2486	3492222
2487	3493222
2488	3494222
2489	3495222
2490	3496222
2491	3497222
2492	3498222
2493	3499222
2494	3500222
2495	3501222
2496	3502222
2497	3503222
2498	3504222
2499	3505222
2500	3506222
2501	3507222
2502	3508222
2503	3509222
2504	3510222
2505	3511222
2506	3512222
2507	3513222
2508	3514222
2509	3515222
2510	3516222
2511	3517222
2512	3518222
2513	3519222
2514	3520222
2515	3521222
2516	3522222
2517	3523222
2518	3524222
2519	3525222
2520	3526222
2521	3527222
2522	3528222
2523	3529222
2524	3530222
2525	3531222
2526	3532222
2527	3533222
2528	3534222
2529	3535222
2530	3536222
2531	3537222
2532	3538222
2533	3539222
2534	3540222
2535	3541222
2536	3542222
2537	3543222
2538	3544222
2539	3545222
2540	3546222
2541	3547222
2542	3548222
2543	3549222
2544	3550222
2545	3551222
2546	3552222
2547	3553222
2548	3554222
2549	3555222
2550	3556222
2551	3557222
2552	3558222
2553	3559222
2554	3560222
2555	3561222
2556	3562222
2557	3563222
2558	3564222
2559	3565222
2560	3566222
2561	3567222
2562	3568222
2563	3569222
2564	3570222
2565	3571222
2566	3572222
2567	3573222
2568	3574222
2569	3575222
2570	3576222
2571	3577222
2572	3578222
2573	3579222
2574	3580222
2575	3581222
2576	3582222
2577	3583221
2578	3584222
2579	3585222
2580	3586222
2581	3587222
2582	3588222
2583	3589222
2584	3590222
2585	3591222
2586	3592222
2587	3593222
2588	3594222
2589	3595222
2590	3596222
2591	3597222
2592	3598222
2593	3599222
2594	3600222
2595	3601222
2596	3602222
2597	3603222
2598	3604222
2599	3605222
2600	3606222
2601	3607222
2602	3608222
2603	3609222
2604	3610222
2605	3611222
2606	3612222
2607	3613222
2608	3614222
2609	3615222
2610	3616222
2611	3617222
2612	3618222
2613	3619222
2614	3620222
2615	3621222
2616	3622222
2617	3623222
2618	3624222
2619	3625222
2620	3626222
2621	3627222
2622	3628222
2623	3629222
2624	3630222
2625	3631222
2626	3632222
2627	3633222
2628	3634222
2629	3635222
2630	3636222
2631	3637222
2632	3638222
2633	3639222
2634	3640222
2635	3641222
2636	3642222
2637	3643222
2638	3644222
2639	3645222
2640	3646222
2641	3647222
2642	3648222
2643	3649222
2644	3650221
2645	3651222
2646	3652222
2647	3653222
2648	3654222
2649	3655222
2650	3656222
2651	3657222
2652	3658222
2653	3659222
2654	3660222
2655	3661222
2656	3662222
2657	3663222
2658	3664222
2659	3665222
2660	3666222
2661	3667222
2662	3668222
2663	3669222
2664	3670222
2665	3671222
2666	3672222
2667	3673222
2668	3674222
2669	3675222
2670	3676222
2671	3677222
2672	3678222
2673	3679222
2674	3680222
2675	3681222
2676	3682222
2677	3683222
2678	3684222
2679	3685222
2680	3686222
2681	3687222
2682	3688222
2683	3689222
2684	3690222
2685	3691222
2686	3692222
2687	3693222
2688	3694222
2689	3695222
2690	3696222
2691	3697222
2692	3698222
2693	3699222
2694	3700222
2695	3701222
2696	3702222
2697	3703222
2698	3704222
2699	3705222
2700	3706222
2701	3707222
2702	3708222
2703	3709222
2704	3710222
2705	3711222
2706	3712222
2707	3713222
2708	3714222
2709	3715222
2710	3716222
2711	3717222
2712	3718222
2713	3719222
2714	3720222
2715	3721222
2716	3722222
2717	3723222
2718	3724222
2719	3725222
2720	3726222
2721	3727222
2722	3728222
2723	3729222
2724	3730222
2725	3731222
2726	3732222
2727	3733222
2728	3734222
2729	3735222
2730	3736222
2731	3737222
2732	3738222
2733	3739222
2734	3740222
2735	3741222
2736	3742222
2737	3743222
2738	3744222
2739	3745222
2740	3746222
2741	3747222
2742	3748222
2743	3749222
2744	3750222
2745	3751222
2746	3752222
2747	3753222
2748	3754222
2749	3755222
2750	3756222
2751	3757222
2752	3758222
2753	3759222
2754	3760222
2755	3761222
2756	3762222
2757	3763222
2758	3764222
2759	3765222
2760	3766222
2761	3767222
2762	3768222
2763	3769222
2764	3770222
2765	3771222
2766	3772222
2767	3773222
2768	3774222
2769	3775222
2770	3776222
2771	3777222
2772	3778222
2773	3779222
2774	3780222
2775	3781222
2776	3782222
2777	3783222
2778	3784222
2779	3785222
2780	3786222
2781	3787222
2782	3788222
2783	3789222
2784	3790222
2785	3791222
2786	3792222
2787	3793222
2788	3794222
2789	3795222
2790	3796222
2791	3797222
2792	3798222
2793	3799222
2794	3800222
2795	3801222
2796	3802222
2797	3803222
2798	3804222
2799	3805222
2800	3806227
2801	3807222
2802	3808222
2803	3809222
2804	3810222
2805	3811222
2806	3812222
2807	3813222
2808	3814222
2809	3815222
2810	3816222
2811	3817222
2812	3818222
2813	3819222
2814	3820222
2815	3821222
2816	3822222
2817	3823222
2818	3824222
2819	3825222
2820	3826222
2821	3827222
2822	3828222
2823	3829222
2824	3830222
2825	3831222
2826	3832222
2827	3833222
2828	3834222
2829	3835222
2830	3836222
2831	3837222
2832	3838222
2833	3839221
2834	3840222
2835	3841222
2836	3842222
2837	3843222
2838	3844222
2839	3845222
2840	3846222
2841	3847222
2842	3848222
2843	3849222
2844	3850222
2845	3851222
2846	3852222
2847	3853222
2848	3854222
2849	3855222
2850	3856222
2851	3857222
2852	3858222
2853	3859222
2854	3860222
2855	3861222
2856	3862222
2857	3863222
2858	3864222
2859	3865222
2860	3866222
2861	3867222
2862	3868222
2863	3869222
2864	3870222
2865	3871222
2866	3872222
2867	3873222
2868	3874222
2869	3875222
2870	3876222
2871	3877222
2872	3878222
2873	3879222
2874	3880222
2875	3881222
2876	3882222
2877	3883222
2878	3884222
2879	3885222
2880	3886222
2881	3887222
2882	3888222
2883	3889222
2884	3890222
2885	3891222
2886	3892222
2887	3893222
2888	3894222
2889	3895222
2890	3896222
2891	3897222
2892	3898222
2893	3899222
2894	3900222
2895	3901222
2896	3902222
2897	3903222
2898	3904222
2899	3905222
2900	3906222
2901	3907222
2902	3908222
2903	3909222
2904	3910222
2905	3911222
2906	3912222
2907	3913222
2908	3914222
2909	3915222
2910	3916222
2911	3917222
2912	3918222
2913	3919222
2914	3920222
2915	3921222
2916	3922222
2917	3923222
2918	3924222
2919	3925222
2920	3926222
2921	3927222
2922	3928222
2923	3929222
2924	3930222
2925	3931222
2926	3932222
2927	3933222
2928	3934222
2929	3935222
2930	3936222
2931	3937222
2932	3938222
2933	3939222
2934	3940222
2935	3941222
2936	3942222
2937	3943222
2938	3944222
2939	3945222
2940	3946222
2941	3947222
2942	3948222
2943	3949222
2944	3950222
2945	3951222
2946	3952222
2947	3953222
2948	3954222
2949	3955222
2950	3956222
2951	3957222
2952	3958222
2953	3959222
2954	3960222
2955	3961222
2956	3962222
2957	3963222
2958	3964222
2959	3965222
2960	3966222
2961	3967222
2962	3968222
2963	3969222
2964	3970222
2965	3971222
2966	3972222
2967	3973222
2968	3974222
2969	3975222
2970	3976222
2971	3977222
2972	3978222
2973	3979222
2974	3980222
2975	3981222
2976	3982222
2977	3983222
2978	3984222
2979	3985222
2980	3986222
2981	3987222
2982	3988222
2983	3989222
2984	3990222
2985	3991222
2986	3992222
2987	3993222
2988	3994222
2989	3995222
2990	3996222
2991	3997222
2992	3998222
2993	3999222
2994	4000222
2995	4001222
2996	4002222
2997	4003222
2998	4004222
2999	4005222
3000	4006222
3001	4007222
3002	4008222
3003	4009222
3004	4010222
3005	4011222
3006	4012222
3007	4013222
3008	4014222
3009	4015222
3010	4016222
3011	4017222
3012	4018222
3013	4019222
3014	4020222
3015	4021222
3016	4022222
3017	4023222
3018	4024222
3019	4025222
3020	4026222
3021	4027222
3022	4028222
3023	4029222
3024	4030222
3025	4031222
3026	4032222
3027	4033222
3028	4034222
3029	4035222
3030	4036222
3031	4037222
3032	4038222
3033	4039222
3034	4040222
3035	4041222
3036	4042222
3037	4043222
3038	4044222
3039	4045222
3040	4046222
3041	4047222
3042	4048222
3043	4049222
3044	4050222
3045	4051222
3046	4052222
3047	4053222
3048	4054222
3049	4055222
3050	4056222
3051	4057222
3052	4058222
3053	4059222
3054	4060222
3055	4061222
3056	4062222
3057	4063222
3058	4064222
3059	4065222
3060	4066222
3061	4067222
3062	4068222
3063	4069222
3064	4070222
3065	4071222
3066	4072222
3067	4073222
3068	4074222
3069	4075222
3070	4076222
3071	4077222
3072	4078222
3073	4079222
3074	4080222
3075	4081222
3076	4082222
3077	4083222
3078	4084222
3079	4085222
3080	4086222
3081	4087222
3082	4088222
3083	4089222
3084	4090222
3085	4091222
3086	4092222
3087	4093222
3088	4094222
3089	4095221
3090	4096222
3091	4097222
3092	4098222
3093	4099222
3094	4100222
3095	4101222
3096	4102222
3097	4103222
3098	4104222
3099	4105222
3100	4106222
3101	4107222
3102	4108222
3103	4109222
3104	4110222
3105	4111222
3106	4112222
3107	4113222
3108	4114222
3109	4115222
3110	4116222
3111	4117222
3112	4118222
3113	4119222
3114	4120222
3115	4121222
3116	4122222
3117	4123222
3118	4124222
3119	4125222
3120	4126222
3121	4127222
3122	4128222
3123	4129222
3124	4130222
3125	4131222
3126	4132222
3127	4133222
3128	4134222
3129	4135222
3130	4136222
3131	4137222
3132	4138222
3133	4139222
3134	4140222
3135	4141222
3136	4142222
3137	4143222
3138	4144222
3139	4145222
3140	4146222
3141	4147222
3142	4148222
3143	4149222
3144	4150222
3145	4151222
3146	4152222
3147	4153222
3148	4154222
3149	4155222
3150	4156222
3151	4157222
3152	4158222
3153	4159222
3154	4160222
3155	4161222
3156	4162222
3157	4163222
3158	4164222
3159	4165222
3160	4166222
3161	4167222
3162	4168222
3163	4169222
3164	4170222
3165	4171222
3166	4172222
3167	4173222
3168	4174222
3169	4175222
3170	4176222
3171	4177222
3172	4178222
3173	4179222
3174	4180222
3175	4181222
3176	4182222
3177	4183222
3178	4184222
3179	4185222
3180	4186222
3181	4187222
3182	4188222
3183	4189222
3184	4190222
3185	4191222
3186	4192222
3187	4193222
3188	4194222
3189	4195222
3190	4196222
3191	4197222
3192	4198222
3193	4199222
3194	4200222
3195	4201222
3196	4202222
3197	4203222
3198	4204222
3199	4205222
3200	4206222
3201	4207222
3202	4208222
3203	4209222
3204	4210222
3205	4211222
3206	4212222
3207	4213222
3208	4214222
3209	4215222
3210	4216222
3211	4217222
3212	4218222
3213	4219222
3214	4220222
3215	4221222
3216	4222222
3217	4223222
3218	4224222
3219	4225222
3220	4226222
3221	4227222
3222	4228222
3223	4229222
3224	4230222
3225	4231222
3226	4232222
3227	4233222
3228	4234222
3229	4235222
3230	4236222
3231	4237222
3232	4238222
3233	4239222
3234	4240222
3235	4241222
3236	4242222
3237	4243222
3238	4244222
3239	4245222
3240	4246222
3241	4247222
3242	4248222
3243	4249222
3244	4250222
3245	4251222
3246	4252222
3247	4253222
3248	4254222
3249	4255222
3250	4256222
3251	4257222
3252	4258222
3253	4259222
3254	4260222
3255	4261222
3256	4262222
3257	4263222
3258	4264222
3259	4265222
3260	4266222
3261	4267222
3262	4268222
3263	4269222
3264	4270222
3265	4271222
3266	4272222
3267	4273222
3268	4274222
3269	4275222
3270	4276222
3271	4277222
3272	4278222
3273	4279222
3274	4280222
3275	4281222
3276	4282222
3277	4283222
3278	4284222
3279	4285222
3280	4286222
3281	4287222
3282	4288222
3283	4289222
3284	4290222
3285	4291222
3286	4292222
3287	4293222
3288	4294222
3289	4295222
3290	4296222
3291	4297222
3292	4298222
3293	4299222
3294	4300222
3295	4301222
3296	4302222
3297	4303222
3298	4304222
3299	4305222
3300	4306222
3301	4307222
3302	4308222
3303	4309222
3304	4310222
3305	4311222
3306	4312222
3307	4313222
3308	4314222
3309	4315222
3310	4316222
3311	4317222
3312	4318222
3313	4319222
3314	4320222
3315	4321222
3316	4322222
3317	4323222
3318	4324222
3319	4325222
3320	4326222
3321	4327222
3322	4328222
3323	4329222
3324	4330222
3325	4331222
3326	4332222
3327	4333222
3328	4334222
3329	4335222
3330	4336222
3331	4337222
3332	4338222
3333	4339222
3334	4340222
3335	4341222
3336	4342222
3337	4343222
3338	4344222
3339	4345222
3340	4346222
3341	4347222
3342	4348222
3343	4349222
3344	4350222
3345	4351221
3346	4352222
3347	4353222
3348	4354222
3349	4355222
3350	4356222
3351	4357222
3352	4358222
3353	4359222
3354	4360222
3355	4361222
3356	4362222
3357	4363222
3358	4364222
3359	4365222
3360	4366222
3361	4367222
3362	4368222
3363	4369222
3364	4370222
3365	4371222
3366	4372222
3367	4373222
3368	4374222
3369	4375222
3370	4376222
3371	4377222
3372	4378222
3373	4379222
3374	4380222
3375	4381222
3376	4382222
3377	4383222
3378	4384222
3379	4385222
3380	4386222
3381	4387222
3382	4388222
3383	4389222
3384	4390222
3385	4391222
3386	4392222
3387	4393222
3388	4394222
3389	4395222
3390	4396222
3391	4397222
3392	4398222
3393	4399222
3394	4400222
3395	4401222
3396	4402222
3397	4403222
3398	4404222
3399	4405222
3400	4406222
3401	4407222
3402	4408222
3403	4409222
3404	4410222
3405	4411222
3406	4412222
3407	4413222
3408	4414222
3409	4415222
3410	4416222
3411	4417222
3412	4418222
3413	4419222
3414	4420222
3415	4421222
3416	4422222
3417	4423222
3418	4424222
3419	4425222
3420	4426222
3421	4427222
3422	4428222
3423	4429222
3424	4430222
3425	4431222
3426	4432222
3427	4433222
3428	4434222
3429	4435222
3430	4436222
3431	4437222
3432	4438222
3433	4439222
3434	4440222
3435	4441222
3436	4442222
3437	4443222
3438	4444222
3439	4445222
3440	4446222
3441	4447222
3442	4448222
3443	4449222
3444	4450222
3445	4451222
3446	4452222
3447	4453222
3448	4454222
3449	4455222
3450	4456222
3451	4457222
3452	4458222
3453	4459222
3454	4460222
3455	4461222
3456	4462222
3457	4463222
3458	4464222
3459	4465222
3460	4466222
3461	4467222
3462	4468222
3463	4469222
3464	4470222
3465	4471222
3466	4472222
3467	4473222
3468	4474222
3469	4475222
3470	4476222
3471	4477222
3472	4478222
3473	4479222
3474	4480222
3475	4481222
3476	4482222
3477	4483222
3478	4484222
3479	4485222
3480	4486222
3481	4487222
3482	4488222
3483	4489222
3484	4490222
3485	4491222
3486	4492222
3487	4493222
3488	4494222
3489	4495222
3490	4496222
3491	4497222
3492	4498222
3493	4499222
3494	4500222
3495	4501222
3496	4502222
3497	4503222
3498	4504222
3499	4505222
3500	4506222
3501	4507222
3502	4508222
3503	4509222
3504	4510222
3505	4511222
3506	4512222
3507	4513222
3508	4514222
3509	4515222
3510	4516222
3511	4517222
3512	4518222
3513	4519222
3514	4520222
3515	4521222
3516	4522222
3517	4523222
3518	4524222
3519	4525222
3520	4526222
3521	4527222
3522	4528222
3523	4529222
3524	4530222
3525	4531222
3526	4532222
3527	4533222
3528	4534222
3529	4535222
3530	4536222
3531	4537222
3532	4538222
3533	4539222
3534	4540222
3535	4541222
3536	4542222
3537	4543222
3538	4544222
3539	4545222
3540	4546222
3541	4547222
3542	4548222
3543	4549222
3544	4550222
3545	4551222
3546	4552222
3547	4553222
3548	4554222
3549	4555222
3550	4556222
3551	4557222
3552	4558222
3553	4559222
3554	4560222
3555	4561222
3556	4562222
3557	4563222
3558	4564222
3559	4565222
3560	4566222
3561	4567222
3562	4568222
3563	4569222
3564	4570222
3565	4571222
3566	4572222
3567	4573222
3568	4574222
3569	4575222
3570	4576222
3571	4577222
3572	4578222
3573	4579222
3574	4580222
3575	4581222
3576	4582222
3577	4583222
3578	4584222
3579	4585222
3580	4586222
3581	4587222
3582	4588222
3583	4589222
3584	4590222
3585	4591222
3586	4592222
3587	4593222
3588	4594222
3589	4595222
3590	4596222
3591	4597222
3592	4598222
3593	4599222
3594	4600222
3595	4601222
3596	4602222
3597	4603222
3598	4604222
3599	4605222
3600	4606222
3601	4607221
3602	4608222
3603	4609222
3604	4610222
3605	4611222
3606	4612222
3607	4613222
3608	4614222
3609	4615222
3610	4616222
3611	4617222
3612	4618222
3613	4619222
3614	4620222
3615	4621222
3616	4622222
3617	4623222
3618	4624222
3619	4625222
3620	4626222
3621	4627222
3622	4628222
3623	4629222
3624	4630222
3625	4631222
3626	4632222
3627	4633222
3628	4634222
3629	4635222
3630	4636222
3631	4637222
3632	4638222
3633	4639222
3634	4640222
3635	4641222
3636	4642222
3637	4643222
3638	4644222
3639	4645222
3640	4646222
3641	4647222
3642	4648222
3643	4649222
3644	4650222
3645	4651222
3646	4652222
3647	4653222
3648	4654222
3649	4655222
3650	4656222
3651	4657222
3652	4658222
3653	4659222
3654	4660222
3655	4661222
3656	4662222
3657	4663222
3658	4664222
3659	4665222
3660	4666222
3661	4667222
3662	4668222
3663	4669222
3664	4670222
3665	4671222
3666	4672222
3667	4673222
3668	4674222
3669	4675222
3670	4676222
3671	4677222
3672	4678222
3673	4679222
3674	4680222
3675	4681222
3676	4682222
3677	4683222
3678	4684222
3679	4685222
3680	4686222
3681	4687222
3682	4688222
3683	4689222
3684	4690222
3685	4691222
3686	4692222
3687	4693222
3688	4694222
3689	4695222
3690	4696222
3691	4697222
3692	4698222
3693	4699222
3694	4700222
3695	4701222
3696	4702222
3697	4703222
3698	4704222
3699	4705222
3700	4706222
3701	4707222
3702	4708222
3703	4709222
3704	4710222
3705	4711222
3706	4712222
3707	4713222
3708	4714222
3709	4715222
3710	4716222
3711	4717222
3712	4718222
3713	4719222
3714	4720222
3715	4721222
3716	4722222
3717	4723222
3718	4724222
3719	4725222
3720	4726222
3721	4727222
3722	4728222
3723	4729222
3724	4730222
3725	4731222
3726	4732222
3727	4733222
3728	4734222
3729	4735222
3730	4736222
3731	4737222
3732	4738222
3733	4739222
3734	4740222
3735	4741222
3736	4742222
3737	4743222
3738	4744222
3739	4745222
3740	4746222
3741	4747222
3742	4748222
3743	4749222
3744	4750222
3745	4751222
3746	4752222
3747	4753222
3748	4754222
3749	4755222
3750	4756222
3751	4757222
3752	4758222
3753	4759222
3754	4760222
3755	4761222
3756	4762222
3757	4763222
3758	4764222
3759	4765222
3760	4766222
3761	4767222
3762	4768222
3763	4769222
3764	4770222
3765	4771222
3766	4772222
3767	4773222
3768	4774222
3769	4775222
3770	4776222
3771	4777222
3772	4778222
3773	4779222
3774	4780222
3775	4781222
3776	4782222
3777	4783222
3778	4784222
3779	4785222
3780	4786222
3781	4787222
3782	4788222
3783	4789222
3784	4790222
3785	4791222
3786	4792222
3787	4793222
3788	4794222
3789	4795222
3790	4796222
3791	4797222
3792	4798222
3793	4799222
3794	4800222
3795	4801222
3796	4802222
3797	4803222
3798	4804222
3799	4805222
3800	4806222
3801	4807222
3802	4808222
3803	4809222
3804	4810222
3805	4811222
3806	4812222
3807	4813222
3808	4814222
3809	4815222
3810	4816222
3811	4817222
3812	4818222
3813	4819222
3814	4820222
3815	4821222
3816	4822222
3817	4823222
3818	4824222
3819	4825222
3820	4826222
3821	4827222
3822	4828222
3823	4829222
3824	4830222
3825	4831222
3826	4832222
3827	4833222
3828	4834222
3829	4835222
3830	4836222
3831	4837222
3832	4838222
3833	4839222
3834	4840222
3835	4841222
3836	4842222
3837	4843222
3838	4844222
3839	4845222
3840	4846222
3841	4847222
3842	4848222
3843	4849222
3844	4850222
3845	4851222
3846	4852222
3847	4853222
3848	4854222
3849	4855222
3850	4856222
3851	4857222
3852	4858222
3853	4859222
3854	4860222
3855	4861222
3856	4862222
3857	4863221
3858	4864222
3859	4865222
3860	4866222
3861	4867222
3862	4868222
3863	4869222
3864	4870222
3865	4871222
3866	4872222
3867	4873222
3868	4874222
3869	4875222
3870	4876222
3871	4877222
3872	4878222
3873	4879222
3874	4880222
3875	4881222
3876	4882222
3877	4883222
3878	4884222
3879	4885222
3880	4886222
3881	4887222
3882	4888222
3883	4889222
3884	4890222
3885	4891222
3886	4892222
3887	4893222
3888	4894222
3889	4895222
3890	4896222
3891	4897222
3892	4898222
3893	4899222
3894	4900222
3895	4901222
3896	4902222
3897	4903222
3898	4904222
3899	4905222
3900	4906222
3901	4907222
3902	4908222
3903	4909222
3904	4910222
3905	4911222
3906	4912222
3907	4913222
3908	4914222
3909	4915222
3910	4916222
3911	4917222
3912	4918222
3913	4919222
3914	4920222
3915	4921222
3916	4922222
3917	4923222
3918	4924222
3919	4925222
3920	4926222
3921	4927222
3922	4928222
3923	4929222
3924	4930222
3925	4931222
3926	4932222
3927	4933222
3928	4934222
3929	4935222
3930	4936222
3931	4937222
3932	4938222
3933	4939222
3934	4940222
3935	4941222
3936	4942222
3937	4943222
3938	4944222
3939	4945222
3940	4946222
3941	4947222
3942	4948222
3943	4949222
3944	4950222
3945	4951222
3946	4952222
3947	4953222
3948	4954222
3949	4955222
3950	4956222
3951	4957222
3952	4958222
3953	4959222
3954	4960222
3955	4961222
3956	4962222
3957	4963222
3958	4964222
3959	4965222
3960	4966222
3961	4967222
3962	4968222
3963	4969222
3964	4970222
3965	4971222
3966	4972222
3967	4973222
3968	4974222
3969	4975222
3970	4976222
3971	4977222
3972	4978222
3973	4979222
3974	4980222
3975	4981222
3976	4982222
3977	4983222
3978	4984222
3979	4985222
3980	4986222
3981	4987222
3982	4988222
3983	4989222
3984	4990222
3985	4991222
3986	4992222
3987	4993222
3988	4994222
3989	4995222
3990	4996222
3991	4997222
3992	4998222
3993	4999222
3994	5000222
3995	5001222
3996	5002222
3997	5003222
3998	5004222
3999	5005222
4000	5006222
4001	5007222
4002	5008222
4003	5009222
4004	5010222
4005	5011222
4006	5012222
4007	5013222
4008	5014222
4009	5015222
4010	5016222
4011	5017222
4012	5018222
4013	5019222
4014	5020222
4015	5021222
4016	5022222
4017	5023222
4018	5024222
4019	5025222
4020	5026222
4021	5027222
4022	5028222
4023	5029222
4024	5030222
4025	5031222
4026	5032222
4027	5033222
4028	5034222
4029	5035222
4030	5036222
4031	5037222
4032	5038222
4033	5039222
4034	5040222
4035	5041222
4036	5042222
4037	5043222
4038	5044222
4039	5045222
4040	5046222
4041	5047222
4042	5048222
4043	5049222
4044	5050222
4045	5051222
4046	5052222
4047	5053222
4048	5054222
4049	5055222
4050	5056222
4051	5057222
4052	5058222
4053	5059222
4054	5060222
4055	5061222
4056	5062222
4057	5063222
4058	5064222
4059	5065222
4060	5066222
4061	5067222
4062	5068222
4063	5069222
4064	5070222
4065	5071222
4066	5072222
4067	5073222
4068	5074222
4069	5075222
4070	5076222
4071	5077222
4072	5078222
4073	5079222
4074	5080222
4075	5081222
4076	5082222
4077	5083222
4078	5084222
4079	5085222
4080	5086222
4081	5087222
4082	5088222
4083	5089222
4084	5090222
4085	5091222
4086	5092222
4087	5093222
4088	5094222
4089	5095222
4090	5096222
4091	5097222
4092	5098222
4093	5099222
4094	5100222
4095	5101222
4096	5102222
4097	5103222
4098	5104222
4099	5105222
4100	5106222
4101	5107222
4102	5108222
4103	5109222
4104	5110222
4105	5111222
4106	5112222
4107	5113222
4108	5114222
4109	5115222
4110	5116222
4111	5117222
4112	5118222
4113	5119221
4114	5120222
4115	5121222
4116	5122222
4117	5123222
4118	5124222
4119	5125222
4120	5126222
4121	5127222
4122	5128222
4123	5129222
4124	5130222
4125	5131222
4126	5132222
4127	5133222
4128	5134222
4129	5135222
4130	5136222
4131	5137222
4132	5138222
4133	5139222
4134	5140222
4135	5141222
4136	5142222
4137	5143222
4138	5144222
4139	5145222
4140	5146222
4141	5147222
4142	5148222
4143	5149222
4144	5150222
4145	5151222
4146	5152222
4147	5153222
4148	5154222
4149	5155222
4150	5156222
4151	5157222
4152	5158222
4153	5159222
4154	5160222
4155	5161222
4156	5162222
4157	5163222
4158	5164222
4159	5165222
4160	5166222
4161	5167222
4162	5168222
4163	5169222
4164	5170222
4165	5171222
4166	5172222
4167	5173222
4168	5174222
4169	5175222
4170	5176222
4171	5177222
4172	5178222
4173	5179222
4174	5180222
4175	5181222
4176	5182222
4177	5183222
4178	5184222
4179	5185222
4180	5186222
4181	5187222
4182	5188222
4183	5189222
4184	5190222
4185	5191222
4186	5192222
4187	5193222
4188	5194222
4189	5195222
4190	5196222
4191	5197222
4192	5198222
4193	5199222
4194	5200222
4195	5201222
4196	5202222
4197	5203222
4198	5204222
4199	5205222
4200	5206222
4201	5207222
4202	5208222
4203	5209222
4204	5210222
4205	5211222
4206	5212222
4207	5213222
4208	5214222
4209	5215222
4210	5216222
4211	5217222
4212	5218222
4213	5219222
4214	5220222
4215	5221222
4216	5222222
4217	5223222
4218	5224222
4219	5225222
4220	5226222
4221	5227222
4222	5228222
4223	5229222
4224	5230222
4225	5231222
4226	5232222
4227	5233222
4228	5234222
4229	5235222
4230	5236222
4231	5237222
4232	5238222
4233	5239222
4234	5240222
4235	5241222
4236	5242222
4237	5243222
4238	5244222
4239	5245222
4240	5246222
4241	5247222
4242	5248222
4243	5249222
4244	5250222
4245	5251222
4246	5252222
4247	5253222
4248	5254222
4249	5255222
4250	5256222
4251	5257222
4252	5258222
4253	5259222
4254	5260222
4255	5261222
4256	5262222
4257	5263222
4258	5264222
4259	5265222
4260	5266222
4261	5267222
4262	5268222
4263	5269222
4264	5270222
4265	5271222
4266	5272222
4267	5273222
4268	5274222
4269	5275222
4270	5276222
4271	5277222
4272	5278222
4273	5279222
4274	5280222
4275	5281222
4276	5282222
4277	5283222
4278	5284222
4279	5285222
4280	5286222
4281	5287222
4282	5288222
4283	5289222
4284	5290222
4285	5291222
4286	5292222
4287	5293222
4288	5294222
4289	5295222
4290	5296222
4291	5297222
4292	5298222
4293	5299222
4294	5300222
4295	5301222
4296	5302222
4297	5303222
4298	5304222
4299	5305222
4300	5306222
4301	5307222
4302	5308222
4303	5309222
4304	5310222
4305	5311222
4306	5312222
4307	5313222
4308	5314222
4309	5315222
4310	5316222
4311	5317222
4312	5318222
4313	5319222
4314	5320222
4315	5321222
4316	5322222
4317	5323222
4318	5324222
4319	5325222
4320	5326222
4321	5327222
4322	5328222
4323	5329222
4324	5330222
4325	5331222
4326	5332222
4327	5333222
4328	5334222
4329	5335222
4330	5336222
4331	5337222
4332	5338222
4333	5339222
4334	5340222
4335	5341222
4336	5342222
4337	5343222
4338	5344222
4339	5345222
4340	5346222
4341	5347222
4342	5348222
4343	5349222
4344	5350222
4345	5351222
4346	5352222
4347	5353222
4348	5354222
4349	5355222
4350	5356222
4351	5357222
4352	5358222
4353	5359222
4354	5360222
4355	5361222
4356	5362222
4357	5363222
4358	5364222
4359	5365222
4360	5366222
4361	5367222
4362	5368222
4363	5369222
4364	5370222
4365	5371222
4366	5372222
4367	5373222
4368	5374222
4369	5375221
4370	5376222
4371	5377222
4372	5378222
4373	5379222
4374	5380222
4375	5381222
4376	5382222
4377	5383222
4378	5384222
4379	5385222
4380	5386222
4381	5387222
4382	5388222
4383	5389222
4384	5390222
4385	5391222
4386	5392222
4387	5393222
4388	5394222
4389	5395222
4390	5396222
4391	5397222
4392	5398222
4393	5399222
4394	5400222
4395	5401222
4396	5402222
4397	5403222
4398	5404222
4399	5405222
4400	5406222
4401	5407222
4402	5408222
4403	5409222
4404	5410222
4405	5411222
4406	5412222
4407	5413222
4408	5414222
4409	5415222
4410	5416222
4411	5417222
4412	5418222
4413	5419222
4414	5420222
4415	5421222
4416	5422222
4417	5423222
4418	5424222
4419	5425222
4420	5426222
4421	5427222
4422	5428222
4423	5429222
4424	5430222
4425	5431222
4426	5432222
4427	5433222
4428	5434222
4429	5435222
4430	5436222
4431	5437222
4432	5438222
4433	5439222
4434	5440222
4435	5441222
4436	5442222
4437	5443222
4438	5444222
4439	5445222
4440	5446222
4441	5447222
4442	5448222
4443	5449222
4444	5450222
4445	5451222
4446	5452222
4447	5453222
4448	5454222
4449	5455222
4450	5456222
4451	5457222
4452	5458222
4453	5459222
4454	5460222
4455	5461222
4456	5462222
4457	5463222
4458	5464222
4459	5465222
4460	5466222
4461	5467222
4462	5468222
4463	5469222
4464	5470222
4465	5471222
4466	5472222
4467	5473222
4468	5474222
4469	5475222
4470	5476222
4471	5477222
4472	5478222
4473	5479222
4474	5480222
4475	5481222
4476	5482222
4477	5483222
4478	5484222
4479	5485222
4480	5486222
4481	5487222
4482	5488222
4483	5489222
4484	5490222
4485	5491222
4486	5492222
4487	5493222
4488	5494222
4489	5495222
4490	5496222
4491	5497222
4492	5498222
4493	5499222
4494	5500222
4495	5501222
4496	5502222
4497	5503222
4498	5504222
4499	5505222
4500	5506222
4501	5507222
4502	5508222
4503	5509222
4504	5510222
4505	5511222
4506	5512222
4507	5513222
4508	5514222
4509	5515222
4510	5516222
4511	5517222
4512	5518222
4513	5519222
4514	5520222
4515	5521222
4516	5522222
4517	5523222
4518	5524222
4519	5525222
4520	5526222
4521	5527222
4522	5528222
4523	5529222
4524	5530222
4525	5531222
4526	5532222
4527	5533222
4528	5534222
4529	5535222
4530	5536222
4531	5537222
4532	5538222
4533	5539222
4534	5540222
4535	5541222
4536	5542222
4537	5543222
4538	5544222
4539	5545222
4540	5546222
4541	5547222
4542	5548222
4543	5549222
4544	5550222
4545	5551222
4546	5552222
4547	5553222
4548	5554222
4549	5555222
4550	5556222
4551	5557222
4552	5558222
4553	5559222
4554	5560222
4555	5561222
4556	5562222
4557	5563222
4558	5564222
4559	5565222
4560	5566222
4561	5567222
4562	5568222
4563	5569222
4564	5570222
4565	5571222
4566	5572222
4567	5573222
4568	5574222
4569	5575222
4570	5576222
4571	5577222
4572	5578222
4573	5579222
4574	5580222
4575	5581222
4576	5582222
4577	5583222
4578	5584222
4579	5585222
4580	5586222
4581	5587222
4582	5588222
4583	5589222
4584	5590222
4585	5591222
4586	5592222
4587	5593222
4588	5594222
4589	5595222
4590	5596222
4591	5597222
4592	5598222
4593	5599222
4594	5600222
4595	5601222
4596	5602222
4597	5603222
4598	5604222
4599	5605222
4600	5606222
4601	5607222
4602	5608222
4603	5609222
4604	5610222
4605	5611222
4606	5612222
4607	5613222
4608	5614222
4609	5615222
4610	5616222
4611	5617222
4612	5618222
4613	5619222
4614	5620222
4615	5621222
4616	5622222
4617	5623222
4618	5624222
4619	5625222
4620	5626222
4621	5627222
4622	5628222
4623	5629222
4624	5630222
4625	5631221
4626	5632222
4627	5633222
4628	5634222
4629	5635222
4630	5636222
4631	5637222
4632	5638222
4633	5639222
4634	5640222
4635	5641222
4636	5642222
4637	5643222
4638	5644222
4639	5645222
4640	5646222
4641	5647222
4642	5648222
4643	5649222
4644	5650222
4645	5651222
4646	5652222
4647	5653222
4648	5654222
4649	5655222
4650	5656222
4651	5657222
4652	5658222
4653	5659222
4654	5660222
4655	5661222
4656	5662222
4657	5663222
4658	5664222
4659	5665222
4660	5666222
4661	5667222
4662	5668222
4663	5669222
4664	5670222
4665	5671222
4666	5672222
4667	5673222
4668	5674222
4669	5675222
4670	5676222
4671	5677222
4672	5678222
4673	5679222
4674	5680222
4675	5681222
4676	5682222
4677	5683222
4678	5684222
4679	5685222
4680	5686222
4681	5687222
4682	5688222
4683	5689222
4684	5690222
4685	5691222
4686	5692222
4687	5693222
4688	5694222
4689	5695222
4690	5696222
4691	5697222
4692	5698222
4693	5699222
4694	5700222
4695	5701222
4696	5702222
4697	5703222
4698	5704222
4699	5705222
4700	5706222
4701	5707222
4702	5708222
4703	5709222
4704	5710222
4705	5711222
4706	5712222
4707	5713222
4708	5714222
4709	5715222
4710	5716222
4711	5717222
4712	5718222
4713	5719222
4714	5720222
4715	5721222
4716	5722222
4717	5723222
4718	5724222
4719	5725222
4720	5726222
4721	5727222
4722	5728222
4723	5729222
4724	5730222
4725	5731222
4726	5732222
4727	5733222
4728	5734222
4729	5735222
4730	5736222
4731	5737222
4732	5738222
4733	5739222
4734	5740222
4735	5741222
4736	5742222
4737	5743222
4738	5744222
4739	5745222
4740	5746222
4741	5747222
4742	5748222
4743	5749222
4744	5750222
4745	5751222
4746	5752222
4747	5753222
4748	5754222
4749	5755222
4750	5756222
4751	5757222
4752	5758222
4753	5759222
4754	5760222
4755	5761222
4756	5762222
4757	5763222
4758	5764222
4759	5765222
4760	5766222
4761	5767222
4762	5768222
4763	5769222
4764	5770222
4765	5771222
4766	5772222
4767	5773222
4768	5774222
4769	5775222
4770	5776222
4771	5777222
4772	5778222
4773	5779222
4774	5780222
4775	5781222
4776	5782222
4777	5783222
4778	5784222
4779	5785222
4780	5786222
4781	5787222
4782	5788222
4783	5789222
4784	5790222
4785	5791222
4786	5792222
4787	5793222
4788	5794222
4789	5795222
4790	5796222
4791	5797222
4792	5798222
4793	5799222
4794	5800222
4795	5801222
4796	5802222
4797	5803222
4798	5804222
4799	5805222
4800	5806222
4801	5807222
4802	5808222
4803	5809222
4804	5810222
4805	5811222
4806	5812222
4807	5813222
4808	5814222
4809	5815222
4810	5816222
4811	5817222
4812	5818222
4813	5819222
4814	5820222
4815	5821222
4816	5822222
4817	5823222
4818	5824222
4819	5825222
4820	5826222
4821	5827222
4822	5828222
4823	5829222
4824	5830222
4825	5831222
4826	5832222
4827	5833222
4828	5834222
4829	5835222
4830	5836222
4831	5837222
4832	5838222
4833	5839222
4834	5840222
4835	5841222
4836	5842222
4837	5843222
4838	5844222
4839	5845222
4840	5846222
4841	5847222
4842	5848222
4843	5849222
4844	5850222
4845	5851222
4846	5852222
4847	5853222
4848	5854222
4849	5855222
4850	5856222
4851	5857222
4852	5858222
4853	5859222
4854	5860222
4855	5861222
4856	5862222
4857	5863222
4858	5864222
4859	5865222
4860	5866222
4861	5867222
4862	5868222
4863	5869222
4864	5870222
4865	5871222
4866	5872222
4867	5873222
4868	5874222
4869	5875222
4870	5876222
4871	5877222
4872	5878222
4873	5879222
4874	5880222
4875	5881222
4876	5882222
4877	5883222
4878	5884222
4879	5885222
4880	5886222
4881	5887221
4882	5888222
4883	5889222
4884	5890222
4885	5891222
4886	5892222
4887	5893222
4888	5894222
4889	5895222
4890	5896222
4891	5897222
4892	5898222
4893	5899222
4894	5900222
4895	5901222
4896	5902222
4897	5903222
4898	5904222
4899	5905222
4900	5906222
4901	5907222
4902	5908222
4903	5909222
4904	5910222
4905	5911222
4906	5912222
4907	5913222
4908	5914222
4909	5915222
4910	5916222
4911	5917222
4912	5918222
4913	5919222
4914	5920222
4915	5921222
4916	5922222
4917	5923222
4918	5924222
4919	5925222
4920	5926222
4921	5927222
4922	5928222
4923	5929222
4924	5930222
4925	5931222
4926	5932222
4927	5933222
4928	5934222
4929	5935222
4930	5936222
4931	5937222
4932	5938222
4933	5939222
4934	5940222
4935	5941222
4936	5942222
4937	5943222
4938	5944222
4939	5945222
4940	5946222
4941	5947222
4942	5948222
4943	5949222
4944	5950222
4945	5951222
4946	5952222
4947	5953222
4948	5954222
4949	5955222
4950	5956222
4951	5957222
4952	5958222
4953	5959222
4954	5960222
4955	5961222
4956	5962222
4957	5963222
4958	5964222
4959	5965222
4960	5966222
4961	5967222
4962	5968222
4963	5969222
4964	5970222
4965	5971222
4966	5972222
4967	5973222
4968	5974222
4969	5975222
4970	5976222
4971	5977222
4972	5978222
4973	5979222
4974	5980222
4975	5981222
4976	5982222
4977	5983222
4978	5984222
4979	5985222
4980	5986222
4981	5987222
4982	5988222
4983	5989222
4984	5990222
4985	5991222
4986	5992222
4987	5993222
4988	5994222
4989	5995222
4990	5996222
4991	5997222
4992	5998222
4993	5999222
4994	6000222
4995	6001222
4996	6002222
4997	6003222
4998	6004222
4999	6005222
5000	6006222
5001	6007222
5002	6008222
5003	6009222
5004	6010222
5005	6011222
5006	6012222
5007	6013222
5008	6014222
5009	6015222
5010	6016222
5011	6017222
5012	6018222
5013	6019222
5014	6020222
5015	6021222
5016	6022222
5017	6023222
5018	6024222
5019	6025222
5020	6026222
5021	6027222
5022	6028222
5023	6029222
5024	6030222
5025	6031222
5026	6032222
5027	6033222
5028	6034222
5029	6035222
5030	6036222
5031	6037222
5032	6038222
5033	6039222
5034	6040222
5035	6041222
5036	6042222
5037	6043222
5038	6044222
5039	6045222
5040	6046222
5041	6047222
5042	6048222
5043	6049222
5044	6050222
5045	6051222
5046	6052222
5047	6053222
5048	6054222
5049	6055222
5050	6056222
5051	6057222
5052	6058222
5053	6059222
5054	6060222
5055	6061222
5056	6062222
5057	6063222
5058	6064222
5059	6065222
5060	6066222
5061	6067222
5062	6068222
5063	6069222
5064	6070222
5065	6071222
5066	6072222
5067	6073222
5068	6074222
5069	6075222
5070	6076222
5071	6077222
5072	6078222
5073	6079222
5074	6080222
5075	6081222
5076	6082222
5077	6083222
5078	6084222
5079	6085222
5080	6086222
5081	6087222
5082	6088222
5083	6089222
5084	6090222
5085	6091222
5086	6092222
5087	6093222
5088	6094222
5089	6095222
5090	6096222
5091	6097222
5092	6098222
5093	6099222
5094	6100222
5095	6101222
5096	6102222
5097	6103222
5098	6104222
5099	6105222
5100	6106222
5101	6107222
5102	6108222
5103	6109222
5104	6110222
5105	6111222
5106	6112222
5107	6113222
5108	6114222
5109	6115222
5110	6116222
5111	6117222
5112	6118222
5113	6119222
5114	6120222
5115	6121222
5116	6122222
5117	6123222
5118	6124222
5119	6125222
5120	6126222
5121	6127222
5122	6128222
5123	6129222
5124	6130222
5125	6131222
5126	6132222
5127	6133222
5128	6134222
5129	6135222
5130	6136222
5131	6137222
5132	6138222
5133	6139222
5134	6140222
5135	6141222
5136	6142222
5137	6143221
5138	6144222
5139	6145222
5140	6146222
5141	6147222
5142	6148222
5143	6149222
5144	6150222
5145	6151222
5146	6152222
5147	6153222
5148	6154222
5149	6155222
5150	6156222
5151	6157222
5152	6158222
5153	6159222
5154	6160222
5155	6161222
5156	6162222
5157	6163222
5158	6164222
5159	6165222
5160	6166222
5161	6167222
5162	6168222
5163	6169222
5164	6170222
5165	6171222
5166	6172222
5167	6173222
5168	6174222
5169	6175222
5170	6176222
5171	6177222
5172	6178222
5173	6179222
5174	6180222
5175	6181222
5176	6182222
5177	6183222
5178	6184222
5179	6185222
5180	6186222
5181	6187222
5182	6188222
5183	6189222
5184	6190222
5185	6191222
5186	6192222
5187	6193222
5188	6194222
5189	6195222
5190	6196222
5191	6197222
5192	6198222
5193	6199222
5194	6200222
5195	6201222
5196	6202222
5197	6203222
5198	6204222
5199	6205222
5200	6206222
5201	6207222
5202	6208222
5203	6209222
5204	6210222
5205	6211222
5206	6212222
5207	6213222
5208	6214222
5209	6215222
5210	6216222
5211	6217222
5212	6218222
5213	6219222
5214	6220222
5215	6221222
5216	6222222
5217	6223222
5218	6224222
5219	6225222
5220	6226222
5221	6227222
5222	6228222
5223	6229222
5224	6230222
5225	6231222
5226	6232222
5227	6233222
5228	6234222
5229	6235222
5230	6236222
5231	6237222
5232	6238222
5233	6239222
5234	6240222
5235	6241222
5236	6242222
5237	6243222
5238	6244222
5239	6245222
5240	6246222
5241	6247222
5242	6248222
5243	6249222
5244	6250222
5245	6251222
5246	6252222
5247	6253222
5248	6254222
5249	6255222
5250	6256222
5251	6257222
5252	6258222
5253	6259222
5254	6260222
5255	6261222
5256	6262222
5257	6263222
5258	6264222
5259	6265222
5260	6266222
5261	6267222
5262	6268222
5263	6269222
5264	6270222
5265	6271222
5266	6272222
5267	6273222
5268	6274222
5269	6275222
5270	6276222
5271	6277222
5272	6278222
5273	6279222
5274	6280222
5275	6281222
5276	6282222
5277	6283222
5278	6284222
5279	6285222
5280	6286222
5281	6287222
5282	6288222
5283	6289222
5284	6290222
5285	6291222
5286	6292222
5287	6293222
5288	6294222
5289	6295222
5290	6296222
5291	6297222
5292	6298222
5293	6299222
5294	6300222
5295	6301222
5296	6302222
5297	6303222
5298	6304222
5299	6305222
5300	6306222
5301	6307222
5302	6308222
5303	6309222
5304	6310222
5305	6311222
5306	6312222
5307	6313222
5308	6314222
5309	6315222
5310	6316222
5311	6317222
5312	6318222
5313	6319222
5314	6320222
5315	6321222
5316	6322222
5317	6323222
5318	6324222
5319	6325222
5320	6326222
5321	6327222
5322	6328222
5323	6329222
5324	6330222
5325	6331222
5326	6332222
5327	6333222
5328	6334222
5329	6335222
5330	6336222
5331	6337222
5332	6338222
5333	6339222
5334	6340222
5335	6341222
5336	6342222
5337	6343222
5338	6344222
5339	6345222
5340	6346222
5341	6347222
5342	6348222
5343	6349222
5344	6350222
5345	6351222
5346	6352222
5347	6353222
5348	6354222
5349	6355222
5350	6356222
5351	6357222
5352	6358222
5353	6359222
5354	6360222
5355	6361222
5356	6362222
5357	6363222
5358	6364222
5359	6365222
5360	6366222
5361	6367222
5362	6368222
5363	6369222
5364	6370222
5365	6371222
5366	6372222
5367	6373222
5368	6374222
5369	6375222
5370	6376222
5371	6377222
5372	6378222
5373	6379222
5374	6380222
5375	6381222
5376	6382222
5377	6383222
5378	6384222
5379	6385222
5380	6386222
5381	6387222
5382	6388222
5383	6389222
5384	6390222
5385	6391222
5386	6392222
5387	6393222
5388	6394222
5389	6395222
5390	6396222
5391	6397222
5392	6398222
5393	6399221
5394	6400222
5395	6401222
5396	6402222
5397	6403222
5398	6404222
5399	6405222
5400	6406222
5401	6407222
5402	6408222
5403	6409222
5404	6410222
5405	6411222
5406	6412222
5407	6413222
5408	6414222
5409	6415222
5410	6416222
5411	6417222
5412	6418222
5413	6419222
5414	6420222
5415	6421222
5416	6422222
5417	6423222
5418	6424222
5419	6425222
5420	6426222
5421	6427222
5422	6428222
5423	6429222
5424	6430222
5425	6431222
5426	6432222
5427	6433222
5428	6434222
5429	6435222
5430	6436222
5431	6437222
5432	6438222
5433	6439222
5434	6440222
5435	6441222
5436	6442222
5437	6443222
5438	6444222
5439	6445222
5440	6446222
5441	6447222
5442	6448222
5443	6449222
5444	6450222
5445	6451222
5446	6452222
5447	6453222
5448	6454222
5449	6455222
5450	6456222
5451	6457222
5452	6458222
5453	6459222
5454	6460222
5455	6461222
5456	6462222
5457	6463222
5458	6464222
5459	6465222
5460	6466222
5461	6467222
5462	6468222
5463	6469222
5464	6470222
5465	6471222
5466	6472222
5467	6473222
5468	6474222
5469	6475222
5470	6476222
5471	6477222
5472	6478222
5473	6479222
5474	6480222
5475	6481222
5476	6482222
5477	6483222
5478	6484222
5479	6485222
5480	6486222
5481	6487222
5482	6488222
5483	6489222
5484	6490222
5485	6491222
5486	6492222
5487	6493222
5488	6494222
5489	6495222
5490	6496222
5491	6497222
5492	6498222
5493	6499222
5494	6500222
5495	6501222
5496	6502222
5497	6503222
5498	6504222
5499	6505222
5500	6506222
5501	6507222
5502	6508222
5503	6509222
5504	6510222
5505	6511222
5506	6512222
5507	6513222
5508	6514222
5509	6515222
5510	6516222
5511	6517222
5512	6518222
5513	6519222
5514	6520222
5515	6521222
5516	6522222
5517	6523222
5518	6524222
5519	6525222
5520	6526222
5521	6527222
5522	6528222
5523	6529222
5524	6530222
5525	6531222
5526	6532222
5527	6533222
5528	6534222
5529	6535222
5530	6536222
5531	6537222
5532	6538222
5533	6539222
5534	6540222
5535	6541222
5536	6542222
5537	6543222
5538	6544222
5539	6545222
5540	6546222
5541	6547222
5542	6548222
5543	6549222
5544	6550222
5545	6551222
5546	6552222
5547	6553222
5548	6554222
5549	6555222
5550	6556222
5551	6557222
5552	6558222
5553	6559222
5554	6560222
5555	6561222
5556	6562222
5557	6563222
5558	6564222
5559	6565222
5560	6566222
5561	6567222
5562	6568222
5563	6569222
5564	6570222
5565	6571222
5566	6572222
5567	6573222
5568	6574222
5569	6575222
5570	6576222
5571	6577222
5572	6578222
5573	6579222
5574	6580222
5575	6581222
5576	6582222
5577	6583222
5578	6584222
5579	6585222
5580	6586222
5581	6587222
5582	6588222
5583	6589222
5584	6590222
5585	6591222
5586	6592222
5587	6593222
5588	6594222
5589	6595222
5590	6596222
5591	6597222
5592	6598222
5593	6599222
5594	6600222
5595	6601222
5596	6602222
5597	6603222
5598	6604222
5599	6605222
5600	6606222
5601	6607222
5602	6608222
5603	6609222
5604	6610222
5605	6611222
5606	6612222
5607	6613222
5608	6614222
5609	6615222
5610	6616222
5611	6617222
5612	6618222
5613	6619222
5614	6620222
5615	6621222
5616	6622222
5617	6623222
5618	6624222
5619	6625222
5620	6626222
5621	6627222
5622	6628222
5623	6629222
5624	6630222
5625	6631222
5626	6632222
5627	6633222
5628	6634222
5629	6635222
5630	6636222
5631	6637222
5632	6638222
5633	6639222
5634	6640222
5635	6641222
5636	6642222
5637	6643222
5638	6644222
5639	6645222
5640	6646222
5641	6647222
5642	6648222
5643	6649222
5644	6650222
5645	6651222
5646	6652222
5647	6653222
5648	6654222
5649	6655221
5650	6656222
5651	6657222
5652	6658222
5653	6659222
5654	6660222
5655	6661222
5656	6662222
5657	6663222
5658	6664222
5659	6665222
5660	6666222
5661	6667222
5662	6668222
5663	6669222
5664	6670222
5665	6671222
5666	6672222
5667	6673222
5668	6674222
5669	6675222
5670	6676222
5671	6677222
5672	6678222
5673	6679222
5674	6680222
5675	6681222
5676	6682222
5677	6683222
5678	6684222
5679	6685222
5680	6686222
5681	6687222
5682	6688222
5683	6689222
5684	6690222
5685	6691222
5686	6692222
5687	6693222
5688	6694222
5689	6695222
5690	6696222
5691	6697222
5692	6698222
5693	6699222
5694	6700222
5695	6701222
5696	6702222
5697	6703222
5698	6704222
5699	6705222
5700	6706222
5701	6707222
5702	6708222
5703	6709222
5704	6710222
5705	6711222
5706	6712222
5707	6713222
5708	6714222
5709	6715222
5710	6716222
5711	6717222
5712	6718222
5713	6719222
5714	6720222
5715	6721222
5716	6722222
5717	6723222
5718	6724222
5719	6725222
5720	6726222
5721	6727222
5722	6728222
5723	6729222
5724	6730222
5725	6731222
5726	6732222
5727	6733222
5728	6734222
5729	6735222
5730	6736222
5731	6737222
5732	6738222
5733	6739222
5734	6740222
5735	6741222
5736	6742222
5737	6743222
5738	6744222
5739	6745222
5740	6746222
5741	6747222
5742	6748222
5743	6749222
5744	6750222
5745	6751222
5746	6752222
5747	6753222
5748	6754222
5749	6755222
5750	6756222
5751	6757222
5752	6758222
5753	6759222
5754	6760222
5755	6761222
5756	6762222
5757	6763222
5758	6764222
5759	6765222
5760	6766222
5761	6767222
5762	6768222
5763	6769222
5764	6770222
5765	6771222
5766	6772222
5767	6773222
5768	6774222
5769	6775222
5770	6776222
5771	6777222
5772	6778222
5773	6779222
5774	6780222
5775	6781222
5776	6782222
5777	6783222
5778	6784222
5779	6785222
5780	6786222
5781	6787222
5782	6788222
5783	6789222
5784	6790222
5785	6791222
5786	6792222
5787	6793222
5788	6794222
5789	6795222
5790	6796222
5791	6797222
5792	6798222
5793	6799222
5794	6800222
5795	6801222
5796	6802222
5797	6803222
5798	6804222
5799	6805222
5800	6806222
5801	6807222
5802	6808222
5803	6809222
5804	6810222
5805	6811222
5806	6812222
5807	6813222
5808	6814222
5809	6815222
5810	6816222
5811	6817222
5812	6818222
5813	6819222
5814	6820222
5815	6821222
5816	6822222
5817	6823222
5818	6824222
5819	6825222
5820	6826222
5821	6827222
5822	6828222
5823	6829222
5824	6830222
5825	6831222
5826	6832222
5827	6833222
5828	6834222
5829	6835222
5830	6836222
5831	6837222
5832	6838222
5833	6839222
5834	6840222
5835	6841222
5836	6842222
5837	6843222
5838	6844222
5839	6845222
5840	6846222
5841	6847222
5842	6848222
5843	6849222
5844	6850222
5845	6851222
5846	6852222
5847	6853222
5848	6854222
5849	6855222
5850	6856222
5851	6857222
5852	6858222
5853	6859222
5854	6860222
5855	6861222
5856	6862222
5857	6863222
5858	6864222
5859	6865222
5860	6866222
5861	6867222
5862	6868222
5863	6869222
5864	6870222
5865	6871222
5866	6872222
5867	6873222
5868	6874222
5869	6875222
5870	6876222
5871	6877222
5872	6878222
5873	6879222
5874	6880222
5875	6881222
5876	6882222
5877	6883222
5878	6884222
5879	6885222
5880	6886222
5881	6887222
5882	6888222
5883	6889222
5884	6890222
5885	6891222
5886	6892222
5887	6893222
5888	6894222
5889	6895222
5890	6896222
5891	6897222
5892	6898222
5893	6899222
5894	6900222
5895	6901222
5896	6902222
5897	6903222
5898	6904222
5899	6905222
5900	6906222
5901	6907222
5902	6908222
5903	6909222
5904	6910222
5905	6911222
5906	6912222
5907	6913222
5908	6914222
5909	6915222
5910	6916222
5911	6917222
5912	6918222
5913	6919222
5914	6920222
5915	6921222
5916	6922222
5917	6923222
5918	6924222
5919	6925222
5920	6926222
5921	6927222
5922	6928222
5923	6929222
5924	6930222
5925	6931222
5926	6932222
5927	6933222
5928	6934222
5929	6935222
5930	6936222
5931	6937222
5932	6938222
5933	6939222
5934	6940222
5935	6941222
5936	6942222
5937	6943222
5938	6944222
5939	6945222
5940	6946222
5941	6947222
5942	6948222
5943	6949222
5944	6950222
5945	6951222
5946	6952222
5947	6953222
5948	6954222
5949	6955222
5950	6956222
5951	6957222
5952	6958222
5953	6959222
5954	6960222
5955	6961222
5956	6962222
5957	6963222
5958	6964222
5959	6965222
5960	6966222
5961	6967222
5962	6968222
5963	6969222
5964	6970222
5965	6971222
5966	6972222
5967	6973222
5968	6974222
5969	6975222
5970	6976222
5971	6977222
5972	6978222
5973	6979222
5974	6980222
5975	6981222
5976	6982222
5977	6983222
5978	6984222
5979	6985222
5980	6986222
5981	6987222
5982	6988222
5983	6989222
5984	6990222
5985	6991222
5986	6992222
5987	6993222
5988	6994222
5989	6995222
5990	6996222
5991	6997222
5992	6998222
5993	6999222
5994	7000222
5995	7001222
5996	7002222
5997	7003222
5998	7004222
5999	7005222
