0	1006959
1	1007636
2	1008636
3	1009636
4	1010628
5	1011636
6	1012636
7	1013636
8	1014636
9	1015628
10	1016628
11	1017636
12	1018636
13	1019628
14	1020628
15	1021636
16	1022636
17	1023620
18	1024636
19	1025636
20	1026636
21	1027636
22	1028636
23	1029636
24	1030628
25	1031628
26	1032628
27	1033636
28	1034628
29	1035628
30	1036628
31	1037636
32	1038628
33	1039636
34	1040636
35	1041636
36	1042636
37	1043636
38	1044636
39	1045636
40	1046636
41	1047628
42	1048636
43	1049636
44	1050628
45	1051628
46	1052636
47	1053636
48	1054628
49	1055628
50	1056636
51	1057636
52	1058636
53	1059636
54	1060636
55	1061636
56	1062636
57	1063628
58	1064636
59	1065636
60	1066628
61	1067636
62	1068636
63	1069628
64	1070628
65	1071636
66	1072636
67	1073636
68	1074636
69	1075636
70	1076636
71	1077636
72	1078636
73	1079636
74	1080636
75	1081636
76	1082628
77	1083636
78	1084636
79	1085636
80	1086628
81	1087636
82	1088628
83	1089636
84	1090620
85	1091636
86	1092636
87	1093636
88	1094636
89	1095636
90	1096636
91	1097636
92	1098636
93	1099636
94	1100628
95	1101636
96	1102636
97	1103636
98	1104628
99	1105636
100	1106636
101	1107636
102	1108636
103	1109636
104	1110636
105	1111636
106	1112636
107	1113636
108	1114636
109	1115636
110	1116628
111	1117636
112	1118636
113	1119628
114	1120628
115	1121636
116	1122636
117	1123636
118	1124636
119	1125636
120	1126636
121	1127636
122	1128636
123	1129636
124	1130636
125	1131628
126	1132628
127	1133636
128	1134636
129	1135628
130	1136628
131	1137636
132	1138636
133	1139628
134	1140636
135	1141636
136	1142636
137	1143636
138	1144636
139	1145636
140	1146636
141	1147628
142	1148628
143	1149636
144	1150636
145	1151636
146	1152636
147	1153636
148	1154636
149	1155636
150	1156636
151	1157636
152	1158636
153	1159636
154	1160636
155	1161636
156	1162636
157	1163636
158	1164636
159	1165636
160	1166636
161	1167636
162	1168636
163	1169636
164	1170636
165	1171636
166	1172636
167	1173636
168	1174636
169	1175636
170	1176636
171	1177636
172	1178636
173	1179636
174	1180636
175	1181636
176	1182636
177	1183636
178	1184636
179	1185636
180	1186636
181	1187636
182	1188636
183	1189636
184	1190636
185	1191636
186	1192636
187	1193636
188	1194636
189	1195636
190	1196636
191	1197636
192	1198636
193	1199636
194	1200636
195	1201636
196	1202636
197	1203636
198	1204636
199	1205636
200	1206636
201	1207636
202	1208636
203	1209636
204	1210636
205	1211636
206	1212636
207	1213636
208	1214636
209	1215636
210	1216636
211	1217636
212	1218636
213	1219636
214	1220636
215	1221636
216	1222636
217	1223636
218	1224636
219	1225636
220	1226636
221	1227636
222	1228636
223	1229636
224	1230636
225	1231636
226	1232636
227	1233636
228	1234636
229	1235636
230	1236636
231	1237636
232	1238636
233	1239636
234	1240636
235	1241636
236	1242636
237	1243636
238	1244636
239	1245636
240	1246636
241	1247636
242	1248636
243	1249636
244	1250636
245	1251636
246	1252636
247	1253636
248	1254636
249	1255636
250	1256636
251	1257636
252	1258636
253	1259636
254	1260636
255	1261636
256	1262644
257	1263644
258	1264644
259	1265644
260	1266636
261	1267644
262	1268644
263	1269644
264	1270644
265	1271644
266	1272644
267	1273644
268	1274644
269	1275644
270	1276644
271	1277644
272	1278644
273	1279628
274	1280644
275	1281644
276	1282644
277	1283644
278	1284644
279	1285644
280	1286644
281	1287644
282	1288644
283	1289644
284	1290644
285	1291644
286	1292644
287	1293644
288	1294644
289	1295644
290	1296644
291	1297644
292	1298644
293	1299644
294	1300644
295	1301644
296	1302644
297	1303644
298	1304644
299	1305644
300	1306644
301	1307644
302	1308644
303	1309644
304	1310644
305	1311644
306	1312644
307	1313644
308	1314644
309	1315644
310	1316644
311	1317644
312	1318644
313	1319644
314	1320644
315	1321644
316	1322644
317	1323644
318	1324644
319	1325644
320	1326644
321	1327644
322	1328644
323	1329644
324	1330644
325	1331644
326	1332644
327	1333644
328	1334644
329	1335644
330	1336644
331	1337644
332	1338644
333	1339644
334	1340644
335	1341644
336	1342644
337	1343644
338	1344644
339	1345644
340	1346636
341	1347644
342	1348644
343	1349644
344	1350644
345	1351644
346	1352644
347	1353644
348	1354644
349	1355644
350	1356644
351	1357644
352	1358644
353	1359644
354	1360644
355	1361644
356	1362644
357	1363644
358	1364644
359	1365644
360	1366644
361	1367644
362	1368644
363	1369644
364	1370644
365	1371644
366	1372644
367	1373644
368	1374644
369	1375644
370	1376644
371	1377644
372	1378644
373	1379644
374	1380644
375	1381644
376	1382644
377	1383644
378	1384644
379	1385644
380	1386644
381	1387644
382	1388644
383	1389644
384	1390644
385	1391644
386	1392644
387	1393644
388	1394644
389	1395644
390	1396644
391	1397644
392	1398644
393	1399644
394	1400644
395	1401644
396	1402644
397	1403644
398	1404644
399	1405644
400	1406644
401	1407644
402	1408644
403	1409644
404	1410644
405	1411644
406	1412644
407	1413644
408	1414644
409	1415644
410	1416644
411	1417644
412	1418644
413	1419644
414	1420644
415	1421644
416	1422644
417	1423644
418	1424644
419	1425644
420	1426644
421	1427644
422	1428644
423	1429644
424	1430644
425	1431644
426	1432644
427	1433644
428	1434644
429	1435644
430	1436644
431	1437644
432	1438644
433	1439644
434	1440644
435	1441644
436	1442644
437	1443644
438	1444644
439	1445644
440	1446644
441	1447644
442	1448644
443	1449644
444	1450644
445	1451644
446	1452644
447	1453644
448	1454644
449	1455644
450	1456644
451	1457644
452	1458644
453	1459644
454	1460644
455	1461644
456	1462644
457	1463644
458	1464644
459	1465644
460	1466644
461	1467644
462	1468644
463	1469644
464	1470644
465	1471644
466	1472644
467	1473644
468	1474644
469	1475644
470	1476644
471	1477644
472	1478644
473	1479644
474	1480644
475	1481644
476	1482644
477	1483644
478	1484644
479	1485644
480	1486644
481	1487644
482	1488644
483	1489644
484	1490644
485	1491644
486	1492644
487	1493644
488	1494644
489	1495644
490	1496644
491	1497644
492	1498644
493	1499644
494	1500644
495	1501644
496	1502644
497	1503644
498	1504644
499	1505644
500	1506644
501	1507644
502	1508644
503	1509644
504	1510644
505	1511644
506	1512644
507	1513644
508	1514644
509	1515644
510	1516644
511	1517644
512	1518644
513	1519644
514	1520644
515	1521644
516	1522636
517	1523644
518	1524644
519	1525644
520	1526644
521	1527644
522	1528644
523	1529644
524	1530644
525	1531644
526	1532644
527	1533644
528	1534644
529	1535628
530	1536644
531	1537644
532	1538644
533	1539644
534	1540644
535	1541644
536	1542644
537	1543644
538	1544644
539	1545644
540	1546644
541	1547644
542	1548644
543	1549644
544	1550644
545	1551644
546	1552644
547	1553644
548	1554644
549	1555644
550	1556644
551	1557644
552	1558644
553	1559644
554	1560644
555	1561644
556	1562644
557	1563644
558	1564644
559	1565644
560	1566644
561	1567644
562	1568644
563	1569644
564	1570644
565	1571644
566	1572644
567	1573644
568	1574644
569	1575644
570	1576644
571	1577644
572	1578644
573	1579644
574	1580644
575	1581644
576	1582644
577	1583644
578	1584644
579	1585644
580	1586644
581	1587644
582	1588644
583	1589644
584	1590644
585	1591644
586	1592644
587	1593644
588	1594644
589	1595644
590	1596644
591	1597644
592	1598644
593	1599644
594	1600644
595	1601644
596	1602636
597	1603644
598	1604644
599	1605644
600	1606644
601	1607644
602	1608644
603	1609644
604	1610644
605	1611644
606	1612644
607	1613644
608	1614644
609	1615644
610	1616644
611	1617644
612	1618644
613	1619644
614	1620644
615	1621644
616	1622644
617	1623644
618	1624644
619	1625644
620	1626644
621	1627644
622	1628644
623	1629644
624	1630644
625	1631644
626	1632644
627	1633644
628	1634644
629	1635644
630	1636644
631	1637644
632	1638644
633	1639644
634	1640644
635	1641644
636	1642644
637	1643644
638	1644644
639	1645644
640	1646644
641	1647644
642	1648644
643	1649644
644	1650644
645	1651644
646	1652644
647	1653644
648	1654644
649	1655644
650	1656644
651	1657644
652	1658644
653	1659644
654	1660644
655	1661644
656	1662644
657	1663644
658	1664644
659	1665644
660	1666644
661	1667644
662	1668644
663	1669644
664	1670644
665	1671644
666	1672644
667	1673644
668	1674644
669	1675644
670	1676644
671	1677644
672	1678644
673	1679644
674	1680644
675	1681644
676	1682644
677	1683644
678	1684644
679	1685644
680	1686644
681	1687644
682	1688644
683	1689644
684	1690644
685	1691644
686	1692644
687	1693644
688	1694644
689	1695644
690	1696644
691	1697644
692	1698644
693	1699644
694	1700644
695	1701644
696	1702644
697	1703644
698	1704644
699	1705644
700	1706644
701	1707644
702	1708644
703	1709644
704	1710644
705	1711644
706	1712644
707	1713644
708	1714644
709	1715644
710	1716644
711	1717644
712	1718644
713	1719644
714	1720644
715	1721644
716	1722644
717	1723644
718	1724644
719	1725644
720	1726644
721	1727644
722	1728644
723	1729644
724	1730644
725	1731644
726	1732644
727	1733644
728	1734644
729	1735644
730	1736644
731	1737644
732	1738644
733	1739644
734	1740644
735	1741644
736	1742644
737	1743644
738	1744644
739	1745644
740	1746644
741	1747644
742	1748644
743	1749644
744	1750644
745	1751644
746	1752644
747	1753644
748	1754644
749	1755644
750	1756644
751	1757644
752	1758644
753	1759644
754	1760644
755	1761644
756	1762644
757	1763644
758	1764644
759	1765644
760	1766644
761	1767644
762	1768644
763	1769644
764	1770644
765	1771644
766	1772644
767	1773644
768	1774644
769	1775644
770	1776644
771	1777644
772	1778644
773	1779644
774	1780644
775	1781644
776	1782644
777	1783644
778	1784644
779	1785644
780	1786644
781	1787644
782	1788644
783	1789644
784	1790644
785	1791628
786	1792644
787	1793644
788	1794644
789	1795644
790	1796644
791	1797644
792	1798644
793	1799644
794	1800644
795	1801644
796	1802644
797	1803644
798	1804644
799	1805644
800	1806644
801	1807644
802	1808644
803	1809644
804	1810644
805	1811644
806	1812644
807	1813644
808	1814644
809	1815644
810	1816644
811	1817644
812	1818644
813	1819644
814	1820644
815	1821644
816	1822644
817	1823644
818	1824644
819	1825644
820	1826644
821	1827644
822	1828644
823	1829644
824	1830644
825	1831644
826	1832644
827	1833644
828	1834644
829	1835644
830	1836644
831	1837644
832	1838644
833	1839644
834	1840644
835	1841644
836	1842644
837	1843644
838	1844644
839	1845644
840	1846644
841	1847644
842	1848644
843	1849644
844	1850644
845	1851644
846	1852644
847	1853644
848	1854644
849	1855644
850	1856644
851	1857644
852	1858636
853	1859644
854	1860644
855	1861644
856	1862644
857	1863644
858	1864644
859	1865644
860	1866644
861	1867644
862	1868644
863	1869644
864	1870644
865	1871644
866	1872644
867	1873644
868	1874644
869	1875644
870	1876644
871	1877644
872	1878644
873	1879644
874	1880644
875	1881644
876	1882644
877	1883644
878	1884644
879	1885644
880	1886644
881	1887644
882	1888644
883	1889644
884	1890644
885	1891644
886	1892644
887	1893644
888	1894644
889	1895644
890	1896644
891	1897644
892	1898644
893	1899644
894	1900644
895	1901644
896	1902644
897	1903644
898	1904644
899	1905644
900	1906644
901	1907644
902	1908644
903	1909644
904	1910644
905	1911644
906	1912644
907	1913644
908	1914644
909	1915644
910	1916644
911	1917644
912	1918644
913	1919644
914	1920644
915	1921644
916	1922644
917	1923644
918	1924644
919	1925644
920	1926644
921	1927644
922	1928644
923	1929644
924	1930644
925	1931644
926	1932644
927	1933644
928	1934644
929	1935644
930	1936644
931	1937644
932	1938644
933	1939644
934	1940644
935	1941644
936	1942644
937	1943644
938	1944644
939	1945644
940	1946644
941	1947644
942	1948644
943	1949644
944	1950644
945	1951644
946	1952644
947	1953644
948	1954644
949	1955644
950	1956644
951	1957644
952	1958644
953	1959644
954	1960644
955	1961644
956	1962644
957	1963644
958	1964644
959	1965644
960	1966644
961	1967644
962	1968644
963	1969644
964	1970644
965	1971644
966	1972644
967	1973644
968	1974644
969	1975644
970	1976644
971	1977644
972	1978644
973	1979644
974	1980644
975	1981644
976	1982644
977	1983644
978	1984644
979	1985644
980	1986644
981	1987644
982	1988644
983	1989644
984	1990644
985	1991644
986	1992644
987	1993644
988	1994644
989	1995644
990	1996644
991	1997644
992	1998644
993	1999644
994	2000644
995	2001644
996	2002644
997	2003644
998	2004644
999	2005644
1000	2006644
1001	2007644
1002	2008644
1003	2009644
1004	2010644
1005	2011644
1006	2012644
1007	2013644
1008	2014644
1009	2015644
1010	2016644
1011	2017644
1012	2018644
1013	2019644
1014	2020644
1015	2021644
1016	2022644
1017	2023644
1018	2024644
1019	2025644
1020	2026644
1021	2027644
1022	2028644
1023	2029644
1024	2030644
1025	2031644
1026	2032644
1027	2033644
1028	2034644
1029	2035644
1030	2036644
1031	2037644
1032	2038644
1033	2039644
1034	2040644
1035	2041644
1036	2042644
1037	2043644
1038	2044644
1039	2045644
1040	2046644
1041	2047628
1042	2048644
1043	2049644
1044	2050644
1045	2051644
1046	2052644
1047	2053644
1048	2054644
1049	2055644
1050	2056644
1051	2057644
1052	2058644
1053	2059644
1054	2060644
1055	2061644
1056	2062644
1057	2063644
1058	2064644
1059	2065644
1060	2066644
1061	2067644
1062	2068644
1063	2069644
1064	2070644
1065	2071644
1066	2072644
1067	2073644
1068	2074644
1069	2075644
1070	2076644
1071	2077644
1072	2078644
1073	2079644
1074	2080644
1075	2081644
1076	2082644
1077	2083644
1078	2084644
1079	2085644
1080	2086644
1081	2087644
1082	2088644
1083	2089644
1084	2090644
1085	2091644
1086	2092644
1087	2093644
1088	2094644
1089	2095644
1090	2096644
1091	2097644
1092	2098644
1093	2099644
1094	2100644
1095	2101644
1096	2102644
1097	2103644
1098	2104644
1099	2105644
1100	2106644
1101	2107644
1102	2108644
1103	2109644
1104	2110644
1105	2111644
1106	2112644
1107	2113644
1108	2114620
1109	2115644
1110	2116644
1111	2117644
1112	2118644
1113	2119644
1114	2120644
1115	2121644
1116	2122644
1117	2123644
1118	2124644
1119	2125644
1120	2126644
1121	2127644
1122	2128644
1123	2129644
1124	2130644
1125	2131644
1126	2132644
1127	2133644
1128	2134644
1129	2135644
1130	2136644
1131	2137644
1132	2138644
1133	2139644
1134	2140644
1135	2141644
1136	2142644
1137	2143644
1138	2144644
1139	2145644
1140	2146644
1141	2147644
1142	2148644
1143	2149644
1144	2150644
1145	2151644
1146	2152644
1147	2153644
1148	2154644
1149	2155644
1150	2156644
1151	2157644
1152	2158644
1153	2159644
1154	2160644
1155	2161644
1156	2162644
1157	2163644
1158	2164644
1159	2165644
1160	2166644
1161	2167644
1162	2168644
1163	2169644
1164	2170644
1165	2171644
1166	2172644
1167	2173644
1168	2174644
1169	2175644
1170	2176644
1171	2177644
1172	2178644
1173	2179644
1174	2180644
1175	2181644
1176	2182644
1177	2183644
1178	2184644
1179	2185644
1180	2186644
1181	2187644
1182	2188644
1183	2189644
1184	2190644
1185	2191644
1186	2192644
1187	2193644
1188	2194644
1189	2195644
1190	2196644
1191	2197644
1192	2198644
1193	2199644
1194	2200644
1195	2201644
1196	2202644
1197	2203644
1198	2204644
1199	2205644
1200	2206644
1201	2207644
1202	2208644
1203	2209644
1204	2210644
1205	2211644
1206	2212644
1207	2213644
1208	2214644
1209	2215644
1210	2216644
1211	2217644
1212	2218644
1213	2219644
1214	2220644
1215	2221644
1216	2222644
1217	2223644
1218	2224644
1219	2225644
1220	2226644
1221	2227644
1222	2228644
1223	2229644
1224	2230644
1225	2231644
1226	2232644
1227	2233644
1228	2234644
1229	2235644
1230	2236644
1231	2237644
1232	2238644
1233	2239644
1234	2240644
1235	2241644
1236	2242644
1237	2243644
1238	2244644
1239	2245644
1240	2246644
1241	2247644
1242	2248644
1243	2249644
1244	2250644
1245	2251644
1246	2252644
1247	2253644
1248	2254644
1249	2255644
1250	2256644
1251	2257644
1252	2258644
1253	2259644
1254	2260644
1255	2261644
1256	2262644
1257	2263644
1258	2264644
1259	2265644
1260	2266644
1261	2267644
1262	2268644
1263	2269644
1264	2270644
1265	2271644
1266	2272644
1267	2273644
1268	2274644
1269	2275644
1270	2276644
1271	2277644
1272	2278644
1273	2279644
1274	2280644
1275	2281644
1276	2282644
1277	2283644
1278	2284644
1279	2285644
1280	2286644
1281	2287644
1282	2288644
1283	2289644
1284	2290636
1285	2291644
1286	2292644
1287	2293644
1288	2294644
1289	2295644
1290	2296644
1291	2297644
1292	2298644
1293	2299644
1294	2300644
1295	2301644
1296	2302644
1297	2303628
1298	2304644
1299	2305644
1300	2306644
1301	2307644
1302	2308644
1303	2309644
1304	2310644
1305	2311644
1306	2312644
1307	2313644
1308	2314644
1309	2315644
1310	2316644
1311	2317644
1312	2318644
1313	2319644
1314	2320644
1315	2321644
1316	2322644
1317	2323644
1318	2324644
1319	2325644
1320	2326644
1321	2327644
1322	2328644
1323	2329644
1324	2330644
1325	2331644
1326	2332644
1327	2333644
1328	2334644
1329	2335644
1330	2336644
1331	2337644
1332	2338644
1333	2339644
1334	2340644
1335	2341644
1336	2342644
1337	2343644
1338	2344644
1339	2345644
1340	2346644
1341	2347644
1342	2348644
1343	2349644
1344	2350644
1345	2351644
1346	2352644
1347	2353644
1348	2354644
1349	2355644
1350	2356644
1351	2357644
1352	2358644
1353	2359644
1354	2360644
1355	2361644
1356	2362644
1357	2363644
1358	2364644
1359	2365644
1360	2366644
1361	2367644
1362	2368644
1363	2369644
1364	2370636
1365	2371644
1366	2372644
1367	2373644
1368	2374644
1369	2375644
1370	2376644
1371	2377644
1372	2378644
1373	2379644
1374	2380644
1375	2381644
1376	2382644
1377	2383644
1378	2384644
1379	2385644
1380	2386644
1381	2387644
1382	2388644
1383	2389644
1384	2390644
1385	2391644
1386	2392644
1387	2393644
1388	2394644
1389	2395644
1390	2396644
1391	2397644
1392	2398644
1393	2399644
1394	2400644
1395	2401644
1396	2402644
1397	2403644
1398	2404644
1399	2405644
1400	2406644
1401	2407644
1402	2408644
1403	2409644
1404	2410644
1405	2411644
1406	2412644
1407	2413644
1408	2414644
1409	2415644
1410	2416644
1411	2417644
1412	2418644
1413	2419644
1414	2420644
1415	2421644
1416	2422644
1417	2423644
1418	2424644
1419	2425644
1420	2426644
1421	2427644
1422	2428644
1423	2429644
1424	2430644
1425	2431644
1426	2432644
1427	2433644
1428	2434644
1429	2435644
1430	2436644
1431	2437644
1432	2438644
1433	2439644
1434	2440644
1435	2441644
1436	2442644
1437	2443644
1438	2444644
1439	2445644
1440	2446644
1441	2447644
1442	2448644
1443	2449644
1444	2450644
1445	2451644
1446	2452644
1447	2453644
1448	2454644
1449	2455644
1450	2456644
1451	2457644
1452	2458644
1453	2459644
1454	2460644
1455	2461644
1456	2462644
1457	2463644
1458	2464644
1459	2465644
1460	2466644
1461	2467644
1462	2468644
1463	2469644
1464	2470644
1465	2471644
1466	2472644
1467	2473644
1468	2474644
1469	2475644
1470	2476644
1471	2477644
1472	2478644
1473	2479644
1474	2480644
1475	2481644
1476	2482644
1477	2483644
1478	2484644
1479	2485644
1480	2486644
1481	2487644
1482	2488644
1483	2489644
1484	2490644
1485	2491644
1486	2492644
1487	2493644
1488	2494644
1489	2495644
1490	2496644
1491	2497644
1492	2498644
1493	2499644
1494	2500644
1495	2501644
1496	2502644
1497	2503644
1498	2504644
1499	2505644
1500	2506644
1501	2507644
1502	2508644
1503	2509644
1504	2510644
1505	2511644
1506	2512644
1507	2513644
1508	2514644
1509	2515644
1510	2516644
1511	2517644
1512	2518644
1513	2519644
1514	2520644
1515	2521644
1516	2522644
1517	2523644
1518	2524644
1519	2525644
1520	2526644
1521	2527644
1522	2528644
1523	2529644
1524	2530644
1525	2531644
1526	2532644
1527	2533644
1528	2534644
1529	2535644
1530	2536644
1531	2537644
1532	2538644
1533	2539644
1534	2540644
1535	2541644
1536	2542644
1537	2543644
1538	2544644
1539	2545644
1540	2546644
1541	2547644
1542	2548644
1543	2549644
1544	2550644
1545	2551644
1546	2552644
1547	2553644
1548	2554644
1549	2555644
1550	2556644
1551	2557644
1552	2558644
1553	2559628
1554	2560644
1555	2561644
1556	2562644
1557	2563644
1558	2564644
1559	2565644
1560	2566644
1561	2567644
1562	2568644
1563	2569644
1564	2570644
1565	2571644
1566	2572644
1567	2573644
1568	2574644
1569	2575644
1570	2576644
1571	2577644
1572	2578644
1573	2579644
1574	2580644
1575	2581644
1576	2582644
1577	2583644
1578	2584644
1579	2585644
1580	2586644
1581	2587644
1582	2588644
1583	2589644
1584	2590644
1585	2591644
1586	2592644
1587	2593644
1588	2594644
1589	2595644
1590	2596644
1591	2597644
1592	2598644
1593	2599644
1594	2600644
1595	2601644
1596	2602644
1597	2603644
1598	2604644
1599	2605644
1600	2606644
1601	2607644
1602	2608644
1603	2609644
1604	2610644
1605	2611644
1606	2612644
1607	2613644
1608	2614644
1609	2615644
1610	2616644
1611	2617644
1612	2618644
1613	2619644
1614	2620644
1615	2621644
1616	2622644
1617	2623644
1618	2624644
1619	2625644
1620	2626636
1621	2627644
1622	2628644
1623	2629644
1624	2630644
1625	2631644
1626	2632644
1627	2633644
1628	2634644
1629	2635644
1630	2636644
1631	2637644
1632	2638644
1633	2639644
1634	2640644
1635	2641644
1636	2642644
1637	2643644
1638	2644644
1639	2645644
1640	2646644
1641	2647644
1642	2648644
1643	2649644
1644	2650644
1645	2651644
1646	2652644
1647	2653644
1648	2654644
1649	2655644
1650	2656644
1651	2657644
1652	2658644
1653	2659644
1654	2660644
1655	2661644
1656	2662644
1657	2663644
1658	2664644
1659	2665644
1660	2666644
1661	2667644
1662	2668644
1663	2669644
1664	2670644
1665	2671644
1666	2672644
1667	2673644
1668	2674644
1669	2675644
1670	2676644
1671	2677644
1672	2678644
1673	2679644
1674	2680644
1675	2681644
1676	2682644
1677	2683644
1678	2684644
1679	2685644
1680	2686644
1681	2687644
1682	2688644
1683	2689644
1684	2690644
1685	2691644
1686	2692644
1687	2693644
1688	2694644
1689	2695644
1690	2696644
1691	2697644
1692	2698644
1693	2699644
1694	2700644
1695	2701644
1696	2702644
1697	2703644
1698	2704644
1699	2705644
1700	2706644
1701	2707644
1702	2708644
1703	2709644
1704	2710644
1705	2711644
1706	2712644
1707	2713644
1708	2714644
1709	2715644
1710	2716644
1711	2717644
1712	2718644
1713	2719644
1714	2720644
1715	2721644
1716	2722644
1717	2723644
1718	2724644
1719	2725644
1720	2726644
1721	2727644
1722	2728644
1723	2729644
1724	2730644
1725	2731644
1726	2732644
1727	2733644
1728	2734644
1729	2735644
1730	2736644
1731	2737644
1732	2738644
1733	2739644
1734	2740644
1735	2741644
1736	2742644
1737	2743644
1738	2744644
1739	2745644
1740	2746644
1741	2747644
1742	2748644
1743	2749644
1744	2750644
1745	2751644
1746	2752644
1747	2753644
1748	2754644
1749	2755644
1750	2756644
1751	2757644
1752	2758644
1753	2759644
1754	2760644
1755	2761644
1756	2762644
1757	2763644
1758	2764644
1759	2765644
1760	2766644
1761	2767644
1762	2768644
1763	2769644
1764	2770644
1765	2771644
1766	2772644
1767	2773644
1768	2774644
1769	2775644
1770	2776644
1771	2777644
1772	2778644
1773	2779644
1774	2780644
1775	2781644
1776	2782644
1777	2783644
1778	2784644
1779	2785644
1780	2786644
1781	2787644
1782	2788644
1783	2789644
1784	2790644
1785	2791644
1786	2792644
1787	2793644
1788	2794644
1789	2795644
1790	2796644
1791	2797644
1792	2798644
1793	2799644
1794	2800644
1795	2801644
1796	2802644
1797	2803644
1798	2804644
1799	2805644
1800	2806644
1801	2807644
1802	2808644
1803	2809644
1804	2810644
1805	2811644
1806	2812644
1807	2813644
1808	2814644
1809	2815628
1810	2816644
1811	2817644
1812	2818644
1813	2819644
1814	2820644
1815	2821644
1816	2822644
1817	2823644
1818	2824644
1819	2825644
1820	2826644
1821	2827644
1822	2828644
1823	2829644
1824	2830644
1825	2831644
1826	2832644
1827	2833644
1828	2834644
1829	2835644
1830	2836644
1831	2837644
1832	2838644
1833	2839644
1834	2840644
1835	2841644
1836	2842644
1837	2843644
1838	2844644
1839	2845644
1840	2846644
1841	2847644
1842	2848644
1843	2849644
1844	2850644
1845	2851644
1846	2852644
1847	2853644
1848	2854644
1849	2855644
1850	2856644
1851	2857644
1852	2858636
1853	2859644
1854	2860644
1855	2861644
1856	2862644
1857	2863644
1858	2864644
1859	2865644
1860	2866644
1861	2867644
1862	2868644
1863	2869644
1864	2870644
1865	2871644
1866	2872644
1867	2873644
1868	2874644
1869	2875644
1870	2876644
1871	2877644
1872	2878644
1873	2879644
1874	2880644
1875	2881644
1876	2882636
1877	2883644
1878	2884644
1879	2885644
1880	2886644
1881	2887644
1882	2888644
1883	2889644
1884	2890644
1885	2891644
1886	2892644
1887	2893644
1888	2894644
1889	2895644
1890	2896644
1891	2897644
1892	2898644
1893	2899644
1894	2900644
1895	2901644
1896	2902644
1897	2903644
1898	2904644
1899	2905644
1900	2906644
1901	2907644
1902	2908644
1903	2909644
1904	2910644
1905	2911644
1906	2912644
1907	2913644
1908	2914644
1909	2915644
1910	2916644
1911	2917644
1912	2918644
1913	2919644
1914	2920644
1915	2921644
1916	2922644
1917	2923644
1918	2924644
1919	2925644
1920	2926644
1921	2927644
1922	2928644
1923	2929644
1924	2930644
1925	2931644
1926	2932644
1927	2933644
1928	2934644
1929	2935644
1930	2936644
1931	2937644
1932	2938644
1933	2939644
1934	2940644
1935	2941644
1936	2942644
1937	2943644
1938	2944644
1939	2945644
1940	2946644
1941	2947644
1942	2948644
1943	2949644
1944	2950644
1945	2951644
1946	2952644
1947	2953644
1948	2954644
1949	2955644
1950	2956644
1951	2957644
1952	2958644
1953	2959644
1954	2960644
1955	2961644
1956	2962644
1957	2963644
1958	2964644
1959	2965644
1960	2966644
1961	2967644
1962	2968644
1963	2969644
1964	2970644
1965	2971644
1966	2972644
1967	2973644
1968	2974644
1969	2975644
1970	2976644
1971	2977644
1972	2978644
1973	2979644
1974	2980644
1975	2981644
1976	2982644
1977	2983644
1978	2984644
1979	2985644
1980	2986644
1981	2987644
1982	2988644
1983	2989644
1984	2990644
1985	2991644
1986	2992644
1987	2993644
1988	2994644
1989	2995644
1990	2996644
1991	2997644
1992	2998644
1993	2999644
1994	3000644
1995	3001644
1996	3002644
1997	3003644
1998	3004644
1999	3005644
2000	3006644
2001	3007644
2002	3008644
2003	3009644
2004	3010644
2005	3011644
2006	3012644
2007	3013644
2008	3014644
2009	3015644
2010	3016644
2011	3017644
2012	3018644
2013	3019644
2014	3020644
2015	3021644
2016	3022644
2017	3023644
2018	3024644
2019	3025644
2020	3026644
2021	3027644
2022	3028644
2023	3029644
2024	3030644
2025	3031644
2026	3032644
2027	3033644
2028	3034644
2029	3035644
2030	3036644
2031	3037644
2032	3038644
2033	3039644
2034	3040644
2035	3041644
2036	3042644
2037	3043644
2038	3044644
2039	3045644
2040	3046644
2041	3047644
2042	3048644
2043	3049644
2044	3050644
2045	3051644
2046	3052644
2047	3053644
2048	3054644
2049	3055644
2050	3056644
2051	3057644
2052	3058644
2053	3059644
2054	3060644
2055	3061644
2056	3062644
2057	3063644
2058	3064644
2059	3065644
2060	3066644
2061	3067644
2062	3068644
2063	3069644
2064	3070644
2065	3071628
2066	3072644
2067	3073644
2068	3074644
2069	3075644
2070	3076644
2071	3077644
2072	3078644
2073	3079644
2074	3080644
2075	3081644
2076	3082644
2077	3083644
2078	3084644
2079	3085644
2080	3086644
2081	3087644
2082	3088644
2083	3089644
2084	3090644
2085	3091644
2086	3092644
2087	3093644
2088	3094644
2089	3095644
2090	3096644
2091	3097644
2092	3098644
2093	3099644
2094	3100644
2095	3101644
2096	3102644
2097	3103644
2098	3104644
2099	3105644
2100	3106644
2101	3107644
2102	3108644
2103	3109644
2104	3110644
2105	3111644
2106	3112644
2107	3113644
2108	3114644
2109	3115644
2110	3116644
2111	3117644
2112	3118644
2113	3119644
2114	3120644
2115	3121644
2116	3122644
2117	3123644
2118	3124644
2119	3125644
2120	3126644
2121	3127644
2122	3128644
2123	3129644
2124	3130644
2125	3131644
2126	3132644
2127	3133644
2128	3134644
2129	3135644
2130	3136644
2131	3137644
2132	3138636
2133	3139644
2134	3140644
2135	3141644
2136	3142644
2137	3143644
2138	3144644
2139	3145644
2140	3146644
2141	3147644
2142	3148644
2143	3149644
2144	3150644
2145	3151644
2146	3152644
2147	3153644
2148	3154644
2149	3155644
2150	3156644
2151	3157644
2152	3158644
2153	3159644
2154	3160644
2155	3161644
2156	3162644
2157	3163644
2158	3164644
2159	3165644
2160	3166644
2161	3167644
2162	3168644
2163	3169644
2164	3170644
2165	3171644
2166	3172644
2167	3173644
2168	3174644
2169	3175644
2170	3176644
2171	3177644
2172	3178644
2173	3179644
2174	3180644
2175	3181644
2176	3182644
2177	3183644
2178	3184644
2179	3185644
2180	3186644
2181	3187644
2182	3188644
2183	3189644
2184	3190644
2185	3191644
2186	3192644
2187	3193644
2188	3194644
2189	3195644
2190	3196644
2191	3197644
2192	3198644
2193	3199644
2194	3200644
2195	3201644
2196	3202644
2197	3203644
2198	3204644
2199	3205644
2200	3206644
2201	3207644
2202	3208644
2203	3209644
2204	3210644
2205	3211644
2206	3212644
2207	3213644
2208	3214644
2209	3215644
2210	3216644
2211	3217644
2212	3218644
2213	3219644
2214	3220644
2215	3221644
2216	3222644
2217	3223644
2218	3224644
2219	3225644
2220	3226644
2221	3227644
2222	3228644
2223	3229644
2224	3230644
2225	3231644
2226	3232644
2227	3233644
2228	3234644
2229	3235644
2230	3236644
2231	3237644
2232	3238644
2233	3239644
2234	3240644
2235	3241644
2236	3242644
2237	3243644
2238	3244644
2239	3245644
2240	3246644
2241	3247644
2242	3248644
2243	3249644
2244	3250644
2245	3251644
2246	3252644
2247	3253644
2248	3254644
2249	3255644
2250	3256644
2251	3257644
2252	3258644
2253	3259644
2254	3260644
2255	3261644
2256	3262644
2257	3263644
2258	3264644
2259	3265644
2260	3266644
2261	3267644
2262	3268644
2263	3269644
2264	3270644
2265	3271644
2266	3272644
2267	3273644
2268	3274644
2269	3275644
2270	3276644
2271	3277644
2272	3278644
2273	3279644
2274	3280644
2275	3281644
2276	3282644
2277	3283644
2278	3284644
2279	3285644
2280	3286644
2281	3287644
2282	3288644
2283	3289644
2284	3290644
2285	3291644
2286	3292644
2287	3293644
2288	3294644
2289	3295644
2290	3296644
2291	3297644
2292	3298644
2293	3299644
2294	3300644
2295	3301644
2296	3302644
2297	3303644
2298	3304644
2299	3305644
2300	3306644
2301	3307644
2302	3308644
2303	3309644
2304	3310644
2305	3311644
2306	3312644
2307	3313644
2308	3314644
2309	3315644
2310	3316644
2311	3317644
2312	3318644
2313	3319644
2314	3320644
2315	3321644
2316	3322644
2317	3323644
2318	3324644
2319	3325644
2320	3326644
2321	3327628
2322	3328644
2323	3329644
2324	3330644
2325	3331644
2326	3332644
2327	3333644
2328	3334644
2329	3335644
2330	3336644
2331	3337644
2332	3338644
2333	3339644
2334	3340644
2335	3341644
2336	3342644
2337	3343644
2338	3344644
2339	3345644
2340	3346644
2341	3347644
2342	3348644
2343	3349644
2344	3350644
2345	3351644
2346	3352644
2347	3353644
2348	3354644
2349	3355644
2350	3356644
2351	3357644
2352	3358644
2353	3359644
2354	3360644
2355	3361644
2356	3362644
2357	3363644
2358	3364644
2359	3365644
2360	3366644
2361	3367644
2362	3368644
2363	3369644
2364	3370644
2365	3371644
2366	3372644
2367	3373644
2368	3374644
2369	3375644
2370	3376644
2371	3377644
2372	3378644
2373	3379644
2374	3380644
2375	3381644
2376	3382644
2377	3383644
2378	3384644
2379	3385644
2380	3386644
2381	3387644
2382	3388644
2383	3389644
2384	3390644
2385	3391644
2386	3392644
2387	3393644
2388	3394636
2389	3395644
2390	3396644
2391	3397644
2392	3398644
2393	3399644
2394	3400644
2395	3401644
2396	3402644
2397	3403644
2398	3404644
2399	3405644
2400	3406644
2401	3407644
2402	3408644
2403	3409644
2404	3410644
2405	3411644
2406	3412644
2407	3413644
2408	3414644
2409	3415644
2410	3416644
2411	3417644
2412	3418644
2413	3419644
2414	3420644
2415	3421644
2416	3422644
2417	3423644
2418	3424644
2419	3425644
2420	3426644
2421	3427644
2422	3428644
2423	3429644
2424	3430644
2425	3431644
2426	3432644
2427	3433644
2428	3434644
2429	3435644
2430	3436644
2431	3437644
2432	3438644
2433	3439644
2434	3440644
2435	3441644
2436	3442644
2437	3443644
2438	3444644
2439	3445644
2440	3446644
2441	3447644
2442	3448644
2443	3449644
2444	3450644
2445	3451644
2446	3452644
2447	3453644
2448	3454644
2449	3455644
2450	3456644
2451	3457644
2452	3458644
2453	3459644
2454	3460644
2455	3461644
2456	3462644
2457	3463644
2458	3464644
2459	3465644
2460	3466644
2461	3467644
2462	3468644
2463	3469644
2464	3470644
2465	3471644
2466	3472644
2467	3473644
2468	3474644
2469	3475644
2470	3476644
2471	3477644
2472	3478644
2473	3479644
2474	3480644
2475	3481644
2476	3482644
2477	3483644
2478	3484644
2479	3485644
2480	3486644
2481	3487644
2482	3488644
2483	3489644
2484	3490644
2485	3491644
2486	3492644
2487	3493644
2488	3494644
2489	3495644
2490	3496644
2491	3497644
2492	3498644
2493	3499644
2494	3500644
2495	3501644
2496	3502644
2497	3503644
2498	3504644
2499	3505644
2500	3506644
2501	3507644
2502	3508644
2503	3509644
2504	3510644
2505	3511644
2506	3512644
2507	3513644
2508	3514644
2509	3515644
2510	3516644
2511	3517644
2512	3518644
2513	3519644
2514	3520644
2515	3521644
2516	3522644
2517	3523644
2518	3524644
2519	3525644
2520	3526644
2521	3527644
2522	3528644
2523	3529644
2524	3530644
2525	3531644
2526	3532644
2527	3533644
2528	3534644
2529	3535644
2530	3536644
2531	3537644
2532	3538644
2533	3539644
2534	3540644
2535	3541644
2536	3542644
2537	3543644
2538	3544644
2539	3545644
2540	3546644
2541	3547644
2542	3548644
2543	3549644
2544	3550644
2545	3551644
2546	3552644
2547	3553644
2548	3554644
2549	3555644
2550	3556644
2551	3557644
2552	3558644
2553	3559644
2554	3560644
2555	3561644
2556	3562644
2557	3563644
2558	3564644
2559	3565644
2560	3566644
2561	3567636
2562	3568644
2563	3569644
2564	3570644
2565	3571644
2566	3572644
2567	3573644
2568	3574644
2569	3575644
2570	3576644
2571	3577644
2572	3578644
2573	3579644
2574	3580644
2575	3581644
2576	3582644
2577	3583628
2578	3584644
2579	3585644
2580	3586644
2581	3587644
2582	3588644
2583	3589644
2584	3590644
2585	3591644
2586	3592644
2587	3593644
2588	3594644
2589	3595644
2590	3596644
2591	3597644
2592	3598644
2593	3599644
2594	3600644
2595	3601644
2596	3602644
2597	3603644
2598	3604644
2599	3605644
2600	3606644
2601	3607644
2602	3608644
2603	3609644
2604	3610644
2605	3611644
2606	3612644
2607	3613644
2608	3614644
2609	3615644
2610	3616644
2611	3617644
2612	3618644
2613	3619644
2614	3620644
2615	3621644
2616	3622644
2617	3623644
2618	3624644
2619	3625644
2620	3626644
2621	3627644
2622	3628644
2623	3629644
2624	3630644
2625	3631644
2626	3632644
2627	3633644
2628	3634644
2629	3635644
2630	3636644
2631	3637644
2632	3638644
2633	3639644
2634	3640644
2635	3641644
2636	3642644
2637	3643644
2638	3644644
2639	3645644
2640	3646644
2641	3647644
2642	3648644
2643	3649644
2644	3650628
2645	3651644
2646	3652644
2647	3653644
2648	3654644
2649	3655644
2650	3656644
2651	3657644
2652	3658644
2653	3659644
2654	3660644
2655	3661644
2656	3662644
2657	3663644
2658	3664644
2659	3665644
2660	3666644
2661	3667644
2662	3668644
2663	3669644
2664	3670644
2665	3671644
2666	3672644
2667	3673644
2668	3674644
2669	3675644
2670	3676644
2671	3677644
2672	3678644
2673	3679644
2674	3680644
2675	3681644
2676	3682644
2677	3683644
2678	3684644
2679	3685644
2680	3686644
2681	3687644
2682	3688644
2683	3689644
2684	3690644
2685	3691644
2686	3692644
2687	3693644
2688	3694644
2689	3695644
2690	3696644
2691	3697644
2692	3698644
2693	3699644
2694	3700644
2695	3701644
2696	3702644
2697	3703644
2698	3704644
2699	3705644
2700	3706644
2701	3707644
2702	3708644
2703	3709644
2704	3710644
2705	3711644
2706	3712644
2707	3713644
2708	3714644
2709	3715644
2710	3716644
2711	3717644
2712	3718644
2713	3719644
2714	3720644
2715	3721644
2716	3722644
2717	3723644
2718	3724644
2719	3725644
2720	3726644
2721	3727644
2722	3728644
2723	3729644
2724	3730644
2725	3731644
2726	3732644
2727	3733644
2728	3734644
2729	3735644
2730	3736644
2731	3737644
2732	3738644
2733	3739644
2734	3740644
2735	3741644
2736	3742644
2737	3743644
2738	3744644
2739	3745644
2740	3746644
2741	3747644
2742	3748644
2743	3749644
2744	3750644
2745	3751644
2746	3752644
2747	3753644
2748	3754644
2749	3755644
2750	3756644
2751	3757644
2752	3758644
2753	3759644
2754	3760644
2755	3761644
2756	3762644
2757	3763644
2758	3764644
2759	3765644
2760	3766644
2761	3767644
2762	3768644
2763	3769644
2764	3770644
2765	3771644
2766	3772644
2767	3773644
2768	3774644
2769	3775644
2770	3776644
2771	3777644
2772	3778644
2773	3779644
2774	3780644
2775	3781644
2776	3782644
2777	3783644
2778	3784644
2779	3785644
2780	3786644
2781	3787644
2782	3788644
2783	3789644
2784	3790644
2785	3791644
2786	3792644
2787	3793644
2788	3794644
2789	3795644
2790	3796644
2791	3797644
2792	3798644
2793	3799644
2794	3800644
2795	3801644
2796	3802644
2797	3803644
2798	3804644
2799	3805644
2800	3806950
2801	3807644
2802	3808644
2803	3809644
2804	3810644
2805	3811644
2806	3812644
2807	3813644
2808	3814644
2809	3815644
2810	3816644
2811	3817644
2812	3818644
2813	3819644
2814	3820644
2815	3821644
2816	3822644
2817	3823644
2818	3824644
2819	3825644
2820	3826644
2821	3827644
2822	3828644
2823	3829644
2824	3830644
2825	3831644
2826	3832644
2827	3833644
2828	3834644
2829	3835644
2830	3836644
2831	3837644
2832	3838644
2833	3839628
2834	3840644
2835	3841644
2836	3842644
2837	3843644
2838	3844644
2839	3845644
2840	3846644
2841	3847644
2842	3848644
2843	3849644
2844	3850644
2845	3851644
2846	3852644
2847	3853644
2848	3854644
2849	3855644
2850	3856644
2851	3857644
2852	3858644
2853	3859644
2854	3860644
2855	3861644
2856	3862644
2857	3863644
2858	3864644
2859	3865644
2860	3866644
2861	3867644
2862	3868644
2863	3869644
2864	3870644
2865	3871644
2866	3872644
2867	3873644
2868	3874644
2869	3875644
2870	3876644
2871	3877644
2872	3878644
2873	3879644
2874	3880644
2875	3881644
2876	3882644
2877	3883644
2878	3884644
2879	3885644
2880	3886644
2881	3887644
2882	3888644
2883	3889644
2884	3890644
2885	3891644
2886	3892644
2887	3893644
2888	3894644
2889	3895644
2890	3896644
2891	3897644
2892	3898644
2893	3899644
2894	3900644
2895	3901644
2896	3902644
2897	3903644
2898	3904644
2899	3905644
2900	3906636
2901	3907644
2902	3908644
2903	3909644
2904	3910644
2905	3911644
2906	3912644
2907	3913644
2908	3914644
2909	3915644
2910	3916644
2911	3917644
2912	3918644
2913	3919644
2914	3920644
2915	3921644
2916	3922644
2917	3923644
2918	3924644
2919	3925644
2920	3926644
2921	3927644
2922	3928644
2923	3929644
2924	3930644
2925	3931644
2926	3932644
2927	3933644
2928	3934644
2929	3935644
2930	3936644
2931	3937644
2932	3938644
2933	3939644
2934	3940644
2935	3941644
2936	3942644
2937	3943644
2938	3944644
2939	3945644
2940	3946644
2941	3947644
2942	3948644
2943	3949644
2944	3950644
2945	3951644
2946	3952644
2947	3953644
2948	3954644
2949	3955644
2950	3956644
2951	3957644
2952	3958644
2953	3959644
2954	3960644
2955	3961644
2956	3962644
2957	3963644
2958	3964644
2959	3965644
2960	3966644
2961	3967644
2962	3968644
2963	3969644
2964	3970644
2965	3971644
2966	3972644
2967	3973644
2968	3974644
2969	3975644
2970	3976644
2971	3977644
2972	3978644
2973	3979644
2974	3980644
2975	3981644
2976	3982644
2977	3983644
2978	3984644
2979	3985644
2980	3986644
2981	3987644
2982	3988644
2983	3989644
2984	3990644
2985	3991644
2986	3992644
2987	3993644
2988	3994644
2989	3995644
2990	3996644
2991	3997644
2992	3998644
2993	3999644
2994	4000644
2995	4001644
2996	4002644
2997	4003644
2998	4004644
2999	4005644
3000	4006644
3001	4007644
3002	4008644
3003	4009644
3004	4010644
3005	4011644
3006	4012644
3007	4013644
3008	4014644
3009	4015644
3010	4016644
3011	4017644
3012	4018644
3013	4019644
3014	4020644
3015	4021644
3016	4022644
3017	4023644
3018	4024644
3019	4025644
3020	4026644
3021	4027644
3022	4028644
3023	4029644
3024	4030644
3025	4031644
3026	4032644
3027	4033644
3028	4034644
3029	4035644
3030	4036644
3031	4037644
3032	4038644
3033	4039644
3034	4040644
3035	4041644
3036	4042644
3037	4043644
3038	4044644
3039	4045644
3040	4046644
3041	4047644
3042	4048644
3043	4049644
3044	4050644
3045	4051644
3046	4052644
3047	4053644
3048	4054644
3049	4055644
3050	4056644
3051	4057644
3052	4058644
3053	4059644
3054	4060644
3055	4061644
3056	4062644
3057	4063644
3058	4064644
3059	4065644
3060	4066644
3061	4067644
3062	4068644
3063	4069644
3064	4070644
3065	4071644
3066	4072644
3067	4073644
3068	4074644
3069	4075644
3070	4076644
3071	4077644
3072	4078644
3073	4079644
3074	4080644
3075	4081644
3076	4082644
3077	4083644
3078	4084644
3079	4085644
3080	4086644
3081	4087644
3082	4088644
3083	4089644
3084	4090644
3085	4091644
3086	4092644
3087	4093644
3088	4094644
3089	4095628
3090	4096644
3091	4097644
3092	4098644
3093	4099644
3094	4100644
3095	4101644
3096	4102644
3097	4103644
3098	4104644
3099	4105644
3100	4106644
3101	4107644
3102	4108644
3103	4109644
3104	4110644
3105	4111644
3106	4112644
3107	4113644
3108	4114644
3109	4115644
3110	4116644
3111	4117644
3112	4118644
3113	4119644
3114	4120644
3115	4121644
3116	4122644
3117	4123644
3118	4124644
3119	4125644
3120	4126644
3121	4127644
3122	4128644
3123	4129644
3124	4130644
3125	4131644
3126	4132644
3127	4133644
3128	4134644
3129	4135644
3130	4136644
3131	4137644
3132	4138644
3133	4139644
3134	4140644
3135	4141644
3136	4142644
3137	4143644
3138	4144644
3139	4145644
3140	4146644
3141	4147644
3142	4148644
3143	4149644
3144	4150644
3145	4151644
3146	4152644
3147	4153644
3148	4154644
3149	4155644
3150	4156644
3151	4157644
3152	4158644
3153	4159644
3154	4160644
3155	4161644
3156	4162636
3157	4163644
3158	4164644
3159	4165644
3160	4166644
3161	4167644
3162	4168644
3163	4169644
3164	4170644
3165	4171644
3166	4172644
3167	4173644
3168	4174644
3169	4175644
3170	4176644
3171	4177644
3172	4178644
3173	4179644
3174	4180644
3175	4181644
3176	4182644
3177	4183644
3178	4184644
3179	4185644
3180	4186644
3181	4187644
3182	4188644
3183	4189644
3184	4190644
3185	4191644
3186	4192644
3187	4193644
3188	4194644
3189	4195644
3190	4196644
3191	4197644
3192	4198644
3193	4199644
3194	4200644
3195	4201644
3196	4202644
3197	4203644
3198	4204644
3199	4205644
3200	4206644
3201	4207644
3202	4208644
3203	4209644
3204	4210644
3205	4211644
3206	4212644
3207	4213644
3208	4214644
3209	4215644
3210	4216644
3211	4217644
3212	4218644
3213	4219644
3214	4220644
3215	4221644
3216	4222644
3217	4223644
3218	4224644
3219	4225644
3220	4226644
3221	4227644
3222	4228644
3223	4229644
3224	4230644
3225	4231644
3226	4232644
3227	4233644
3228	4234644
3229	4235644
3230	4236644
3231	4237644
3232	4238644
3233	4239644
3234	4240644
3235	4241644
3236	4242644
3237	4243644
3238	4244644
3239	4245644
3240	4246644
3241	4247644
3242	4248644
3243	4249644
3244	4250644
3245	4251644
3246	4252644
3247	4253644
3248	4254644
3249	4255644
3250	4256644
3251	4257644
3252	4258644
3253	4259644
3254	4260644
3255	4261644
3256	4262644
3257	4263644
3258	4264644
3259	4265644
3260	4266644
3261	4267644
3262	4268636
3263	4269636
3264	4270636
3265	4271636
3266	4272636
3267	4273636
3268	4274636
3269	4275636
3270	4276636
3271	4277636
3272	4278636
3273	4279636
3274	4280636
3275	4281636
3276	4282636
3277	4283636
3278	4284636
3279	4285644
3280	4286644
3281	4287644
3282	4288644
3283	4289644
3284	4290644
3285	4291644
3286	4292644
3287	4293644
3288	4294644
3289	4295644
3290	4296644
3291	4297644
3292	4298644
3293	4299644
3294	4300644
3295	4301644
3296	4302644
3297	4303644
3298	4304644
3299	4305644
3300	4306644
3301	4307644
3302	4308644
3303	4309644
3304	4310644
3305	4311644
3306	4312644
3307	4313644
3308	4314644
3309	4315644
3310	4316644
3311	4317644
3312	4318644
3313	4319644
3314	4320644
3315	4321644
3316	4322644
3317	4323644
3318	4324644
3319	4325644
3320	4326644
3321	4327644
3322	4328644
3323	4329644
3324	4330644
3325	4331644
3326	4332644
3327	4333644
3328	4334644
3329	4335644
3330	4336644
3331	4337644
3332	4338636
3333	4339644
3334	4340644
3335	4341644
3336	4342644
3337	4343644
3338	4344644
3339	4345644
3340	4346644
3341	4347644
3342	4348644
3343	4349644
3344	4350644
3345	4351628
3346	4352644
3347	4353644
3348	4354644
3349	4355644
3350	4356644
3351	4357644
3352	4358644
3353	4359644
3354	4360644
3355	4361644
3356	4362644
3357	4363644
3358	4364644
3359	4365644
3360	4366644
3361	4367644
3362	4368644
3363	4369644
3364	4370644
3365	4371644
3366	4372644
3367	4373644
3368	4374644
3369	4375644
3370	4376644
3371	4377644
3372	4378644
3373	4379644
3374	4380644
3375	4381644
3376	4382644
3377	4383644
3378	4384644
3379	4385644
3380	4386644
3381	4387644
3382	4388644
3383	4389644
3384	4390644
3385	4391644
3386	4392644
3387	4393644
3388	4394644
3389	4395644
3390	4396644
3391	4397644
3392	4398644
3393	4399644
3394	4400644
3395	4401644
3396	4402644
3397	4403644
3398	4404644
3399	4405644
3400	4406644
3401	4407644
3402	4408644
3403	4409644
3404	4410644
3405	4411644
3406	4412644
3407	4413644
3408	4414644
3409	4415644
3410	4416644
3411	4417644
3412	4418644
3413	4419644
3414	4420644
3415	4421644
3416	4422644
3417	4423644
3418	4424644
3419	4425644
3420	4426644
3421	4427644
3422	4428644
3423	4429644
3424	4430644
3425	4431644
3426	4432644
3427	4433644
3428	4434644
3429	4435644
3430	4436644
3431	4437644
3432	4438644
3433	4439644
3434	4440644
3435	4441644
3436	4442644
3437	4443644
3438	4444644
3439	4445644
3440	4446644
3441	4447644
3442	4448644
3443	4449644
3444	4450644
3445	4451644
3446	4452644
3447	4453644
3448	4454644
3449	4455644
3450	4456644
3451	4457644
3452	4458644
3453	4459644
3454	4460644
3455	4461644
3456	4462644
3457	4463644
3458	4464644
3459	4465644
3460	4466644
3461	4467644
3462	4468644
3463	4469644
3464	4470644
3465	4471644
3466	4472644
3467	4473644
3468	4474644
3469	4475644
3470	4476644
3471	4477644
3472	4478644
3473	4479644
3474	4480644
3475	4481644
3476	4482644
3477	4483644
3478	4484644
3479	4485644
3480	4486644
3481	4487644
3482	4488644
3483	4489644
3484	4490644
3485	4491644
3486	4492644
3487	4493644
3488	4494644
3489	4495644
3490	4496644
3491	4497644
3492	4498644
3493	4499644
3494	4500644
3495	4501644
3496	4502644
3497	4503644
3498	4504644
3499	4505644
3500	4506644
3501	4507644
3502	4508644
3503	4509644
3504	4510644
3505	4511644
3506	4512644
3507	4513644
3508	4514644
3509	4515644
3510	4516644
3511	4517644
3512	4518644
3513	4519644
3514	4520644
3515	4521644
3516	4522644
3517	4523644
3518	4524644
3519	4525644
3520	4526644
3521	4527644
3522	4528644
3523	4529644
3524	4530644
3525	4531644
3526	4532644
3527	4533644
3528	4534644
3529	4535644
3530	4536644
3531	4537644
3532	4538644
3533	4539644
3534	4540644
3535	4541644
3536	4542644
3537	4543644
3538	4544644
3539	4545644
3540	4546644
3541	4547644
3542	4548644
3543	4549644
3544	4550644
3545	4551644
3546	4552644
3547	4553644
3548	4554644
3549	4555644
3550	4556644
3551	4557644
3552	4558644
3553	4559644
3554	4560644
3555	4561644
3556	4562644
3557	4563644
3558	4564644
3559	4565644
3560	4566644
3561	4567644
3562	4568644
3563	4569644
3564	4570644
3565	4571644
3566	4572644
3567	4573644
3568	4574644
3569	4575644
3570	4576644
3571	4577644
3572	4578644
3573	4579644
3574	4580644
3575	4581644
3576	4582644
3577	4583644
3578	4584644
3579	4585644
3580	4586644
3581	4587644
3582	4588644
3583	4589644
3584	4590644
3585	4591644
3586	4592644
3587	4593644
3588	4594636
3589	4595644
3590	4596644
3591	4597644
3592	4598644
3593	4599644
3594	4600644
3595	4601644
3596	4602644
3597	4603644
3598	4604644
3599	4605644
3600	4606644
3601	4607628
3602	4608644
3603	4609644
3604	4610644
3605	4611644
3606	4612644
3607	4613644
3608	4614644
3609	4615644
3610	4616644
3611	4617644
3612	4618644
3613	4619644
3614	4620644
3615	4621644
3616	4622644
3617	4623644
3618	4624644
3619	4625644
3620	4626644
3621	4627644
3622	4628644
3623	4629644
3624	4630644
3625	4631644
3626	4632644
3627	4633644
3628	4634644
3629	4635644
3630	4636644
3631	4637644
3632	4638644
3633	4639644
3634	4640644
3635	4641644
3636	4642644
3637	4643644
3638	4644644
3639	4645644
3640	4646644
3641	4647644
3642	4648644
3643	4649644
3644	4650644
3645	4651644
3646	4652644
3647	4653644
3648	4654644
3649	4655644
3650	4656644
3651	4657644
3652	4658644
3653	4659644
3654	4660644
3655	4661644
3656	4662644
3657	4663644
3658	4664644
3659	4665644
3660	4666644
3661	4667644
3662	4668644
3663	4669644
3664	4670644
3665	4671644
3666	4672644
3667	4673644
3668	4674644
3669	4675644
3670	4676644
3671	4677644
3672	4678644
3673	4679644
3674	4680644
3675	4681644
3676	4682644
3677	4683644
3678	4684644
3679	4685644
3680	4686644
3681	4687644
3682	4688644
3683	4689644
3684	4690644
3685	4691644
3686	4692644
3687	4693644
3688	4694644
3689	4695644
3690	4696644
3691	4697644
3692	4698644
3693	4699644
3694	4700644
3695	4701644
3696	4702644
3697	4703644
3698	4704644
3699	4705644
3700	4706644
3701	4707644
3702	4708644
3703	4709644
3704	4710644
3705	4711644
3706	4712644
3707	4713644
3708	4714644
3709	4715644
3710	4716644
3711	4717644
3712	4718644
3713	4719644
3714	4720644
3715	4721644
3716	4722644
3717	4723644
3718	4724644
3719	4725644
3720	4726644
3721	4727644
3722	4728644
3723	4729644
3724	4730644
3725	4731644
3726	4732644
3727	4733644
3728	4734644
3729	4735644
3730	4736644
3731	4737644
3732	4738644
3733	4739644
3734	4740644
3735	4741644
3736	4742644
3737	4743644
3738	4744644
3739	4745644
3740	4746644
3741	4747644
3742	4748644
3743	4749644
3744	4750644
3745	4751644
3746	4752644
3747	4753644
3748	4754644
3749	4755644
3750	4756644
3751	4757644
3752	4758644
3753	4759644
3754	4760644
3755	4761644
3756	4762644
3757	4763644
3758	4764644
3759	4765644
3760	4766644
3761	4767644
3762	4768644
3763	4769644
3764	4770644
3765	4771644
3766	4772644
3767	4773644
3768	4774644
3769	4775644
3770	4776644
3771	4777644
3772	4778644
3773	4779644
3774	4780644
3775	4781644
3776	4782644
3777	4783644
3778	4784644
3779	4785644
3780	4786644
3781	4787644
3782	4788644
3783	4789644
3784	4790644
3785	4791644
3786	4792644
3787	4793644
3788	4794644
3789	4795644
3790	4796644
3791	4797644
3792	4798644
3793	4799644
3794	4800644
3795	4801644
3796	4802644
3797	4803644
3798	4804644
3799	4805644
3800	4806644
3801	4807644
3802	4808644
3803	4809644
3804	4810644
3805	4811644
3806	4812644
3807	4813644
3808	4814644
3809	4815644
3810	4816644
3811	4817644
3812	4818644
3813	4819644
3814	4820644
3815	4821644
3816	4822644
3817	4823644
3818	4824644
3819	4825644
3820	4826644
3821	4827644
3822	4828644
3823	4829644
3824	4830644
3825	4831644
3826	4832644
3827	4833644
3828	4834644
3829	4835644
3830	4836644
3831	4837644
3832	4838644
3833	4839644
3834	4840644
3835	4841644
3836	4842644
3837	4843644
3838	4844644
3839	4845644
3840	4846644
3841	4847644
3842	4848644
3843	4849644
3844	4850644
3845	4851644
3846	4852644
3847	4853644
3848	4854644
3849	4855644
3850	4856644
3851	4857644
3852	4858644
3853	4859644
3854	4860644
3855	4861644
3856	4862644
3857	4863628
3858	4864644
3859	4865644
3860	4866644
3861	4867644
3862	4868644
3863	4869644
3864	4870644
3865	4871644
3866	4872644
3867	4873644
3868	4874644
3869	4875644
3870	4876644
3871	4877644
3872	4878644
3873	4879644
3874	4880644
3875	4881644
3876	4882644
3877	4883644
3878	4884644
3879	4885644
3880	4886644
3881	4887644
3882	4888644
3883	4889644
3884	4890644
3885	4891644
3886	4892644
3887	4893644
3888	4894644
3889	4895644
3890	4896644
3891	4897644
3892	4898644
3893	4899644
3894	4900644
3895	4901644
3896	4902644
3897	4903644
3898	4904644
3899	4905644
3900	4906644
3901	4907644
3902	4908644
3903	4909644
3904	4910644
3905	4911644
3906	4912644
3907	4913644
3908	4914644
3909	4915644
3910	4916644
3911	4917644
3912	4918644
3913	4919644
3914	4920644
3915	4921644
3916	4922644
3917	4923644
3918	4924644
3919	4925644
3920	4926644
3921	4927644
3922	4928644
3923	4929644
3924	4930644
3925	4931644
3926	4932644
3927	4933644
3928	4934644
3929	4935644
3930	4936644
3931	4937644
3932	4938644
3933	4939644
3934	4940644
3935	4941644
3936	4942644
3937	4943644
3938	4944644
3939	4945644
3940	4946644
3941	4947644
3942	4948644
3943	4949644
3944	4950644
3945	4951644
3946	4952644
3947	4953644
3948	4954644
3949	4955644
3950	4956644
3951	4957644
3952	4958644
3953	4959644
3954	4960644
3955	4961644
3956	4962644
3957	4963644
3958	4964644
3959	4965644
3960	4966644
3961	4967644
3962	4968644
3963	4969644
3964	4970644
3965	4971644
3966	4972644
3967	4973644
3968	4974644
3969	4975644
3970	4976644
3971	4977644
3972	4978644
3973	4979644
3974	4980644
3975	4981644
3976	4982644
3977	4983644
3978	4984644
3979	4985644
3980	4986644
3981	4987644
3982	4988644
3983	4989644
3984	4990644
3985	4991644
3986	4992644
3987	4993644
3988	4994644
3989	4995644
3990	4996644
3991	4997644
3992	4998644
3993	4999644
3994	5000644
3995	5001644
3996	5002644
3997	5003644
3998	5004644
3999	5005644
4000	5006644
4001	5007644
4002	5008644
4003	5009644
4004	5010644
4005	5011644
4006	5012644
4007	5013644
4008	5014644
4009	5015644
4010	5016644
4011	5017644
4012	5018644
4013	5019644
4014	5020644
4015	5021644
4016	5022644
4017	5023644
4018	5024644
4019	5025644
4020	5026644
4021	5027644
4022	5028644
4023	5029644
4024	5030644
4025	5031644
4026	5032644
4027	5033644
4028	5034644
4029	5035644
4030	5036644
4031	5037644
4032	5038644
4033	5039644
4034	5040644
4035	5041644
4036	5042644
4037	5043644
4038	5044644
4039	5045644
4040	5046644
4041	5047644
4042	5048644
4043	5049644
4044	5050644
4045	5051644
4046	5052644
4047	5053644
4048	5054644
4049	5055644
4050	5056644
4051	5057644
4052	5058644
4053	5059644
4054	5060644
4055	5061644
4056	5062644
4057	5063644
4058	5064644
4059	5065644
4060	5066644
4061	5067644
4062	5068644
4063	5069644
4064	5070644
4065	5071644
4066	5072644
4067	5073644
4068	5074644
4069	5075644
4070	5076644
4071	5077644
4072	5078644
4073	5079644
4074	5080644
4075	5081644
4076	5082644
4077	5083644
4078	5084644
4079	5085644
4080	5086644
4081	5087644
4082	5088644
4083	5089644
4084	5090644
4085	5091644
4086	5092644
4087	5093644
4088	5094644
4089	5095644
4090	5096644
4091	5097644
4092	5098644
4093	5099644
4094	5100644
4095	5101644
4096	5102644
4097	5103644
4098	5104644
4099	5105644
4100	5106644
4101	5107644
4102	5108644
4103	5109644
4104	5110644
4105	5111644
4106	5112644
4107	5113644
4108	5114644
4109	5115644
4110	5116644
4111	5117644
4112	5118644
4113	5119628
4114	5120644
4115	5121644
4116	5122644
4117	5123644
4118	5124644
4119	5125644
4120	5126644
4121	5127644
4122	5128644
4123	5129644
4124	5130644
4125	5131644
4126	5132644
4127	5133644
4128	5134644
4129	5135644
4130	5136644
4131	5137644
4132	5138644
4133	5139644
4134	5140644
4135	5141644
4136	5142644
4137	5143644
4138	5144644
4139	5145644
4140	5146644
4141	5147644
4142	5148644
4143	5149644
4144	5150644
4145	5151644
4146	5152644
4147	5153644
4148	5154644
4149	5155644
4150	5156644
4151	5157644
4152	5158644
4153	5159644
4154	5160644
4155	5161644
4156	5162644
4157	5163644
4158	5164644
4159	5165644
4160	5166644
4161	5167644
4162	5168644
4163	5169644
4164	5170644
4165	5171644
4166	5172644
4167	5173644
4168	5174644
4169	5175644
4170	5176644
4171	5177644
4172	5178644
4173	5179644
4174	5180644
4175	5181644
4176	5182644
4177	5183644
4178	5184644
4179	5185644
4180	5186644
4181	5187644
4182	5188644
4183	5189644
4184	5190644
4185	5191644
4186	5192644
4187	5193644
4188	5194644
4189	5195644
4190	5196644
4191	5197644
4192	5198644
4193	5199644
4194	5200644
4195	5201644
4196	5202644
4197	5203644
4198	5204644
4199	5205644
4200	5206644
4201	5207644
4202	5208644
4203	5209644
4204	5210644
4205	5211644
4206	5212644
4207	5213644
4208	5214644
4209	5215644
4210	5216644
4211	5217644
4212	5218644
4213	5219644
4214	5220644
4215	5221644
4216	5222644
4217	5223644
4218	5224644
4219	5225644
4220	5226644
4221	5227644
4222	5228644
4223	5229644
4224	5230644
4225	5231644
4226	5232644
4227	5233644
4228	5234644
4229	5235644
4230	5236644
4231	5237644
4232	5238644
4233	5239644
4234	5240644
4235	5241644
4236	5242644
4237	5243644
4238	5244644
4239	5245644
4240	5246644
4241	5247644
4242	5248644
4243	5249644
4244	5250644
4245	5251644
4246	5252644
4247	5253644
4248	5254644
4249	5255644
4250	5256644
4251	5257644
4252	5258644
4253	5259644
4254	5260644
4255	5261644
4256	5262644
4257	5263644
4258	5264644
4259	5265644
4260	5266644
4261	5267644
4262	5268644
4263	5269644
4264	5270644
4265	5271644
4266	5272644
4267	5273644
4268	5274644
4269	5275644
4270	5276644
4271	5277644
4272	5278644
4273	5279644
4274	5280644
4275	5281644
4276	5282644
4277	5283644
4278	5284644
4279	5285644
4280	5286644
4281	5287644
4282	5288644
4283	5289644
4284	5290644
4285	5291644
4286	5292644
4287	5293644
4288	5294644
4289	5295644
4290	5296644
4291	5297644
4292	5298644
4293	5299644
4294	5300644
4295	5301644
4296	5302644
4297	5303644
4298	5304644
4299	5305644
4300	5306644
4301	5307644
4302	5308644
4303	5309644
4304	5310644
4305	5311644
4306	5312644
4307	5313644
4308	5314644
4309	5315644
4310	5316644
4311	5317644
4312	5318644
4313	5319644
4314	5320644
4315	5321644
4316	5322644
4317	5323644
4318	5324644
4319	5325644
4320	5326644
4321	5327644
4322	5328644
4323	5329644
4324	5330644
4325	5331644
4326	5332644
4327	5333644
4328	5334644
4329	5335644
4330	5336644
4331	5337644
4332	5338644
4333	5339644
4334	5340644
4335	5341644
4336	5342644
4337	5343644
4338	5344644
4339	5345644
4340	5346644
4341	5347644
4342	5348644
4343	5349644
4344	5350644
4345	5351644
4346	5352644
4347	5353644
4348	5354644
4349	5355644
4350	5356644
4351	5357644
4352	5358636
4353	5359644
4354	5360644
4355	5361644
4356	5362636
4357	5363644
4358	5364644
4359	5365644
4360	5366644
4361	5367644
4362	5368644
4363	5369644
4364	5370644
4365	5371644
4366	5372644
4367	5373644
4368	5374644
4369	5375628
4370	5376644
4371	5377644
4372	5378644
4373	5379644
4374	5380644
4375	5381644
4376	5382644
4377	5383644
4378	5384644
4379	5385644
4380	5386644
4381	5387644
4382	5388644
4383	5389644
4384	5390644
4385	5391644
4386	5392644
4387	5393644
4388	5394644
4389	5395644
4390	5396644
4391	5397644
4392	5398644
4393	5399644
4394	5400644
4395	5401644
4396	5402644
4397	5403644
4398	5404644
4399	5405644
4400	5406644
4401	5407644
4402	5408644
4403	5409644
4404	5410644
4405	5411644
4406	5412644
4407	5413644
4408	5414644
4409	5415644
4410	5416644
4411	5417644
4412	5418644
4413	5419644
4414	5420644
4415	5421644
4416	5422644
4417	5423644
4418	5424644
4419	5425644
4420	5426644
4421	5427644
4422	5428644
4423	5429644
4424	5430644
4425	5431644
4426	5432644
4427	5433644
4428	5434644
4429	5435644
4430	5436644
4431	5437644
4432	5438644
4433	5439644
4434	5440644
4435	5441644
4436	5442644
4437	5443644
4438	5444644
4439	5445644
4440	5446644
4441	5447644
4442	5448644
4443	5449644
4444	5450644
4445	5451644
4446	5452644
4447	5453644
4448	5454644
4449	5455644
4450	5456644
4451	5457644
4452	5458644
4453	5459644
4454	5460644
4455	5461644
4456	5462644
4457	5463644
4458	5464644
4459	5465644
4460	5466644
4461	5467644
4462	5468644
4463	5469644
4464	5470644
4465	5471644
4466	5472644
4467	5473644
4468	5474644
4469	5475644
4470	5476644
4471	5477644
4472	5478644
4473	5479644
4474	5480644
4475	5481644
4476	5482644
4477	5483644
4478	5484644
4479	5485644
4480	5486644
4481	5487644
4482	5488644
4483	5489644
4484	5490644
4485	5491644
4486	5492644
4487	5493644
4488	5494644
4489	5495644
4490	5496644
4491	5497644
4492	5498644
4493	5499644
4494	5500644
4495	5501644
4496	5502644
4497	5503644
4498	5504644
4499	5505644
4500	5506644
4501	5507644
4502	5508644
4503	5509644
4504	5510644
4505	5511644
4506	5512644
4507	5513644
4508	5514644
4509	5515644
4510	5516644
4511	5517644
4512	5518644
4513	5519644
4514	5520644
4515	5521644
4516	5522644
4517	5523644
4518	5524644
4519	5525644
4520	5526644
4521	5527644
4522	5528644
4523	5529644
4524	5530644
4525	5531644
4526	5532644
4527	5533644
4528	5534644
4529	5535644
4530	5536644
4531	5537644
4532	5538644
4533	5539644
4534	5540644
4535	5541644
4536	5542644
4537	5543644
4538	5544644
4539	5545644
4540	5546644
4541	5547644
4542	5548644
4543	5549644
4544	5550644
4545	5551644
4546	5552644
4547	5553644
4548	5554644
4549	5555644
4550	5556644
4551	5557644
4552	5558644
4553	5559644
4554	5560644
4555	5561644
4556	5562644
4557	5563644
4558	5564644
4559	5565644
4560	5566644
4561	5567644
4562	5568644
4563	5569644
4564	5570644
4565	5571644
4566	5572644
4567	5573644
4568	5574644
4569	5575644
4570	5576644
4571	5577644
4572	5578644
4573	5579644
4574	5580644
4575	5581644
4576	5582644
4577	5583644
4578	5584644
4579	5585644
4580	5586644
4581	5587644
4582	5588644
4583	5589644
4584	5590644
4585	5591644
4586	5592644
4587	5593644
4588	5594644
4589	5595644
4590	5596644
4591	5597644
4592	5598644
4593	5599644
4594	5600644
4595	5601644
4596	5602644
4597	5603644
4598	5604644
4599	5605644
4600	5606644
4601	5607644
4602	5608644
4603	5609644
4604	5610644
4605	5611644
4606	5612644
4607	5613644
4608	5614644
4609	5615644
4610	5616644
4611	5617644
4612	5618636
4613	5619644
4614	5620644
4615	5621644
4616	5622644
4617	5623644
4618	5624644
4619	5625644
4620	5626644
4621	5627644
4622	5628644
4623	5629644
4624	5630644
4625	5631628
4626	5632644
4627	5633644
4628	5634644
4629	5635644
4630	5636644
4631	5637644
4632	5638644
4633	5639644
4634	5640644
4635	5641644
4636	5642644
4637	5643644
4638	5644644
4639	5645644
4640	5646644
4641	5647644
4642	5648644
4643	5649644
4644	5650644
4645	5651644
4646	5652644
4647	5653644
4648	5654644
4649	5655644
4650	5656644
4651	5657644
4652	5658644
4653	5659644
4654	5660644
4655	5661644
4656	5662644
4657	5663644
4658	5664644
4659	5665644
4660	5666644
4661	5667644
4662	5668644
4663	5669644
4664	5670644
4665	5671644
4666	5672644
4667	5673644
4668	5674644
4669	5675644
4670	5676644
4671	5677644
4672	5678644
4673	5679644
4674	5680644
4675	5681644
4676	5682644
4677	5683644
4678	5684644
4679	5685644
4680	5686644
4681	5687644
4682	5688644
4683	5689644
4684	5690644
4685	5691644
4686	5692644
4687	5693644
4688	5694644
4689	5695644
4690	5696644
4691	5697644
4692	5698644
4693	5699644
4694	5700644
4695	5701644
4696	5702644
4697	5703644
4698	5704644
4699	5705644
4700	5706644
4701	5707644
4702	5708644
4703	5709644
4704	5710644
4705	5711644
4706	5712644
4707	5713644
4708	5714644
4709	5715644
4710	5716644
4711	5717644
4712	5718644
4713	5719644
4714	5720644
4715	5721644
4716	5722644
4717	5723644
4718	5724644
4719	5725644
4720	5726644
4721	5727644
4722	5728644
4723	5729644
4724	5730644
4725	5731644
4726	5732644
4727	5733644
4728	5734644
4729	5735644
4730	5736644
4731	5737644
4732	5738644
4733	5739644
4734	5740644
4735	5741644
4736	5742644
4737	5743644
4738	5744644
4739	5745644
4740	5746644
4741	5747644
4742	5748644
4743	5749644
4744	5750644
4745	5751644
4746	5752644
4747	5753644
4748	5754644
4749	5755644
4750	5756644
4751	5757644
4752	5758644
4753	5759644
4754	5760644
4755	5761644
4756	5762644
4757	5763644
4758	5764644
4759	5765644
4760	5766644
4761	5767644
4762	5768644
4763	5769644
4764	5770644
4765	5771644
4766	5772644
4767	5773644
4768	5774644
4769	5775644
4770	5776644
4771	5777644
4772	5778644
4773	5779644
4774	5780644
4775	5781644
4776	5782644
4777	5783644
4778	5784644
4779	5785644
4780	5786644
4781	5787644
4782	5788644
4783	5789644
4784	5790644
4785	5791644
4786	5792644
4787	5793644
4788	5794644
4789	5795644
4790	5796644
4791	5797644
4792	5798644
4793	5799644
4794	5800644
4795	5801644
4796	5802644
4797	5803644
4798	5804644
4799	5805644
4800	5806644
4801	5807644
4802	5808644
4803	5809644
4804	5810644
4805	5811644
4806	5812644
4807	5813644
4808	5814644
4809	5815644
4810	5816644
4811	5817644
4812	5818644
4813	5819644
4814	5820644
4815	5821644
4816	5822644
4817	5823644
4818	5824644
4819	5825644
4820	5826644
4821	5827644
4822	5828644
4823	5829644
4824	5830644
4825	5831644
4826	5832644
4827	5833644
4828	5834644
4829	5835644
4830	5836644
4831	5837644
4832	5838644
4833	5839644
4834	5840644
4835	5841644
4836	5842644
4837	5843644
4838	5844644
4839	5845644
4840	5846644
4841	5847644
4842	5848644
4843	5849644
4844	5850644
4845	5851644
4846	5852644
4847	5853644
4848	5854644
4849	5855644
4850	5856644
4851	5857644
4852	5858644
4853	5859644
4854	5860644
4855	5861644
4856	5862644
4857	5863644
4858	5864644
4859	5865644
4860	5866644
4861	5867644
4862	5868644
4863	5869644
4864	5870644
4865	5871644
4866	5872644
4867	5873644
4868	5874644
4869	5875644
4870	5876644
4871	5877644
4872	5878644
4873	5879644
4874	5880644
4875	5881644
4876	5882644
4877	5883644
4878	5884644
4879	5885644
4880	5886644
4881	5887628
4882	5888644
4883	5889644
4884	5890644
4885	5891644
4886	5892644
4887	5893644
4888	5894644
4889	5895644
4890	5896644
4891	5897644
4892	5898644
4893	5899644
4894	5900644
4895	5901644
4896	5902644
4897	5903644
4898	5904644
4899	5905644
4900	5906644
4901	5907644
4902	5908644
4903	5909644
4904	5910644
4905	5911644
4906	5912644
4907	5913644
4908	5914644
4909	5915644
4910	5916644
4911	5917644
4912	5918644
4913	5919644
4914	5920644
4915	5921644
4916	5922644
4917	5923644
4918	5924644
4919	5925644
4920	5926644
4921	5927644
4922	5928644
4923	5929644
4924	5930644
4925	5931644
4926	5932644
4927	5933644
4928	5934644
4929	5935644
4930	5936644
4931	5937644
4932	5938644
4933	5939644
4934	5940644
4935	5941644
4936	5942644
4937	5943644
4938	5944644
4939	5945644
4940	5946644
4941	5947644
4942	5948644
4943	5949644
4944	5950644
4945	5951644
4946	5952644
4947	5953644
4948	5954644
4949	5955644
4950	5956644
4951	5957644
4952	5958644
4953	5959644
4954	5960644
4955	5961644
4956	5962644
4957	5963644
4958	5964644
4959	5965644
4960	5966644
4961	5967644
4962	5968644
4963	5969644
4964	5970644
4965	5971644
4966	5972644
4967	5973644
4968	5974644
4969	5975644
4970	5976644
4971	5977644
4972	5978644
4973	5979644
4974	5980644
4975	5981644
4976	5982644
4977	5983644
4978	5984644
4979	5985644
4980	5986644
4981	5987644
4982	5988644
4983	5989644
4984	5990644
4985	5991644
4986	5992644
4987	5993644
4988	5994644
4989	5995644
4990	5996644
4991	5997644
4992	5998644
4993	5999644
4994	6000644
4995	6001644
4996	6002644
4997	6003644
4998	6004644
4999	6005644
5000	6006644
5001	6007644
5002	6008644
5003	6009644
5004	6010644
5005	6011644
5006	6012644
5007	6013644
5008	6014644
5009	6015644
5010	6016644
5011	6017644
5012	6018644
5013	6019644
5014	6020644
5015	6021644
5016	6022644
5017	6023644
5018	6024644
5019	6025644
5020	6026644
5021	6027644
5022	6028644
5023	6029644
5024	6030644
5025	6031644
5026	6032644
5027	6033644
5028	6034644
5029	6035644
5030	6036644
5031	6037644
5032	6038644
5033	6039644
5034	6040644
5035	6041644
5036	6042644
5037	6043644
5038	6044644
5039	6045644
5040	6046644
5041	6047644
5042	6048644
5043	6049644
5044	6050644
5045	6051644
5046	6052644
5047	6053644
5048	6054644
5049	6055644
5050	6056644
5051	6057644
5052	6058644
5053	6059644
5054	6060644
5055	6061644
5056	6062644
5057	6063644
5058	6064644
5059	6065644
5060	6066644
5061	6067644
5062	6068644
5063	6069644
5064	6070644
5065	6071644
5066	6072644
5067	6073644
5068	6074644
5069	6075644
5070	6076644
5071	6077644
5072	6078644
5073	6079644
5074	6080644
5075	6081644
5076	6082644
5077	6083644
5078	6084644
5079	6085644
5080	6086644
5081	6087644
5082	6088644
5083	6089644
5084	6090644
5085	6091644
5086	6092644
5087	6093644
5088	6094644
5089	6095644
5090	6096644
5091	6097644
5092	6098644
5093	6099644
5094	6100644
5095	6101644
5096	6102644
5097	6103644
5098	6104644
5099	6105644
5100	6106644
5101	6107644
5102	6108644
5103	6109644
5104	6110644
5105	6111644
5106	6112644
5107	6113644
5108	6114644
5109	6115644
5110	6116644
5111	6117644
5112	6118644
5113	6119644
5114	6120644
5115	6121644
5116	6122644
5117	6123644
5118	6124644
5119	6125644
5120	6126644
5121	6127644
5122	6128644
5123	6129644
5124	6130644
5125	6131644
5126	6132644
5127	6133644
5128	6134644
5129	6135644
5130	6136644
5131	6137644
5132	6138644
5133	6139644
5134	6140644
5135	6141644
5136	6142644
5137	6143628
5138	6144644
5139	6145644
5140	6146644
5141	6147644
5142	6148644
5143	6149644
5144	6150644
5145	6151644
5146	6152644
5147	6153644
5148	6154644
5149	6155644
5150	6156644
5151	6157644
5152	6158644
5153	6159644
5154	6160644
5155	6161644
5156	6162644
5157	6163644
5158	6164644
5159	6165644
5160	6166644
5161	6167644
5162	6168644
5163	6169644
5164	6170644
5165	6171644
5166	6172644
5167	6173644
5168	6174644
5169	6175644
5170	6176644
5171	6177644
5172	6178644
5173	6179644
5174	6180644
5175	6181644
5176	6182644
5177	6183644
5178	6184644
5179	6185644
5180	6186644
5181	6187644
5182	6188644
5183	6189644
5184	6190644
5185	6191644
5186	6192644
5187	6193644
5188	6194644
5189	6195644
5190	6196644
5191	6197644
5192	6198644
5193	6199644
5194	6200644
5195	6201644
5196	6202644
5197	6203644
5198	6204644
5199	6205644
5200	6206644
5201	6207644
5202	6208644
5203	6209644
5204	6210644
5205	6211644
5206	6212644
5207	6213644
5208	6214644
5209	6215644
5210	6216644
5211	6217644
5212	6218644
5213	6219644
5214	6220644
5215	6221644
5216	6222644
5217	6223644
5218	6224644
5219	6225644
5220	6226644
5221	6227644
5222	6228644
5223	6229644
5224	6230644
5225	6231644
5226	6232644
5227	6233644
5228	6234644
5229	6235644
5230	6236644
5231	6237644
5232	6238644
5233	6239644
5234	6240644
5235	6241644
5236	6242644
5237	6243644
5238	6244644
5239	6245644
5240	6246644
5241	6247644
5242	6248644
5243	6249644
5244	6250644
5245	6251644
5246	6252644
5247	6253644
5248	6254644
5249	6255644
5250	6256644
5251	6257644
5252	6258644
5253	6259644
5254	6260644
5255	6261644
5256	6262644
5257	6263644
5258	6264644
5259	6265644
5260	6266644
5261	6267644
5262	6268644
5263	6269644
5264	6270644
5265	6271644
5266	6272644
5267	6273644
5268	6274644
5269	6275644
5270	6276644
5271	6277644
5272	6278644
5273	6279644
5274	6280644
5275	6281644
5276	6282644
5277	6283644
5278	6284644
5279	6285644
5280	6286644
5281	6287644
5282	6288644
5283	6289644
5284	6290644
5285	6291644
5286	6292644
5287	6293644
5288	6294644
5289	6295644
5290	6296644
5291	6297644
5292	6298644
5293	6299644
5294	6300644
5295	6301644
5296	6302644
5297	6303644
5298	6304644
5299	6305644
5300	6306644
5301	6307644
5302	6308644
5303	6309644
5304	6310644
5305	6311644
5306	6312644
5307	6313644
5308	6314644
5309	6315644
5310	6316644
5311	6317644
5312	6318644
5313	6319644
5314	6320644
5315	6321644
5316	6322644
5317	6323644
5318	6324644
5319	6325644
5320	6326644
5321	6327644
5322	6328644
5323	6329644
5324	6330644
5325	6331644
5326	6332644
5327	6333644
5328	6334644
5329	6335644
5330	6336644
5331	6337644
5332	6338644
5333	6339644
5334	6340644
5335	6341644
5336	6342644
5337	6343644
5338	6344644
5339	6345644
5340	6346644
5341	6347644
5342	6348644
5343	6349644
5344	6350644
5345	6351644
5346	6352644
5347	6353644
5348	6354644
5349	6355644
5350	6356644
5351	6357644
5352	6358644
5353	6359644
5354	6360644
5355	6361644
5356	6362644
5357	6363644
5358	6364644
5359	6365644
5360	6366644
5361	6367644
5362	6368644
5363	6369644
5364	6370644
5365	6371644
5366	6372644
5367	6373644
5368	6374644
5369	6375644
5370	6376644
5371	6377644
5372	6378644
5373	6379644
5374	6380644
5375	6381644
5376	6382644
5377	6383644
5378	6384644
5379	6385644
5380	6386636
5381	6387644
5382	6388644
5383	6389644
5384	6390644
5385	6391644
5386	6392644
5387	6393644
5388	6394644
5389	6395644
5390	6396644
5391	6397644
5392	6398644
5393	6399628
5394	6400644
5395	6401644
5396	6402644
5397	6403644
5398	6404644
5399	6405644
5400	6406644
5401	6407644
5402	6408644
5403	6409644
5404	6410644
5405	6411644
5406	6412644
5407	6413644
5408	6414644
5409	6415644
5410	6416644
5411	6417644
5412	6418644
5413	6419644
5414	6420644
5415	6421644
5416	6422644
5417	6423644
5418	6424644
5419	6425644
5420	6426644
5421	6427644
5422	6428644
5423	6429644
5424	6430644
5425	6431644
5426	6432644
5427	6433644
5428	6434644
5429	6435644
5430	6436644
5431	6437644
5432	6438644
5433	6439644
5434	6440644
5435	6441644
5436	6442644
5437	6443644
5438	6444644
5439	6445644
5440	6446644
5441	6447644
5442	6448644
5443	6449644
5444	6450644
5445	6451644
5446	6452644
5447	6453644
5448	6454644
5449	6455644
5450	6456644
5451	6457644
5452	6458644
5453	6459644
5454	6460644
5455	6461644
5456	6462644
5457	6463644
5458	6464644
5459	6465644
5460	6466644
5461	6467644
5462	6468644
5463	6469644
5464	6470644
5465	6471644
5466	6472644
5467	6473644
5468	6474644
5469	6475644
5470	6476644
5471	6477644
5472	6478644
5473	6479644
5474	6480644
5475	6481644
5476	6482644
5477	6483644
5478	6484644
5479	6485644
5480	6486644
5481	6487644
5482	6488644
5483	6489644
5484	6490644
5485	6491644
5486	6492644
5487	6493644
5488	6494644
5489	6495644
5490	6496644
5491	6497644
5492	6498644
5493	6499644
5494	6500644
5495	6501644
5496	6502644
5497	6503644
5498	6504644
5499	6505644
5500	6506644
5501	6507644
5502	6508644
5503	6509644
5504	6510644
5505	6511644
5506	6512644
5507	6513644
5508	6514644
5509	6515644
5510	6516644
5511	6517644
5512	6518644
5513	6519644
5514	6520644
5515	6521644
5516	6522644
5517	6523644
5518	6524644
5519	6525644
5520	6526644
5521	6527644
5522	6528644
5523	6529644
5524	6530644
5525	6531644
5526	6532644
5527	6533644
5528	6534644
5529	6535644
5530	6536644
5531	6537644
5532	6538644
5533	6539644
5534	6540644
5535	6541644
5536	6542644
5537	6543644
5538	6544644
5539	6545644
5540	6546644
5541	6547644
5542	6548644
5543	6549644
5544	6550644
5545	6551644
5546	6552644
5547	6553644
5548	6554644
5549	6555644
5550	6556644
5551	6557644
5552	6558644
5553	6559644
5554	6560644
5555	6561644
5556	6562644
5557	6563644
5558	6564644
5559	6565644
5560	6566644
5561	6567644
5562	6568644
5563	6569644
5564	6570644
5565	6571644
5566	6572644
5567	6573644
5568	6574644
5569	6575644
5570	6576644
5571	6577644
5572	6578644
5573	6579644
5574	6580644
5575	6581644
5576	6582644
5577	6583644
5578	6584644
5579	6585644
5580	6586644
5581	6587644
5582	6588644
5583	6589644
5584	6590644
5585	6591644
5586	6592644
5587	6593644
5588	6594644
5589	6595644
5590	6596644
5591	6597644
5592	6598644
5593	6599644
5594	6600644
5595	6601644
5596	6602644
5597	6603644
5598	6604644
5599	6605644
5600	6606644
5601	6607644
5602	6608644
5603	6609644
5604	6610644
5605	6611644
5606	6612644
5607	6613644
5608	6614644
5609	6615644
5610	6616644
5611	6617644
5612	6618644
5613	6619644
5614	6620644
5615	6621644
5616	6622644
5617	6623644
5618	6624644
5619	6625644
5620	6626644
5621	6627644
5622	6628644
5623	6629644
5624	6630644
5625	6631644
5626	6632644
5627	6633644
5628	6634644
5629	6635644
5630	6636644
5631	6637644
5632	6638644
5633	6639644
5634	6640644
5635	6641644
5636	6642636
5637	6643644
5638	6644644
5639	6645644
5640	6646644
5641	6647644
5642	6648644
5643	6649644
5644	6650644
5645	6651644
5646	6652644
5647	6653644
5648	6654644
5649	6655628
5650	6656644
5651	6657644
5652	6658644
5653	6659644
5654	6660644
5655	6661644
5656	6662644
5657	6663644
5658	6664644
5659	6665644
5660	6666644
5661	6667644
5662	6668644
5663	6669644
5664	6670644
5665	6671644
5666	6672644
5667	6673644
5668	6674644
5669	6675644
5670	6676644
5671	6677644
5672	6678644
5673	6679644
5674	6680644
5675	6681644
5676	6682644
5677	6683644
5678	6684644
5679	6685644
5680	6686644
5681	6687644
5682	6688644
5683	6689644
5684	6690644
5685	6691644
5686	6692644
5687	6693644
5688	6694644
5689	6695644
5690	6696644
5691	6697644
5692	6698644
5693	6699644
5694	6700644
5695	6701644
5696	6702644
5697	6703644
5698	6704644
5699	6705644
5700	6706644
5701	6707644
5702	6708644
5703	6709644
5704	6710644
5705	6711644
5706	6712644
5707	6713644
5708	6714644
5709	6715644
5710	6716644
5711	6717644
5712	6718644
5713	6719644
5714	6720644
5715	6721644
5716	6722644
5717	6723644
5718	6724644
5719	6725644
5720	6726644
5721	6727644
5722	6728644
5723	6729644
5724	6730644
5725	6731644
5726	6732644
5727	6733644
5728	6734644
5729	6735644
5730	6736644
5731	6737644
5732	6738644
5733	6739644
5734	6740644
5735	6741644
5736	6742644
5737	6743644
5738	6744644
5739	6745644
5740	6746644
5741	6747644
5742	6748644
5743	6749644
5744	6750644
5745	6751644
5746	6752644
5747	6753644
5748	6754644
5749	6755644
5750	6756644
5751	6757644
5752	6758644
5753	6759644
5754	6760644
5755	6761644
5756	6762644
5757	6763644
5758	6764644
5759	6765644
5760	6766644
5761	6767644
5762	6768644
5763	6769644
5764	6770644
5765	6771644
5766	6772644
5767	6773644
5768	6774644
5769	6775644
5770	6776644
5771	6777644
5772	6778644
5773	6779644
5774	6780644
5775	6781644
5776	6782644
5777	6783644
5778	6784644
5779	6785644
5780	6786644
5781	6787644
5782	6788644
5783	6789644
5784	6790644
5785	6791644
5786	6792644
5787	6793644
5788	6794644
5789	6795644
5790	6796644
5791	6797644
5792	6798644
5793	6799644
5794	6800644
5795	6801644
5796	6802644
5797	6803644
5798	6804644
5799	6805644
5800	6806644
5801	6807644
5802	6808644
5803	6809644
5804	6810644
5805	6811644
5806	6812644
5807	6813644
5808	6814644
5809	6815644
5810	6816644
5811	6817644
5812	6818644
5813	6819644
5814	6820644
5815	6821644
5816	6822644
5817	6823644
5818	6824644
5819	6825644
5820	6826644
5821	6827644
5822	6828644
5823	6829644
5824	6830644
5825	6831644
5826	6832644
5827	6833644
5828	6834644
5829	6835644
5830	6836644
5831	6837644
5832	6838644
5833	6839644
5834	6840644
5835	6841644
5836	6842644
5837	6843644
5838	6844644
5839	6845644
5840	6846644
5841	6847644
5842	6848644
5843	6849644
5844	6850644
5845	6851644
5846	6852644
5847	6853644
5848	6854644
5849	6855644
5850	6856644
5851	6857644
5852	6858644
5853	6859644
5854	6860644
5855	6861644
5856	6862644
5857	6863644
5858	6864644
5859	6865644
5860	6866644
5861	6867644
5862	6868644
5863	6869644
5864	6870644
5865	6871644
5866	6872644
5867	6873644
5868	6874644
5869	6875644
5870	6876644
5871	6877644
5872	6878644
5873	6879644
5874	6880644
5875	6881644
5876	6882644
5877	6883644
5878	6884644
5879	6885644
5880	6886644
5881	6887644
5882	6888644
5883	6889644
5884	6890644
5885	6891644
5886	6892644
5887	6893644
5888	6894644
5889	6895644
5890	6896644
5891	6897644
5892	6898644
5893	6899644
5894	6900644
5895	6901644
5896	6902644
5897	6903644
5898	6904644
5899	6905644
5900	6906644
5901	6907644
5902	6908644
5903	6909644
5904	6910644
5905	6911636
5906	6912644
5907	6913644
5908	6914644
5909	6915644
5910	6916644
5911	6917644
5912	6918644
5913	6919644
5914	6920644
5915	6921644
5916	6922644
5917	6923644
5918	6924644
5919	6925644
5920	6926644
5921	6927644
5922	6928644
5923	6929644
5924	6930644
5925	6931644
5926	6932644
5927	6933644
5928	6934644
5929	6935644
5930	6936644
5931	6937644
5932	6938644
5933	6939644
5934	6940644
5935	6941644
5936	6942644
5937	6943644
5938	6944644
5939	6945644
5940	6946644
5941	6947644
5942	6948644
5943	6949644
5944	6950644
5945	6951644
5946	6952644
5947	6953644
5948	6954644
5949	6955644
5950	6956644
5951	6957644
5952	6958644
5953	6959644
5954	6960644
5955	6961644
5956	6962644
5957	6963644
5958	6964644
5959	6965644
5960	6966644
5961	6967644
5962	6968644
5963	6969644
5964	6970644
5965	6971644
5966	6972644
5967	6973644
5968	6974644
5969	6975644
5970	6976644
5971	6977644
5972	6978644
5973	6979644
5974	6980644
5975	6981644
5976	6982644
5977	6983644
5978	6984644
5979	6985644
5980	6986644
5981	6987644
5982	6988644
5983	6989644
5984	6990644
5985	6991644
5986	6992644
5987	6993644
5988	6994644
5989	6995644
5990	6996644
5991	6997644
5992	6998644
5993	6999644
5994	7000644
5995	7001644
5996	7002644
5997	7003644
5998	7004644
5999	7005644
