0	1008487
1	1010769
2	1013051
3	1015333
4	1017615
5	1019897
6	1022179
7	1024461
8	1026743
9	1029025
10	1031307
11	1033589
12	1035871
13	1038153
14	1040435
15	1042717
16	1044999
17	1047281
18	1049563
19	1051845
20	1054127
21	1056409
22	1058691
23	1060973
24	1063255
25	1065537
26	1067819
27	1070101
28	1072383
29	1074665
30	1076947
31	1079229
32	1081511
33	1083793
34	1086075
35	1088357
36	1090639
37	1092921
38	1095203
39	1097485
40	1099767
41	1102049
42	1104331
43	1106613
44	1108895
45	1111177
46	1113459
47	1115741
48	1118023
49	1120305
50	1122587
51	1124869
52	1127151
53	1129433
54	1131715
55	1133997
56	1136279
57	1138561
58	1140843
59	1143125
60	1145407
61	1147689
62	1149971
63	1152253
64	1154535
65	1156817
66	1159099
67	1161381
68	1163663
69	1165945
70	1168227
71	1170509
72	1172791
73	1175073
74	1177355
75	1179637
76	1181919
77	1184201
78	1186483
79	1188765
80	1191047
81	1193329
82	1195611
83	1197893
84	1200175
85	1202457
86	1204739
87	1207021
88	1209303
89	1211585
90	1213867
91	1216149
92	1218431
93	1220713
94	1222995
95	1225277
96	1227559
97	1229841
98	1232123
99	1234405
100	1236687
101	1238969
102	1241251
103	1243533
104	1245815
105	1248097
106	1250379
107	-1
108	1252661
109	-1
110	1254943
111	-1
112	1257225
113	-1
114	-1
115	1259507
116	-1
117	1261789
118	-1
119	1264071
120	-1
121	1266353
122	-1
123	-1
124	1268635
125	-1
126	1270917
127	-1
128	1273199
129	-1
130	-1
131	1275481
132	-1
133	1277763
134	-1
135	1280045
136	-1
137	1282327
138	-1
139	-1
140	1284609
141	-1
142	1286891
143	-1
144	1289173
145	-1
146	-1
147	1291455
148	-1
149	1293737
150	-1
151	1296019
152	-1
153	1298301
154	-1
155	-1
156	1300583
157	-1
158	1302865
159	-1
160	1305147
161	-1
162	-1
163	1307429
164	-1
165	1309711
166	-1
167	1311993
168	-1
169	1314275
170	-1
171	-1
172	1316557
173	-1
174	1318839
175	-1
176	1321121
177	-1
178	-1
179	1323403
180	-1
181	1325685
182	-1
183	1327967
184	-1
185	1330249
186	-1
187	-1
188	1332531
189	-1
190	1334813
191	-1
192	1337095
193	-1
194	1339377
195	-1
196	-1
197	1341659
198	-1
199	1343941
200	-1
201	1346223
202	-1
203	-1
204	1348505
205	-1
206	1350787
207	-1
208	1353069
209	-1
210	1355351
211	-1
212	-1
213	1357633
214	-1
215	1359915
216	-1
217	1362197
218	-1
219	-1
220	1364479
221	-1
222	1366761
223	-1
224	1369043
225	-1
226	1371325
227	-1
228	-1
229	1373607
230	-1
231	1375889
232	-1
233	1378171
234	-1
235	-1
236	1380453
237	-1
238	1382735
239	-1
240	1385017
241	-1
242	1387299
243	-1
244	-1
245	1389581
246	-1
247	1391863
248	-1
249	1394145
250	-1
251	-1
252	1396427
253	-1
254	1398709
255	-1
256	1400991
257	-1
258	1403273
259	-1
260	-1
261	1405555
262	-1
263	1407837
264	-1
265	1410119
266	-1
267	-1
268	1412401
269	-1
270	1414683
271	-1
272	1416965
273	-1
274	1419247
275	-1
276	-1
277	1421529
278	-1
279	1423811
280	-1
281	1426093
282	-1
283	1428375
284	-1
285	-1
286	1430657
287	-1
288	1432939
289	-1
290	1435221
291	-1
292	-1
293	1437503
294	-1
295	1439785
296	-1
297	1442067
298	-1
299	1444349
300	-1
301	-1
302	1446631
303	-1
304	1448913
305	-1
306	1451195
307	-1
308	-1
309	1453477
310	-1
311	1455759
312	-1
313	1458041
314	-1
315	1460323
316	-1
317	-1
318	1462605
319	-1
320	1464887
321	-1
322	1467169
323	-1
324	-1
325	1469451
326	-1
327	1471733
328	-1
329	1474015
330	-1
331	1476297
332	-1
333	-1
334	1478579
335	-1
336	1480861
337	-1
338	1483143
339	-1
340	-1
341	1485425
342	-1
343	1487707
344	-1
345	1489989
346	-1
347	1492271
348	-1
349	-1
350	1494553
351	-1
352	1496835
353	-1
354	1499117
355	-1
356	-1
357	1501399
358	-1
359	1503681
360	-1
361	1505963
362	-1
363	1508245
364	-1
365	-1
366	1510527
367	-1
368	1512809
369	-1
370	1515091
371	-1
372	1517373
373	-1
374	-1
375	1519655
376	-1
377	1521937
378	-1
379	1524219
380	-1
381	-1
382	1526501
383	-1
384	1528783
385	-1
386	1531065
387	-1
388	1533347
389	-1
390	-1
391	1535629
392	-1
393	1537911
394	-1
395	1540193
396	-1
397	-1
398	1542475
399	-1
400	1544757
401	-1
402	1547039
403	-1
404	1549321
405	-1
406	-1
407	1551603
408	-1
409	1553885
410	-1
411	1556167
412	-1
413	-1
414	1558449
415	-1
416	1560731
417	-1
418	1563013
419	-1
420	1565295
421	-1
422	-1
423	1567577
424	-1
425	1569859
426	-1
427	1572141
428	-1
429	-1
430	1574423
431	-1
432	1576705
433	-1
434	1578987
435	-1
436	1581269
437	-1
438	-1
439	1583551
440	-1
441	1585833
442	-1
443	1588115
444	-1
445	-1
446	1590397
447	-1
448	1592679
449	-1
450	1594961
451	-1
452	1597243
453	-1
454	-1
455	1599525
456	-1
457	1601807
458	-1
459	1604089
460	-1
461	1606371
462	-1
463	-1
464	1608653
465	-1
466	1610935
467	-1
468	1613217
469	-1
470	-1
471	1615499
472	-1
473	1617781
474	-1
475	1620063
476	-1
477	1622345
478	-1
479	-1
480	1624627
481	-1
482	1626909
483	-1
484	1629191
485	-1
486	-1
487	1631473
488	-1
489	1633755
490	-1
491	1636037
492	-1
493	1638319
494	-1
495	-1
496	1640601
497	-1
498	1642883
499	-1
500	1645165
501	-1
502	-1
503	1647447
504	-1
505	1649729
506	-1
507	1652011
508	-1
509	1654293
510	-1
511	-1
512	1656575
513	-1
514	1658857
515	-1
516	1661139
517	-1
518	-1
519	1663421
520	-1
521	1665703
522	-1
523	1667985
524	-1
525	1670267
526	-1
527	-1
528	1672549
529	-1
530	1674831
531	-1
532	1677113
533	-1
534	-1
535	1679395
536	-1
537	1681677
538	-1
539	1683959
540	-1
541	1686241
542	-1
543	-1
544	1688523
545	-1
546	1690805
547	-1
548	1693087
549	-1
550	1695369
551	-1
552	-1
553	1697651
554	-1
555	1699933
556	-1
557	1702215
558	-1
559	-1
560	1704497
561	-1
562	1706779
563	-1
564	1709061
565	-1
566	1711343
567	-1
568	-1
569	1713625
570	-1
571	1715907
572	-1
573	1718189
574	-1
575	-1
576	1720471
577	-1
578	1722753
579	-1
580	1725035
581	-1
582	1727317
583	-1
584	-1
585	1729599
586	-1
587	1731881
588	-1
589	1734163
590	-1
591	-1
592	1736445
593	-1
594	1738727
595	-1
596	1741009
597	-1
598	1743291
599	-1
600	-1
601	1745573
602	-1
603	1747855
604	-1
605	1750137
606	-1
607	-1
608	1752419
609	-1
610	1754701
611	-1
612	1756983
613	-1
614	1759265
615	-1
616	-1
617	1761547
618	-1
619	1763829
620	-1
621	1766111
622	-1
623	-1
624	1768393
625	-1
626	1770675
627	-1
628	1772957
629	-1
630	1775239
631	-1
632	-1
633	1777521
634	-1
635	1779803
636	-1
637	1782085
638	-1
639	1784367
640	-1
641	-1
642	1786649
643	-1
644	1788931
645	-1
646	1791213
647	-1
648	-1
649	1793495
650	-1
651	1795777
652	-1
653	1798059
654	-1
655	1800341
656	-1
657	-1
658	1802623
659	-1
660	1804905
661	-1
662	1807187
663	-1
664	-1
665	1809469
666	-1
667	1811751
668	-1
669	1814033
670	-1
671	1816315
672	-1
673	-1
674	1818597
675	-1
676	1820879
677	-1
678	1823161
679	-1
680	-1
681	1825443
682	-1
683	1827725
684	-1
685	1830007
686	-1
687	1832289
688	-1
689	-1
690	1834571
691	-1
692	1836853
693	-1
694	1839135
695	-1
696	-1
697	1841417
698	-1
699	1843699
700	-1
701	1845981
702	-1
703	1848263
704	-1
705	-1
706	1850545
707	-1
708	1852827
709	-1
710	1855109
711	-1
712	-1
713	1857391
714	-1
715	1859673
716	-1
717	1861955
718	-1
719	1864237
720	-1
721	-1
722	1866519
723	-1
724	1868801
725	-1
726	1871083
727	-1
728	1873365
729	-1
730	-1
731	1875647
732	-1
733	1877929
734	-1
735	1880211
736	-1
737	-1
738	1882493
739	-1
740	1884775
741	-1
742	1887057
743	-1
744	1889339
745	-1
746	-1
747	1891621
748	-1
749	1893903
750	-1
751	1896185
752	-1
753	-1
754	1898467
755	-1
756	1900749
757	-1
758	1903031
759	-1
760	1905313
761	-1
762	-1
763	1907595
764	-1
765	1909877
766	-1
767	1912159
768	-1
769	-1
770	1914441
771	-1
772	1916723
773	-1
774	1919005
775	-1
776	1921287
777	-1
778	-1
779	1923569
780	-1
781	1925851
782	-1
783	1928133
784	-1
785	-1
786	1930415
787	-1
788	1932697
789	-1
790	1934979
791	-1
792	1937261
793	-1
794	-1
795	1939543
796	-1
797	1941825
798	-1
799	1944107
800	-1
801	-1
802	1946389
803	-1
804	1948671
805	-1
806	1950953
807	-1
808	1953235
809	-1
810	-1
811	1955517
812	-1
813	1957799
814	-1
815	1960081
816	-1
817	1962363
818	-1
819	-1
820	1964645
821	-1
822	1966927
823	-1
824	1969209
825	-1
826	-1
827	1971491
828	-1
829	1973773
830	-1
831	1976055
832	-1
833	1978337
834	-1
835	-1
836	1980619
837	-1
838	1982901
839	-1
840	1985183
841	-1
842	-1
843	1987465
844	-1
845	1989747
846	-1
847	1992029
848	-1
849	1994311
850	-1
851	-1
852	1996593
853	-1
854	1998875
855	-1
856	2001157
857	-1
858	-1
859	2003439
860	-1
861	2005721
862	-1
863	2008003
864	-1
865	2010285
866	-1
867	-1
868	2012567
869	-1
870	2014849
871	-1
872	2017131
873	-1
874	-1
875	2019413
876	-1
877	2021695
878	-1
879	2023977
880	-1
881	2026259
882	-1
883	-1
884	2028541
885	-1
886	2030823
887	-1
888	2033105
889	-1
890	-1
891	2035387
892	-1
893	2037669
894	-1
895	2039951
896	-1
897	2042233
898	-1
899	-1
900	2044515
901	-1
902	2046797
903	-1
904	2049079
905	-1
906	2051361
907	-1
908	-1
909	2053643
910	-1
911	2055925
912	-1
913	2058207
914	-1
915	-1
916	2060489
917	-1
918	2062771
919	-1
920	2065053
921	-1
922	2067335
923	-1
924	-1
925	2069617
926	-1
927	2071899
928	-1
929	2074181
930	-1
931	-1
932	2076463
933	-1
934	2078745
935	-1
936	2081027
937	-1
938	2083309
939	-1
940	-1
941	2085591
942	-1
943	2087873
944	-1
945	2090155
946	-1
947	-1
948	2092437
949	-1
950	2094719
951	-1
952	2097001
953	-1
954	2099283
955	-1
956	-1
957	2101565
958	-1
959	2103847
960	-1
961	2106129
962	-1
963	-1
964	2108411
965	-1
966	2110693
967	-1
968	2112975
969	-1
970	2115257
971	-1
972	-1
973	2117539
974	-1
975	2119821
976	-1
977	2122103
978	-1
979	-1
980	2124385
981	-1
982	2126667
983	-1
984	2128949
985	-1
986	2131231
987	-1
988	-1
989	2133513
990	-1
991	2135795
992	-1
993	2138077
994	-1
995	2140359
996	-1
997	-1
998	2142641
999	-1
1000	2144923
1001	-1
1002	2147205
1003	-1
1004	-1
1005	2149487
1006	-1
1007	2151769
1008	-1
1009	2154051
1010	-1
1011	2156333
1012	-1
1013	-1
1014	2158615
1015	-1
1016	2160897
1017	-1
1018	2163179
1019	-1
1020	-1
1021	2165461
1022	-1
1023	2167743
1024	-1
1025	2170025
1026	-1
1027	2172307
1028	-1
1029	-1
1030	2174589
1031	-1
1032	2176871
1033	-1
1034	2179153
1035	-1
1036	-1
1037	2181435
1038	-1
1039	2183717
1040	-1
1041	2185999
1042	-1
1043	2188281
1044	-1
1045	-1
1046	2190563
1047	-1
1048	2192845
1049	-1
1050	2195127
1051	-1
1052	-1
1053	2197409
1054	-1
1055	2199691
1056	-1
1057	2201973
1058	-1
1059	2204255
1060	-1
1061	-1
1062	2206537
1063	-1
1064	2208819
1065	-1
1066	2211101
1067	-1
1068	-1
1069	2213383
1070	-1
1071	2215665
1072	-1
1073	2217947
1074	-1
1075	2220229
1076	-1
1077	-1
1078	2222511
1079	-1
1080	2224793
1081	-1
1082	2227075
1083	-1
1084	2229357
1085	-1
1086	-1
1087	2231639
1088	-1
1089	2233921
1090	-1
1091	2236203
1092	-1
1093	-1
1094	2238485
1095	-1
1096	2240767
1097	-1
1098	2243049
1099	-1
1100	2245331
1101	-1
1102	-1
1103	2247613
1104	-1
1105	2249895
1106	-1
1107	2252177
1108	-1
1109	-1
1110	2254459
1111	-1
1112	2256741
1113	-1
1114	2259023
1115	-1
1116	2261305
1117	-1
1118	-1
1119	2263587
1120	-1
1121	2265869
1122	-1
1123	2268151
1124	-1
1125	-1
1126	2270433
1127	-1
1128	2272715
1129	-1
1130	2274997
1131	-1
1132	2277279
1133	-1
1134	-1
1135	2279561
1136	-1
1137	2281843
1138	-1
1139	2284125
1140	-1
1141	-1
1142	2286407
1143	-1
1144	2288689
1145	-1
1146	2290971
1147	-1
1148	2293253
1149	-1
1150	-1
1151	2295535
1152	-1
1153	2297817
1154	-1
1155	2300099
1156	-1
1157	2302381
1158	-1
1159	-1
1160	2304663
1161	-1
1162	2306945
1163	-1
1164	2309227
1165	-1
1166	-1
1167	2311509
1168	-1
1169	2313791
1170	-1
1171	2316073
1172	-1
1173	2318355
1174	-1
1175	-1
1176	2320637
1177	-1
1178	2322919
1179	-1
1180	2325201
1181	-1
1182	-1
1183	2327483
1184	-1
1185	2329765
1186	-1
1187	2332047
1188	-1
1189	2334329
1190	-1
1191	-1
1192	2336611
1193	-1
1194	2338893
1195	-1
1196	2341175
1197	-1
1198	-1
1199	2343457
1200	-1
1201	2345739
1202	-1
1203	2348021
1204	-1
1205	2350303
1206	-1
1207	-1
1208	2352585
1209	-1
1210	2354867
1211	-1
1212	2357149
1213	-1
1214	-1
1215	2359431
1216	-1
1217	2361713
1218	-1
1219	2363995
1220	-1
1221	2366277
1222	-1
1223	-1
1224	2368559
1225	-1
1226	2370841
1227	-1
1228	2373123
1229	-1
1230	-1
1231	2375405
1232	-1
1233	2377687
1234	-1
1235	2379969
1236	-1
1237	2382251
1238	-1
1239	-1
1240	2384533
1241	-1
1242	2386815
1243	-1
1244	2389097
1245	-1
1246	2391379
1247	-1
1248	-1
1249	2393661
1250	-1
1251	2395943
1252	-1
1253	2398225
1254	-1
1255	-1
1256	2400507
1257	-1
1258	2402789
1259	-1
1260	2405071
1261	-1
1262	2407353
1263	-1
1264	-1
1265	2409635
1266	-1
1267	2411917
1268	-1
1269	2414199
1270	-1
1271	-1
1272	2416481
1273	-1
1274	2418763
1275	-1
1276	2421045
1277	-1
1278	2423327
1279	-1
1280	-1
1281	2425609
1282	-1
1283	2427891
1284	-1
1285	2430173
1286	-1
1287	-1
1288	2432455
1289	-1
1290	2434737
1291	-1
1292	2437019
1293	-1
1294	2439301
1295	-1
1296	-1
1297	2441583
1298	-1
1299	2443865
1300	-1
1301	2446147
1302	-1
1303	-1
1304	2448429
1305	-1
1306	2450711
1307	-1
1308	2452993
1309	-1
1310	2455275
1311	-1
1312	-1
1313	2457557
1314	-1
1315	2459839
1316	-1
1317	2462121
1318	-1
1319	-1
1320	2464403
1321	-1
1322	2466685
1323	-1
1324	2468967
1325	-1
1326	2471249
1327	-1
1328	-1
1329	2473531
1330	-1
1331	2475813
1332	-1
1333	2478095
1334	-1
1335	2480377
1336	-1
1337	-1
1338	2482659
1339	-1
1340	2484941
1341	-1
1342	2487223
1343	-1
1344	-1
1345	2489505
1346	-1
1347	2491787
1348	-1
1349	2494069
1350	-1
1351	2496351
1352	-1
1353	-1
1354	2498633
1355	-1
1356	2500915
1357	-1
1358	2503197
1359	-1
1360	-1
1361	2505479
1362	-1
1363	2507761
1364	-1
1365	2510043
1366	-1
1367	2512325
1368	-1
1369	-1
1370	2514607
1371	-1
1372	2516889
1373	-1
1374	2519171
1375	-1
1376	-1
1377	2521453
1378	-1
1379	2523735
1380	-1
1381	2526017
1382	-1
1383	2528299
1384	-1
1385	-1
1386	2530581
1387	-1
1388	2532863
1389	-1
1390	2535145
1391	-1
1392	-1
1393	2537427
1394	-1
1395	2539709
1396	-1
1397	2541991
1398	-1
1399	2544273
1400	-1
1401	-1
1402	2546555
1403	-1
1404	2548837
1405	-1
1406	2551119
1407	-1
1408	-1
1409	2553401
1410	-1
1411	2555683
1412	-1
1413	2557965
1414	-1
1415	2560247
1416	-1
1417	-1
1418	2562529
1419	-1
1420	2564811
1421	-1
1422	2567093
1423	-1
1424	2569375
1425	-1
1426	-1
1427	2571657
1428	-1
1429	2573939
1430	-1
1431	2576221
1432	-1
1433	-1
1434	2578503
1435	-1
1436	2580785
1437	-1
1438	2583067
1439	-1
1440	2585349
1441	-1
1442	-1
1443	2587631
1444	-1
1445	2589913
1446	-1
1447	2592195
1448	-1
1449	-1
1450	2594477
1451	-1
1452	2596759
1453	-1
1454	2599041
1455	-1
1456	2601323
1457	-1
1458	-1
1459	2603605
1460	-1
1461	2605887
1462	-1
1463	2608169
1464	-1
1465	-1
1466	2610451
1467	-1
1468	2612733
1469	-1
1470	2615015
1471	-1
1472	2617297
1473	-1
1474	-1
1475	2619579
1476	-1
1477	2621861
1478	-1
1479	2624143
1480	-1
1481	-1
1482	2626425
1483	-1
1484	2628707
1485	-1
1486	2630989
1487	-1
1488	2633271
1489	-1
1490	-1
1491	2635553
1492	-1
1493	2637835
1494	-1
1495	2640117
1496	-1
1497	-1
1498	2642399
1499	-1
1500	2644681
1501	-1
1502	2646963
1503	-1
1504	2649245
1505	-1
1506	-1
1507	2651527
1508	-1
1509	2653809
1510	-1
1511	2656091
1512	-1
1513	2658373
1514	-1
1515	-1
1516	2660655
1517	-1
1518	2662937
1519	-1
1520	2665219
1521	-1
1522	-1
1523	2667501
1524	-1
1525	2669783
1526	-1
1527	2672065
1528	-1
1529	2674347
1530	-1
1531	-1
1532	2676629
1533	-1
1534	2678911
1535	-1
1536	2681193
1537	-1
1538	-1
1539	2683475
1540	-1
1541	2685757
1542	-1
1543	2688039
1544	-1
1545	2690321
1546	-1
1547	-1
1548	2692603
1549	-1
1550	2694885
1551	-1
1552	2697167
1553	-1
1554	-1
1555	2699449
1556	-1
1557	2701731
1558	-1
1559	2704013
1560	-1
1561	2706295
1562	-1
1563	-1
1564	2708577
1565	-1
1566	2710859
1567	-1
1568	2713141
1569	-1
1570	-1
1571	2715423
1572	-1
1573	2717705
1574	-1
1575	2719987
1576	-1
1577	2722269
1578	-1
1579	-1
1580	2724551
1581	-1
1582	2726833
1583	-1
1584	2729115
1585	-1
1586	-1
1587	2731397
1588	-1
1589	2733679
1590	-1
1591	2735961
1592	-1
1593	2738243
1594	-1
1595	-1
1596	2740525
1597	-1
1598	2742807
1599	-1
1600	2745089
1601	-1
1602	2747371
1603	-1
1604	-1
1605	2749653
1606	-1
1607	2751935
1608	-1
1609	2754217
1610	-1
1611	-1
1612	2756499
1613	-1
1614	2758781
1615	-1
1616	2761063
1617	-1
1618	2763345
1619	-1
1620	-1
1621	2765627
1622	-1
1623	2767909
1624	-1
1625	2770191
1626	-1
1627	-1
1628	2772473
1629	-1
1630	2774755
1631	-1
1632	2777037
1633	-1
1634	2779319
1635	-1
1636	-1
1637	2781601
1638	-1
1639	2783883
1640	-1
1641	2786165
1642	-1
1643	-1
1644	2788447
1645	-1
1646	2790729
1647	-1
1648	2793011
1649	-1
1650	2795293
1651	-1
1652	-1
1653	2797575
1654	-1
1655	2799857
1656	-1
1657	2802139
1658	-1
1659	-1
1660	2804421
1661	-1
1662	2806703
1663	-1
1664	2808985
1665	-1
1666	2811267
1667	-1
1668	-1
1669	2813549
1670	-1
1671	2815831
1672	-1
1673	2818113
1674	-1
1675	-1
1676	2820395
1677	-1
1678	2822677
1679	-1
1680	2824959
1681	-1
1682	2827241
1683	-1
1684	-1
1685	2829523
1686	-1
1687	2831805
1688	-1
1689	2834087
1690	-1
1691	2836369
1692	-1
1693	-1
1694	2838651
1695	-1
1696	2840933
1697	-1
1698	2843215
1699	-1
1700	-1
1701	2845497
1702	-1
1703	2847779
1704	-1
1705	2850061
1706	-1
1707	2852343
1708	-1
1709	-1
1710	2854625
1711	-1
1712	2856907
1713	-1
1714	2859189
1715	-1
1716	-1
1717	2861471
1718	-1
1719	2863753
1720	-1
1721	2866035
1722	-1
1723	2868317
1724	-1
1725	-1
1726	2870599
1727	-1
1728	2872881
1729	-1
1730	2875163
1731	-1
1732	-1
1733	2877445
1734	-1
1735	2879727
1736	-1
1737	2882009
1738	-1
1739	2884291
1740	-1
1741	-1
1742	2886573
1743	-1
1744	2888855
1745	-1
1746	2891137
1747	-1
1748	-1
1749	2893419
1750	-1
1751	2895701
1752	-1
1753	2897983
1754	-1
1755	2900265
1756	-1
1757	-1
1758	2902547
1759	-1
1760	2904829
1761	-1
1762	2907111
1763	-1
1764	-1
1765	2909393
1766	-1
1767	2911675
1768	-1
1769	2913957
1770	-1
1771	2916239
1772	-1
1773	-1
1774	2918521
1775	-1
1776	2920803
1777	-1
1778	2923085
1779	-1
1780	2925367
1781	-1
1782	-1
1783	2927649
1784	-1
1785	2929931
1786	-1
1787	2932213
1788	-1
1789	-1
1790	2934495
1791	-1
1792	2936777
1793	-1
1794	2939059
1795	-1
1796	2941341
1797	-1
1798	-1
1799	2943623
1800	-1
1801	2945905
1802	-1
1803	2948187
1804	-1
1805	-1
1806	2950469
1807	-1
1808	2952751
1809	-1
1810	2955033
1811	-1
1812	2957315
1813	-1
1814	-1
1815	2959597
1816	-1
1817	2961879
1818	-1
1819	2964161
1820	-1
1821	-1
1822	2966443
1823	-1
1824	2968725
1825	-1
1826	2971007
1827	-1
1828	2973289
1829	-1
1830	-1
1831	2975571
1832	-1
1833	2977853
1834	-1
1835	2980135
1836	-1
1837	-1
1838	2982417
1839	-1
1840	2984699
1841	-1
1842	2986981
1843	-1
1844	2989263
1845	-1
1846	-1
1847	2991545
1848	-1
1849	2993827
1850	-1
1851	2996109
1852	-1
1853	-1
1854	2998391
1855	-1
1856	3000673
1857	-1
1858	3002955
1859	-1
1860	3005237
1861	-1
1862	-1
1863	3007519
1864	-1
1865	3009801
1866	-1
1867	3012083
1868	-1
1869	3014365
1870	-1
1871	-1
1872	3016647
1873	-1
1874	3018929
1875	-1
1876	3021211
1877	-1
1878	-1
1879	3023493
1880	-1
1881	3025775
1882	-1
1883	3028057
1884	-1
1885	3030339
1886	-1
1887	-1
1888	3032621
1889	-1
1890	3034903
1891	-1
1892	3037185
1893	-1
1894	-1
1895	3039467
1896	-1
1897	3041749
1898	-1
1899	3044031
1900	-1
1901	3046313
1902	-1
1903	-1
1904	3048595
1905	-1
1906	3050877
1907	-1
1908	3053159
1909	-1
1910	-1
1911	3055441
1912	-1
1913	3057723
1914	-1
1915	3060005
1916	-1
1917	3062287
1918	-1
1919	-1
1920	3064569
1921	-1
1922	3066851
1923	-1
1924	3069133
1925	-1
1926	-1
1927	3071415
1928	-1
1929	3073697
1930	-1
1931	3075979
1932	-1
1933	3078261
1934	-1
1935	-1
1936	3080543
1937	-1
1938	3082825
1939	-1
1940	3085107
1941	-1
1942	-1
1943	3087389
1944	-1
1945	3089671
1946	-1
1947	3091953
1948	-1
1949	3094235
1950	-1
1951	-1
1952	3096517
1953	-1
1954	3098799
1955	-1
1956	3101081
1957	-1
1958	3103363
1959	-1
1960	-1
1961	3105645
1962	-1
1963	3107927
1964	-1
1965	3110209
1966	-1
1967	-1
1968	3112491
1969	-1
1970	3114773
1971	-1
1972	3117055
1973	-1
1974	3119337
1975	-1
1976	-1
1977	3121619
1978	-1
1979	3123901
1980	-1
1981	3126183
1982	-1
1983	-1
1984	3128465
1985	-1
1986	3130747
1987	-1
1988	3133029
1989	-1
1990	3135311
1991	-1
1992	-1
1993	3137593
1994	-1
1995	3139875
1996	-1
1997	3142157
1998	-1
1999	-1
2000	3144439
2001	-1
2002	3146721
2003	-1
2004	3149003
2005	-1
2006	3151285
2007	-1
2008	-1
2009	3153567
2010	-1
2011	3155849
2012	-1
2013	3158131
2014	-1
2015	-1
2016	3160413
2017	-1
2018	3162695
2019	-1
2020	3164977
2021	-1
2022	3167259
2023	-1
2024	-1
2025	3169541
2026	-1
2027	3171823
2028	-1
2029	3174105
2030	-1
2031	-1
2032	3176387
2033	-1
2034	3178669
2035	-1
2036	3180951
2037	-1
2038	3183233
2039	-1
2040	-1
2041	3185515
2042	-1
2043	3187797
2044	-1
2045	3190079
2046	-1
2047	3192361
2048	-1
2049	-1
2050	3194643
2051	-1
2052	3196925
2053	-1
2054	3199207
2055	-1
2056	-1
2057	3201489
2058	-1
2059	3203771
2060	-1
2061	3206053
2062	-1
2063	3208335
2064	-1
2065	-1
2066	3210617
2067	-1
2068	3212899
2069	-1
2070	3215181
2071	-1
2072	-1
2073	3217463
2074	-1
2075	3219745
2076	-1
2077	3222027
2078	-1
2079	3224309
2080	-1
2081	-1
2082	3226591
2083	-1
2084	3228873
2085	-1
2086	3231155
2087	-1
2088	-1
2089	3233437
2090	-1
2091	3235719
2092	-1
2093	3238001
2094	-1
2095	3240283
2096	-1
2097	-1
2098	3242565
2099	-1
2100	3244847
2101	-1
2102	3247129
2103	-1
2104	-1
2105	3249411
2106	-1
2107	3251693
2108	-1
2109	3253975
2110	-1
2111	3256257
2112	-1
2113	-1
2114	3258539
2115	-1
2116	3260821
2117	-1
2118	3263103
2119	-1
2120	-1
2121	3265385
2122	-1
2123	3267667
2124	-1
2125	3269949
2126	-1
2127	3272231
2128	-1
2129	-1
2130	3274513
2131	-1
2132	3276795
2133	-1
2134	3279077
2135	-1
2136	3281359
2137	-1
2138	-1
2139	3283641
2140	-1
2141	3285923
2142	-1
2143	3288205
2144	-1
2145	-1
2146	3290487
2147	-1
2148	3292769
2149	-1
2150	3295051
2151	-1
2152	3297333
2153	-1
2154	-1
2155	3299615
2156	-1
2157	3301897
2158	-1
2159	3304179
2160	-1
2161	-1
2162	3306461
2163	-1
2164	3308743
2165	-1
2166	3311025
2167	-1
2168	3313307
2169	-1
2170	-1
2171	3315589
2172	-1
2173	3317871
2174	-1
2175	3320153
2176	-1
2177	-1
2178	3322435
2179	-1
2180	3324717
2181	-1
2182	3326999
2183	-1
2184	3329281
2185	-1
2186	-1
2187	3331563
2188	-1
2189	3333845
2190	-1
2191	3336127
2192	-1
2193	-1
2194	3338409
2195	-1
2196	3340691
2197	-1
2198	3342973
2199	-1
2200	3345255
2201	-1
2202	-1
2203	3347537
2204	-1
2205	3349819
2206	-1
2207	3352101
2208	-1
2209	-1
2210	3354383
2211	-1
2212	3356665
2213	-1
2214	3358947
2215	-1
2216	3361229
2217	-1
2218	-1
2219	3363511
2220	-1
2221	3365793
2222	-1
2223	3368075
2224	-1
2225	3370357
2226	-1
2227	-1
2228	3372639
2229	-1
2230	3374921
2231	-1
2232	3377203
2233	-1
2234	-1
2235	3379485
2236	-1
2237	3381767
2238	-1
2239	3384049
2240	-1
2241	3386331
2242	-1
2243	-1
2244	3388613
2245	-1
2246	3390895
2247	-1
2248	3393177
2249	-1
2250	-1
2251	3395459
2252	-1
2253	3397741
2254	-1
2255	3400023
2256	-1
2257	3402305
2258	-1
2259	-1
2260	3404587
2261	-1
2262	3406869
2263	-1
2264	3409151
2265	-1
2266	-1
2267	3411433
2268	-1
2269	3413715
2270	-1
2271	3415997
2272	-1
2273	3418279
2274	-1
2275	-1
2276	3420561
2277	-1
2278	3422843
2279	-1
2280	3425125
2281	-1
2282	-1
2283	3427407
2284	-1
2285	3429689
2286	-1
2287	3431971
2288	-1
2289	3434253
2290	-1
2291	-1
2292	3436535
2293	-1
2294	3438817
2295	-1
2296	3441099
2297	-1
2298	3443381
2299	-1
2300	-1
2301	3445663
2302	-1
2303	3447945
2304	-1
2305	3450227
2306	-1
2307	-1
2308	3452509
2309	-1
2310	3454791
2311	-1
2312	3457073
2313	-1
2314	3459355
2315	-1
2316	-1
2317	3461637
2318	-1
2319	3463919
2320	-1
2321	3466201
2322	-1
2323	-1
2324	3468483
2325	-1
2326	3470765
2327	-1
2328	3473047
2329	-1
2330	3475329
2331	-1
2332	-1
2333	3477611
2334	-1
2335	3479893
2336	-1
2337	3482175
2338	-1
2339	-1
2340	3484457
2341	-1
2342	3486739
2343	-1
2344	3489021
2345	-1
2346	3491303
2347	-1
2348	-1
2349	3493585
2350	-1
2351	3495867
2352	-1
2353	3498149
2354	-1
2355	-1
2356	3500431
2357	-1
2358	3502713
2359	-1
2360	3504995
2361	-1
2362	3507277
2363	-1
2364	-1
2365	3509559
2366	-1
2367	3511841
2368	-1
2369	3514123
2370	-1
2371	-1
2372	3516405
2373	-1
2374	3518687
2375	-1
2376	3520969
2377	-1
2378	3523251
2379	-1
2380	-1
2381	3525533
2382	-1
2383	3527815
2384	-1
2385	3530097
2386	-1
2387	3532379
2388	-1
2389	-1
2390	3534661
2391	-1
2392	3536943
2393	-1
2394	3539225
2395	-1
2396	-1
2397	3541507
2398	-1
2399	3543789
2400	-1
2401	3546071
2402	-1
2403	3548353
2404	-1
2405	-1
2406	3550635
2407	-1
2408	3552917
2409	-1
2410	3555199
2411	-1
2412	-1
2413	3557481
2414	-1
2415	3559763
2416	-1
2417	3562045
2418	-1
2419	3564327
2420	-1
2421	-1
2422	3566609
2423	-1
2424	3568891
2425	-1
2426	3571173
2427	-1
2428	-1
2429	3573455
2430	-1
2431	3575737
2432	-1
2433	3578019
2434	-1
2435	3580301
2436	-1
2437	-1
2438	3582583
2439	-1
2440	3584865
2441	-1
2442	3587147
2443	-1
2444	-1
2445	3589429
2446	-1
2447	3591711
2448	-1
2449	3593993
2450	-1
2451	3596275
2452	-1
2453	-1
2454	3598557
2455	-1
2456	3600839
2457	-1
2458	3603121
2459	-1
2460	-1
2461	3605403
2462	-1
2463	3607685
2464	-1
2465	3609967
2466	-1
2467	3612249
2468	-1
2469	-1
2470	3614531
2471	-1
2472	3616813
2473	-1
2474	3619095
2475	-1
2476	3621377
2477	-1
2478	-1
2479	3623659
2480	-1
2481	3625941
2482	-1
2483	3628223
2484	-1
2485	-1
2486	3630505
2487	-1
2488	3632787
2489	-1
2490	3635069
2491	-1
2492	3637351
2493	-1
2494	-1
2495	3639633
2496	-1
2497	3641915
2498	-1
2499	3644197
2500	-1
2501	-1
2502	3646479
2503	-1
2504	3648761
2505	-1
2506	3651043
2507	-1
2508	3653325
2509	-1
2510	-1
2511	3655607
2512	-1
2513	3657889
2514	-1
2515	3660171
2516	-1
2517	-1
2518	3662453
2519	-1
2520	3664735
2521	-1
2522	3667017
2523	-1
2524	3669299
2525	-1
2526	-1
2527	3671581
2528	-1
2529	3673863
2530	-1
2531	3676145
2532	-1
2533	-1
2534	3678427
2535	-1
2536	3680709
2537	-1
2538	3682991
2539	-1
2540	3685273
2541	-1
2542	-1
2543	3687555
2544	-1
2545	3689837
2546	-1
2547	3692119
2548	-1
2549	-1
2550	3694401
2551	-1
2552	3696683
2553	-1
2554	3698965
2555	-1
2556	3701247
2557	-1
2558	-1
2559	3703529
2560	-1
2561	3705811
2562	-1
2563	3708093
2564	-1
2565	3710375
2566	-1
2567	-1
2568	3712657
2569	-1
2570	3714939
2571	-1
2572	3717221
2573	-1
2574	-1
2575	3719503
2576	-1
2577	3721785
2578	-1
2579	3724067
2580	-1
2581	3726349
2582	-1
2583	-1
2584	3728631
2585	-1
2586	3730913
2587	-1
2588	3733195
2589	-1
2590	-1
2591	3735477
2592	-1
2593	3737759
2594	-1
2595	3740041
2596	-1
2597	3742323
2598	-1
2599	-1
2600	3744605
2601	-1
2602	3746887
2603	-1
2604	3749169
2605	-1
2606	-1
2607	3751451
2608	-1
2609	3753733
2610	-1
2611	3756015
2612	-1
2613	3758297
2614	-1
2615	-1
2616	3760579
2617	-1
2618	3762861
2619	-1
2620	3765143
2621	-1
2622	-1
2623	3767425
2624	-1
2625	3769707
2626	-1
2627	3771989
2628	-1
2629	3774271
2630	-1
2631	-1
2632	3776553
2633	-1
2634	3778835
2635	-1
2636	3781117
2637	-1
2638	-1
2639	3783399
2640	-1
2641	3785681
2642	-1
2643	3787963
2644	-1
2645	3790245
2646	-1
2647	-1
2648	3792527
2649	-1
2650	3794809
2651	-1
2652	3797091
2653	-1
2654	3799373
2655	-1
2656	-1
2657	3801655
2658	-1
2659	3803937
2660	-1
2661	3806219
2662	-1
2663	-1
2664	3808501
2665	-1
2666	3810783
2667	-1
2668	3813065
2669	-1
2670	3815347
2671	-1
2672	-1
2673	3817629
2674	-1
2675	3819911
2676	-1
2677	3822193
2678	-1
2679	-1
2680	3824475
2681	-1
2682	3826757
2683	-1
2684	3829039
2685	-1
2686	3831321
2687	-1
2688	-1
2689	3833603
2690	-1
2691	3835885
2692	-1
2693	3838167
2694	-1
2695	-1
2696	3840449
2697	-1
2698	3842731
2699	-1
2700	3845013
2701	-1
2702	3847295
2703	-1
2704	-1
2705	3849577
2706	-1
2707	3851859
2708	-1
2709	3854141
2710	-1
2711	-1
2712	3856423
2713	-1
2714	3858705
2715	-1
2716	3860987
2717	-1
2718	3863269
2719	-1
2720	-1
2721	3865551
2722	-1
2723	3867833
2724	-1
2725	3870115
2726	-1
2727	-1
2728	3872397
2729	-1
2730	3874679
2731	-1
2732	3876961
2733	-1
2734	3879243
2735	-1
2736	-1
2737	3881525
2738	-1
2739	3883807
2740	-1
2741	3886089
2742	-1
2743	3888371
2744	-1
2745	-1
2746	3890653
2747	-1
2748	3892935
2749	-1
2750	3895217
2751	-1
2752	-1
2753	3897499
2754	-1
2755	3899781
2756	-1
2757	3902063
2758	-1
2759	3904345
2760	-1
2761	-1
2762	3906627
2763	-1
2764	3908909
2765	-1
2766	3911191
2767	-1
2768	-1
2769	3913473
2770	-1
2771	3915755
2772	-1
2773	3918037
2774	-1
2775	3920319
2776	-1
2777	-1
2778	3922601
2779	-1
2780	3924883
2781	-1
2782	3927165
2783	-1
2784	-1
2785	3929447
2786	-1
2787	3931729
2788	-1
2789	3934011
2790	-1
2791	3936293
2792	-1
2793	-1
2794	3938575
2795	-1
2796	3940857
2797	-1
2798	3943139
2799	-1
2800	-1
2801	3945421
2802	-1
2803	3947703
2804	-1
2805	3949985
2806	-1
2807	3952267
2808	-1
2809	-1
2810	3954549
2811	-1
2812	3956831
2813	-1
2814	3959113
2815	-1
2816	-1
2817	3961395
2818	-1
2819	3963677
2820	-1
2821	3965959
2822	-1
2823	3968241
2824	-1
2825	-1
2826	3970523
2827	-1
2828	3972805
2829	-1
2830	3975087
2831	-1
2832	3977369
2833	-1
2834	-1
2835	3979651
2836	-1
2837	3981933
2838	-1
2839	3984215
2840	-1
2841	-1
2842	3986497
2843	-1
2844	3988779
2845	-1
2846	3991061
2847	-1
2848	3993343
2849	-1
2850	-1
2851	3995625
2852	-1
2853	3997907
2854	-1
2855	4000189
2856	-1
2857	-1
2858	4002471
2859	-1
2860	4004753
2861	-1
2862	4007035
2863	-1
2864	4009317
2865	-1
2866	-1
2867	4011599
2868	-1
2869	4013881
2870	-1
2871	4016163
2872	-1
2873	-1
2874	4018445
2875	-1
2876	4020727
2877	-1
2878	4023009
2879	-1
2880	4025291
2881	-1
2882	-1
2883	4027573
2884	-1
2885	4029855
2886	-1
2887	4032137
2888	-1
2889	-1
2890	4034419
2891	-1
2892	4036701
2893	-1
2894	4038983
2895	-1
2896	4041265
2897	-1
2898	-1
2899	4043547
2900	-1
2901	4045829
2902	-1
2903	4048111
2904	-1
2905	-1
2906	4050393
2907	-1
2908	4052675
2909	-1
2910	4054957
2911	-1
2912	4057239
2913	-1
2914	-1
2915	4059521
2916	-1
2917	4061803
2918	-1
2919	4064085
2920	-1
2921	4066367
2922	-1
2923	-1
2924	4068649
2925	-1
2926	4070931
2927	-1
2928	4073213
2929	-1
2930	-1
2931	4075495
2932	-1
2933	4077777
2934	-1
2935	4080059
2936	-1
2937	4082341
2938	-1
2939	-1
2940	4084623
2941	-1
2942	4086905
2943	-1
2944	4089187
2945	-1
2946	-1
2947	4091469
2948	-1
2949	4093751
2950	-1
2951	4096033
2952	-1
2953	4098315
2954	-1
2955	-1
2956	4100597
2957	-1
2958	4102879
2959	-1
2960	4105161
2961	-1
2962	-1
2963	4107443
2964	-1
2965	4109725
2966	-1
2967	4112007
2968	-1
2969	4114289
2970	-1
2971	-1
2972	4116571
2973	-1
2974	4118853
2975	-1
2976	4121135
2977	-1
2978	-1
2979	4123417
2980	-1
2981	4125699
2982	-1
2983	4127981
2984	-1
2985	4130263
2986	-1
2987	-1
2988	4132545
2989	-1
2990	4134827
2991	-1
2992	4137109
2993	-1
2994	-1
2995	4139391
2996	-1
2997	4141673
2998	-1
2999	4143955
3000	-1
3001	4146237
3002	-1
3003	-1
3004	4148519
3005	-1
3006	4150801
3007	-1
3008	4153083
3009	-1
3010	4155365
3011	-1
3012	-1
3013	4157647
3014	-1
3015	4159929
3016	-1
3017	4162211
3018	-1
3019	-1
3020	4164493
3021	-1
3022	4166775
3023	-1
3024	4169057
3025	-1
3026	4171339
3027	-1
3028	-1
3029	4173621
3030	-1
3031	4175903
3032	-1
3033	4178185
3034	-1
3035	-1
3036	4180467
3037	-1
3038	4182749
3039	-1
3040	4185031
3041	-1
3042	4187313
3043	-1
3044	-1
3045	4189595
3046	-1
3047	4191877
3048	-1
3049	4194159
3050	-1
3051	-1
3052	4196441
3053	-1
3054	4198723
3055	-1
3056	4201005
3057	-1
3058	4203287
3059	-1
3060	-1
3061	4205569
3062	-1
3063	4207851
3064	-1
3065	4210133
3066	-1
3067	-1
3068	4212415
3069	-1
3070	4214697
3071	-1
3072	4216979
3073	-1
3074	4219261
3075	-1
3076	-1
3077	4221543
3078	-1
3079	4223825
3080	-1
3081	4226107
3082	-1
3083	-1
3084	4228389
3085	-1
3086	4230671
3087	-1
3088	4232953
3089	-1
3090	4235235
3091	-1
3092	-1
3093	4237517
3094	-1
3095	4239799
3096	-1
3097	4242081
3098	-1
3099	4244363
3100	-1
3101	-1
3102	4246645
3103	-1
3104	4248927
3105	-1
3106	4251209
3107	-1
3108	-1
3109	4253491
3110	-1
3111	4255773
3112	-1
3113	4258055
3114	-1
3115	4260337
3116	-1
3117	-1
3118	4262619
3119	-1
3120	4264901
3121	-1
3122	4267183
3123	-1
3124	-1
3125	4269465
3126	-1
3127	4271747
3128	-1
3129	4274029
3130	-1
3131	4276311
3132	-1
3133	-1
3134	4278593
3135	-1
3136	4280875
3137	-1
3138	4283157
3139	-1
3140	-1
3141	4285439
3142	-1
3143	4287721
3144	-1
3145	4290003
3146	-1
3147	4292285
3148	-1
3149	-1
3150	4294567
3151	-1
3152	4296849
3153	-1
3154	4299131
3155	-1
3156	-1
3157	4301413
3158	-1
3159	4303695
3160	-1
3161	4305977
3162	-1
3163	4308259
3164	-1
3165	-1
3166	4310541
3167	-1
3168	4312823
3169	-1
3170	4315105
3171	-1
3172	-1
3173	4317387
3174	-1
3175	4319669
3176	-1
3177	4321951
3178	-1
3179	4324233
3180	-1
3181	-1
3182	4326515
3183	-1
3184	4328797
3185	-1
3186	4331079
3187	-1
3188	4333361
3189	-1
3190	-1
3191	4335643
3192	-1
3193	4337925
3194	-1
3195	4340207
3196	-1
3197	-1
3198	4342489
3199	-1
3200	4344771
3201	-1
3202	4347053
3203	-1
3204	4349335
3205	-1
3206	-1
3207	4351617
3208	-1
3209	4353899
3210	-1
3211	4356181
3212	-1
3213	-1
3214	4358463
3215	-1
3216	4360745
3217	-1
3218	4363027
3219	-1
3220	4365309
3221	-1
3222	-1
3223	4367591
3224	-1
3225	4369873
3226	-1
3227	4372155
3228	-1
3229	-1
3230	4374437
3231	-1
3232	4376719
3233	-1
3234	4379001
3235	-1
3236	4381283
3237	-1
3238	-1
3239	4383565
3240	-1
3241	4385847
3242	-1
3243	4388129
3244	-1
3245	-1
3246	4390411
3247	-1
3248	4392693
3249	-1
3250	4394975
3251	-1
3252	4397257
3253	-1
3254	-1
3255	4399539
3256	-1
3257	4401821
3258	-1
3259	4404103
3260	-1
3261	-1
3262	4406385
3263	-1
3264	4408667
3265	-1
3266	4410949
3267	-1
3268	4413231
3269	-1
3270	-1
3271	4415513
3272	-1
3273	4417795
3274	-1
3275	4420077
3276	-1
3277	4422359
3278	-1
3279	-1
3280	4424641
3281	-1
3282	4426923
3283	-1
3284	4429205
3285	-1
3286	-1
3287	4431487
3288	-1
3289	4433769
3290	-1
3291	4436051
3292	-1
3293	4438333
3294	-1
3295	-1
3296	4440615
3297	-1
3298	4442897
3299	-1
3300	4445179
3301	-1
3302	-1
3303	4447461
3304	-1
3305	4449743
3306	-1
3307	4452025
3308	-1
3309	4454307
3310	-1
3311	-1
3312	4456589
3313	-1
3314	4458871
3315	-1
3316	4461153
3317	-1
3318	-1
3319	4463435
3320	-1
3321	4465717
3322	-1
3323	4467999
3324	-1
3325	4470281
3326	-1
3327	-1
3328	4472563
3329	-1
3330	4474845
3331	-1
3332	4477127
3333	-1
3334	-1
3335	4479409
3336	-1
3337	4481691
3338	-1
3339	4483973
3340	-1
3341	4486255
3342	-1
3343	-1
3344	4488537
3345	-1
3346	4490819
3347	-1
3348	4493101
3349	-1
3350	-1
3351	4495383
3352	-1
3353	4497665
3354	-1
3355	4499947
3356	-1
3357	4502229
3358	-1
3359	-1
3360	4504511
3361	-1
3362	4506793
3363	-1
3364	4509075
3365	-1
3366	4511357
3367	-1
3368	-1
3369	4513639
3370	-1
3371	4515921
3372	-1
3373	4518203
3374	-1
3375	-1
3376	4520485
3377	-1
3378	4522767
3379	-1
3380	4525049
3381	-1
3382	4527331
3383	-1
3384	-1
3385	4529613
3386	-1
3387	4531895
3388	-1
3389	4534177
3390	-1
3391	-1
3392	4536459
3393	-1
3394	4538741
3395	-1
3396	4541023
3397	-1
3398	4543305
3399	-1
3400	-1
3401	4545587
3402	-1
3403	4547869
3404	-1
3405	4550151
3406	-1
3407	-1
3408	4552433
3409	-1
3410	4554715
3411	-1
3412	4556997
3413	-1
3414	4559279
3415	-1
3416	-1
3417	4561561
3418	-1
3419	4563843
3420	-1
3421	4566125
3422	-1
3423	-1
3424	4568407
3425	-1
3426	4570689
3427	-1
3428	4572971
3429	-1
3430	4575253
3431	-1
3432	-1
3433	4577535
3434	-1
3435	4579817
3436	-1
3437	4582099
3438	-1
3439	4584381
3440	-1
3441	-1
3442	4586663
3443	-1
3444	4588945
3445	-1
3446	4591227
3447	-1
3448	-1
3449	4593509
3450	-1
3451	4595791
3452	-1
3453	4598073
3454	-1
3455	4600355
3456	-1
3457	-1
3458	4602637
3459	-1
3460	4604919
3461	-1
3462	4607201
3463	-1
3464	-1
3465	4609483
3466	-1
3467	4611765
3468	-1
3469	4614047
3470	-1
3471	4616329
3472	-1
3473	-1
3474	4618611
3475	-1
3476	4620893
3477	-1
3478	4623175
3479	-1
3480	-1
3481	4625457
3482	-1
3483	4627739
3484	-1
3485	4630021
3486	-1
3487	4632303
3488	-1
3489	-1
3490	4634585
3491	-1
3492	4636867
3493	-1
3494	4639149
3495	-1
3496	-1
3497	4641431
3498	-1
3499	4643713
3500	-1
3501	4645995
3502	-1
3503	4648277
3504	-1
3505	-1
3506	4650559
3507	-1
3508	4652841
3509	-1
3510	4655123
3511	-1
3512	-1
3513	4657405
3514	-1
3515	4659687
3516	-1
3517	4661969
3518	-1
3519	4664251
3520	-1
3521	-1
3522	4666533
3523	-1
3524	4668815
3525	-1
3526	4671097
3527	-1
3528	4673379
3529	-1
3530	-1
3531	4675661
3532	-1
3533	4677943
3534	-1
3535	4680225
3536	-1
3537	-1
3538	4682507
3539	-1
3540	4684789
3541	-1
3542	4687071
3543	-1
3544	4689353
3545	-1
3546	-1
3547	4691635
3548	-1
3549	4693917
3550	-1
3551	4696199
3552	-1
3553	-1
3554	4698481
3555	-1
3556	4700763
3557	-1
3558	4703045
3559	-1
3560	4705327
3561	-1
3562	-1
3563	4707609
3564	-1
3565	4709891
3566	-1
3567	4712173
3568	-1
3569	-1
3570	4714455
3571	-1
3572	4716737
3573	-1
3574	4719019
3575	-1
3576	4721301
3577	-1
3578	-1
3579	4723583
3580	-1
3581	4725865
3582	-1
3583	4728147
3584	-1
3585	-1
3586	4730429
3587	-1
3588	4732711
3589	-1
3590	4734993
3591	-1
3592	4737275
3593	-1
3594	-1
3595	4739557
3596	-1
3597	4741839
3598	-1
3599	4744121
3600	-1
3601	-1
3602	4746403
3603	-1
3604	4748685
3605	-1
3606	4750967
3607	-1
3608	4753249
3609	-1
3610	-1
3611	4755531
3612	-1
3613	4757813
3614	-1
3615	4760095
3616	-1
3617	4762377
3618	-1
3619	-1
3620	4764659
3621	-1
3622	4766941
3623	-1
3624	4769223
3625	-1
3626	-1
3627	4771505
3628	-1
3629	4773787
3630	-1
3631	4776069
3632	-1
3633	4778351
3634	-1
3635	-1
3636	4780633
3637	-1
3638	4782915
3639	-1
3640	4785197
3641	-1
3642	-1
3643	4787479
3644	-1
3645	4789761
3646	-1
3647	4792043
3648	-1
3649	4794325
3650	-1
3651	-1
3652	4796607
3653	-1
3654	4798889
3655	-1
3656	4801171
3657	-1
3658	-1
3659	4803453
3660	-1
3661	4805735
3662	-1
3663	4808017
3664	-1
3665	4810299
3666	-1
3667	-1
3668	4812581
3669	-1
3670	4814863
3671	-1
3672	4817145
3673	-1
3674	-1
3675	4819427
3676	-1
3677	4821709
3678	-1
3679	4823991
3680	-1
3681	4826273
3682	-1
3683	-1
3684	4828555
3685	-1
3686	4830837
3687	-1
3688	4833119
3689	-1
3690	-1
3691	4835401
3692	-1
3693	4837683
3694	-1
3695	4839965
3696	-1
3697	4842247
3698	-1
3699	-1
3700	4844529
3701	-1
3702	4846811
3703	-1
3704	4849093
3705	-1
3706	4851375
3707	-1
3708	-1
3709	4853657
3710	-1
3711	4855939
3712	-1
3713	4858221
3714	-1
3715	-1
3716	4860503
3717	-1
3718	4862785
3719	-1
3720	4865067
3721	-1
3722	4867349
3723	-1
3724	-1
3725	4869631
3726	-1
3727	4871913
3728	-1
3729	4874195
3730	-1
3731	-1
3732	4876477
3733	-1
3734	4878759
3735	-1
3736	4881041
3737	-1
3738	4883323
3739	-1
3740	-1
3741	4885605
3742	-1
3743	4887887
3744	-1
3745	4890169
3746	-1
3747	-1
3748	4892451
3749	-1
3750	4894733
3751	-1
3752	4897015
3753	-1
3754	4899297
3755	-1
3756	-1
3757	4901579
3758	-1
3759	4903861
3760	-1
3761	4906143
3762	-1
3763	-1
3764	4908425
3765	-1
3766	4910707
3767	-1
3768	4912989
3769	-1
3770	4915271
3771	-1
3772	-1
3773	4917553
3774	-1
3775	4919835
3776	-1
3777	4922117
3778	-1
3779	-1
3780	4924399
3781	-1
3782	4926681
3783	-1
3784	4928963
3785	-1
3786	4931245
3787	-1
3788	-1
3789	4933527
3790	-1
3791	4935809
3792	-1
3793	4938091
3794	-1
3795	4940373
3796	-1
3797	-1
3798	4942655
3799	-1
3800	4944937
3801	-1
3802	4947219
3803	-1
3804	-1
3805	4949501
3806	-1
3807	4951783
3808	-1
3809	4954065
3810	-1
3811	4956347
3812	-1
3813	-1
3814	4958629
3815	-1
3816	4960911
3817	-1
3818	4963193
3819	-1
3820	-1
3821	4965475
3822	-1
3823	4967757
3824	-1
3825	4970039
3826	-1
3827	4972321
3828	-1
3829	-1
3830	4974603
3831	-1
3832	4976885
3833	-1
3834	4979167
3835	-1
3836	-1
3837	4981449
3838	-1
3839	4983731
3840	-1
3841	4986013
3842	-1
3843	4988295
3844	-1
3845	-1
3846	4990577
3847	-1
3848	4992859
3849	-1
3850	4995141
3851	-1
3852	-1
3853	4997423
3854	-1
3855	4999705
3856	-1
3857	5001987
3858	-1
3859	5004269
3860	-1
3861	-1
3862	5006551
3863	-1
3864	5008833
3865	-1
3866	5011115
3867	-1
3868	-1
3869	5013397
3870	-1
3871	5015679
3872	-1
3873	5017961
3874	-1
3875	5020243
3876	-1
3877	-1
3878	5022525
3879	-1
3880	5024807
3881	-1
3882	5027089
3883	-1
3884	5029371
3885	-1
3886	-1
3887	5031653
3888	-1
3889	5033935
3890	-1
3891	5036217
3892	-1
3893	-1
3894	5038499
3895	-1
3896	5040781
3897	-1
3898	5043063
3899	-1
3900	5045345
3901	-1
3902	-1
3903	5047627
3904	-1
3905	5049909
3906	-1
3907	5052191
3908	-1
3909	-1
3910	5054473
3911	-1
3912	5056755
3913	-1
3914	5059037
3915	-1
3916	5061319
3917	-1
3918	-1
3919	5063601
3920	-1
3921	5065883
3922	-1
3923	5068165
3924	-1
3925	-1
3926	5070447
3927	-1
3928	5072729
3929	-1
3930	5075011
3931	-1
3932	5077293
3933	-1
3934	-1
3935	5079575
3936	-1
3937	5081857
3938	-1
3939	5084139
3940	-1
3941	-1
3942	5086421
3943	-1
3944	5088703
3945	-1
3946	5090985
3947	-1
3948	5093267
3949	-1
3950	-1
3951	5095549
3952	-1
3953	5097831
3954	-1
3955	5100113
3956	-1
3957	-1
3958	5102395
3959	-1
3960	5104677
3961	-1
3962	5106959
3963	-1
3964	5109241
3965	-1
3966	-1
3967	5111523
3968	-1
3969	5113805
3970	-1
3971	5116087
3972	-1
3973	5118369
3974	-1
3975	-1
3976	5120651
3977	-1
3978	5122933
3979	-1
3980	5125215
3981	-1
3982	-1
3983	5127497
3984	-1
3985	5129779
3986	-1
3987	5132061
3988	-1
3989	5134343
3990	-1
3991	-1
3992	5136625
3993	-1
3994	5138907
3995	-1
3996	5141189
3997	-1
3998	-1
3999	5143471
4000	-1
4001	5145753
4002	-1
4003	5148035
4004	-1
4005	5150317
4006	-1
4007	-1
4008	5152599
4009	-1
4010	5154881
4011	-1
4012	5157163
4013	-1
4014	-1
4015	5159445
4016	-1
4017	5161727
4018	-1
4019	5164009
4020	-1
4021	5166291
4022	-1
4023	-1
4024	5168573
4025	-1
4026	5170855
4027	-1
4028	5173137
4029	-1
4030	-1
4031	5175419
4032	-1
4033	5177701
4034	-1
4035	5179983
4036	-1
4037	5182265
4038	-1
4039	-1
4040	5184547
4041	-1
4042	5186829
4043	-1
4044	5189111
4045	-1
4046	-1
4047	5191393
4048	-1
4049	5193675
4050	-1
4051	5195957
4052	-1
4053	5198239
4054	-1
4055	-1
4056	5200521
4057	-1
4058	5202803
4059	-1
4060	5205085
4061	-1
4062	5207367
4063	-1
4064	-1
4065	5209649
4066	-1
4067	5211931
4068	-1
4069	5214213
4070	-1
4071	-1
4072	5216495
4073	-1
4074	5218777
4075	-1
4076	5221059
4077	-1
4078	5223341
4079	-1
4080	-1
4081	5225623
4082	-1
4083	5227905
4084	-1
4085	5230187
4086	-1
4087	-1
4088	5232469
4089	-1
4090	5234751
4091	-1
4092	5237033
4093	-1
4094	5239315
4095	-1
4096	-1
4097	5241597
4098	-1
4099	5243879
4100	-1
4101	5246161
4102	-1
4103	-1
4104	5248443
4105	-1
4106	5250725
4107	-1
4108	5253007
4109	-1
4110	5255289
4111	-1
4112	-1
4113	5257571
4114	-1
4115	5259853
4116	-1
4117	5262135
4118	-1
4119	-1
4120	5264417
4121	-1
4122	5266699
4123	-1
4124	5268981
4125	-1
4126	5271263
4127	-1
4128	-1
4129	5273545
4130	-1
4131	5275827
4132	-1
4133	5278109
4134	-1
4135	-1
4136	5280391
4137	-1
4138	5282673
4139	-1
4140	5284955
4141	-1
4142	5287237
4143	-1
4144	-1
4145	5289519
4146	-1
4147	5291801
4148	-1
4149	5294083
4150	-1
4151	5296365
4152	-1
4153	-1
4154	5298647
4155	-1
4156	5300929
4157	-1
4158	5303211
4159	-1
4160	-1
4161	5305493
4162	-1
4163	5307775
4164	-1
4165	5310057
4166	-1
4167	5312339
4168	-1
4169	-1
4170	5314621
4171	-1
4172	5316903
4173	-1
4174	5319185
4175	-1
4176	-1
4177	5321467
4178	-1
4179	5323749
4180	-1
4181	5326031
4182	-1
4183	5328313
4184	-1
4185	-1
4186	5330595
4187	-1
4188	5332877
4189	-1
4190	5335159
4191	-1
4192	-1
4193	5337441
4194	-1
4195	5339723
4196	-1
4197	5342005
4198	-1
4199	5344287
4200	-1
4201	-1
4202	5346569
4203	-1
4204	5348851
4205	-1
4206	5351133
4207	-1
4208	-1
4209	5353415
4210	-1
4211	5355697
4212	-1
4213	5357979
4214	-1
4215	5360261
4216	-1
4217	-1
4218	5362543
4219	-1
4220	5364825
4221	-1
4222	5367107
4223	-1
4224	-1
4225	5369389
4226	-1
4227	5371671
4228	-1
4229	5373953
4230	-1
4231	5376235
4232	-1
4233	-1
4234	5378517
4235	-1
4236	5380799
4237	-1
4238	5383081
4239	-1
4240	5385363
4241	-1
4242	-1
4243	5387645
4244	-1
4245	5389927
4246	-1
4247	5392209
4248	-1
4249	-1
4250	5394491
4251	-1
4252	5396773
4253	-1
4254	5399055
4255	-1
4256	5401337
4257	-1
4258	-1
4259	5403619
4260	-1
4261	5405901
4262	-1
4263	5408183
4264	-1
4265	-1
4266	5410465
4267	-1
4268	5412747
4269	-1
4270	5415029
4271	-1
4272	5417311
4273	-1
4274	-1
4275	5419593
4276	-1
4277	5421875
4278	-1
4279	5424157
4280	-1
4281	-1
4282	5426439
4283	-1
4284	5428721
4285	-1
4286	5431003
4287	-1
4288	5433285
4289	-1
4290	-1
4291	5435567
4292	-1
4293	5437849
4294	-1
4295	5440131
4296	-1
4297	-1
4298	5442413
4299	-1
4300	5444695
4301	-1
4302	5446977
4303	-1
4304	5449259
4305	-1
4306	-1
4307	5451541
4308	-1
4309	5453823
4310	-1
4311	5456105
4312	-1
4313	-1
4314	5458387
4315	-1
4316	5460669
4317	-1
4318	5462951
4319	-1
4320	5465233
4321	-1
4322	-1
4323	5467515
4324	-1
4325	5469797
4326	-1
4327	5472079
4328	-1
4329	5474361
4330	-1
4331	-1
4332	5476643
4333	-1
4334	5478925
4335	-1
4336	5481207
4337	-1
4338	-1
4339	5483489
4340	-1
4341	5485771
4342	-1
4343	5488053
4344	-1
4345	5490335
4346	-1
4347	-1
4348	5492617
4349	-1
4350	5494899
4351	-1
4352	5497181
4353	-1
4354	-1
4355	5499463
4356	-1
4357	5501745
4358	-1
4359	5504027
4360	-1
4361	5506309
4362	-1
4363	-1
4364	5508591
4365	-1
4366	5510873
4367	-1
4368	5513155
4369	-1
4370	-1
4371	5515437
4372	-1
4373	5517719
4374	-1
4375	5520001
4376	-1
4377	5522283
4378	-1
4379	-1
4380	5524565
4381	-1
4382	5526847
4383	-1
4384	5529129
4385	-1
4386	-1
4387	5531411
4388	-1
4389	5533693
4390	-1
4391	5535975
4392	-1
4393	5538257
4394	-1
4395	-1
4396	5540539
4397	-1
4398	5542821
4399	-1
4400	5545103
4401	-1
4402	-1
4403	5547385
4404	-1
4405	5549667
4406	-1
4407	5551949
4408	-1
4409	5554231
4410	-1
4411	-1
4412	5556513
4413	-1
4414	5558795
4415	-1
4416	5561077
4417	-1
4418	5563359
4419	-1
4420	-1
4421	5565641
4422	-1
4423	5567923
4424	-1
4425	5570205
4426	-1
4427	-1
4428	5572487
4429	-1
4430	5574769
4431	-1
4432	5577051
4433	-1
4434	5579333
4435	-1
4436	-1
4437	5581615
4438	-1
4439	5583897
4440	-1
4441	5586179
4442	-1
4443	-1
4444	5588461
4445	-1
4446	5590743
4447	-1
4448	5593025
4449	-1
4450	5595307
4451	-1
4452	-1
4453	5597589
4454	-1
4455	5599871
4456	-1
4457	5602153
4458	-1
4459	-1
4460	5604435
4461	-1
4462	5606717
4463	-1
4464	5608999
4465	-1
4466	5611281
4467	-1
4468	-1
4469	5613563
4470	-1
4471	5615845
4472	-1
4473	5618127
4474	-1
4475	-1
4476	5620409
4477	-1
4478	5622691
4479	-1
4480	5624973
4481	-1
4482	5627255
4483	-1
4484	-1
4485	5629537
4486	-1
4487	5631819
4488	-1
4489	5634101
4490	-1
4491	-1
4492	5636383
4493	-1
4494	5638665
4495	-1
4496	5640947
4497	-1
4498	5643229
4499	-1
4500	-1
4501	5645511
4502	-1
4503	5647793
4504	-1
4505	5650075
4506	-1
4507	5652357
4508	-1
4509	-1
4510	5654639
4511	-1
4512	5656921
4513	-1
4514	5659203
4515	-1
4516	-1
4517	5661485
4518	-1
4519	5663767
4520	-1
4521	5666049
4522	-1
4523	5668331
4524	-1
4525	-1
4526	5670613
4527	-1
4528	5672895
4529	-1
4530	5675177
4531	-1
4532	-1
4533	5677459
4534	-1
4535	5679741
4536	-1
4537	5682023
4538	-1
4539	5684305
4540	-1
4541	-1
4542	5686587
4543	-1
4544	5688869
4545	-1
4546	5691151
4547	-1
4548	-1
4549	5693433
4550	-1
4551	5695715
4552	-1
4553	5697997
4554	-1
4555	5700279
4556	-1
4557	-1
4558	5702561
4559	-1
4560	5704843
4561	-1
4562	5707125
4563	-1
4564	-1
4565	5709407
4566	-1
4567	5711689
4568	-1
4569	5713971
4570	-1
4571	5716253
4572	-1
4573	-1
4574	5718535
4575	-1
4576	5720817
4577	-1
4578	5723099
4579	-1
4580	5725381
4581	-1
4582	-1
4583	5727663
4584	-1
4585	5729945
4586	-1
4587	5732227
4588	-1
4589	-1
4590	5734509
4591	-1
4592	5736791
4593	-1
4594	5739073
4595	-1
4596	5741355
4597	-1
4598	-1
4599	5743637
4600	-1
4601	5745919
4602	-1
4603	5748201
4604	-1
4605	-1
4606	5750483
4607	-1
4608	5752765
4609	-1
4610	5755047
4611	-1
4612	5757329
4613	-1
4614	-1
4615	5759611
4616	-1
4617	5761893
4618	-1
4619	5764175
4620	-1
4621	-1
4622	5766457
4623	-1
4624	5768739
4625	-1
4626	5771021
4627	-1
4628	5773303
4629	-1
4630	-1
4631	5775585
4632	-1
4633	5777867
4634	-1
4635	5780149
4636	-1
4637	-1
4638	5782431
4639	-1
4640	5784713
4641	-1
4642	5786995
4643	-1
4644	5789277
4645	-1
4646	-1
4647	5791559
4648	-1
4649	5793841
4650	-1
4651	5796123
4652	-1
4653	-1
4654	5798405
4655	-1
4656	5800687
4657	-1
4658	5802969
4659	-1
4660	5805251
4661	-1
4662	-1
4663	5807533
4664	-1
4665	5809815
4666	-1
4667	5812097
4668	-1
4669	5814379
4670	-1
4671	-1
4672	5816661
4673	-1
4674	5818943
4675	-1
4676	5821225
4677	-1
4678	-1
4679	5823507
4680	-1
4681	5825789
4682	-1
4683	5828071
4684	-1
4685	5830353
4686	-1
4687	-1
4688	5832635
4689	-1
4690	5834917
4691	-1
4692	5837199
4693	-1
4694	-1
4695	5839481
4696	-1
4697	5841763
4698	-1
4699	5844045
4700	-1
4701	5846327
4702	-1
4703	-1
4704	5848609
4705	-1
4706	5850891
4707	-1
4708	5853173
4709	-1
4710	-1
4711	5855455
4712	-1
4713	5857737
4714	-1
4715	5860019
4716	-1
4717	5862301
4718	-1
4719	-1
4720	5864583
4721	-1
4722	5866865
4723	-1
4724	5869147
4725	-1
4726	-1
4727	5871429
4728	-1
4729	5873711
4730	-1
4731	5875993
4732	-1
4733	5878275
4734	-1
4735	-1
4736	5880557
4737	-1
4738	5882839
4739	-1
4740	5885121
4741	-1
4742	-1
4743	5887403
4744	-1
4745	5889685
4746	-1
4747	5891967
4748	-1
4749	5894249
4750	-1
4751	-1
4752	5896531
4753	-1
4754	5898813
4755	-1
4756	5901095
4757	-1
4758	5903377
4759	-1
4760	-1
4761	5905659
4762	-1
4763	5907941
4764	-1
4765	5910223
4766	-1
4767	-1
4768	5912505
4769	-1
4770	5914787
4771	-1
4772	5917069
4773	-1
4774	5919351
4775	-1
4776	-1
4777	5921633
4778	-1
4779	5923915
4780	-1
4781	5926197
4782	-1
4783	-1
4784	5928479
4785	-1
4786	5930761
4787	-1
4788	5933043
4789	-1
4790	5935325
4791	-1
4792	-1
4793	5937607
4794	-1
4795	5939889
4796	-1
4797	5942171
4798	-1
4799	-1
4800	5944453
4801	-1
4802	5946735
4803	-1
4804	5949017
4805	-1
4806	5951299
4807	-1
4808	-1
4809	5953581
4810	-1
4811	5955863
4812	-1
4813	5958145
4814	-1
4815	-1
4816	5960427
4817	-1
4818	5962709
4819	-1
4820	5964991
4821	-1
4822	5967273
4823	-1
4824	-1
4825	5969555
4826	-1
4827	5971837
4828	-1
4829	5974119
4830	-1
4831	-1
4832	5976401
4833	-1
4834	5978683
4835	-1
4836	5980965
4837	-1
4838	5983247
4839	-1
4840	-1
4841	5985529
4842	-1
4843	5987811
4844	-1
4845	5990093
4846	-1
4847	5992375
4848	-1
4849	-1
4850	5994657
4851	-1
4852	5996939
4853	-1
4854	5999221
4855	-1
4856	-1
4857	6001503
4858	-1
4859	6003785
4860	-1
4861	6006067
4862	-1
4863	6008349
4864	-1
4865	-1
4866	6010631
4867	-1
4868	6012913
4869	-1
4870	6015195
4871	-1
4872	-1
4873	6017477
4874	-1
4875	6019759
4876	-1
4877	6022041
4878	-1
4879	6024323
4880	-1
4881	-1
4882	6026605
4883	-1
4884	6028887
4885	-1
4886	6031169
4887	-1
4888	-1
4889	6033451
4890	-1
4891	6035733
4892	-1
4893	6038015
4894	-1
4895	6040297
4896	-1
4897	-1
4898	6042579
4899	-1
4900	6044861
4901	-1
4902	6047143
4903	-1
4904	-1
4905	6049425
4906	-1
4907	6051707
4908	-1
4909	6053989
4910	-1
4911	6056271
4912	-1
4913	-1
4914	6058553
4915	-1
4916	6060835
4917	-1
4918	6063117
4919	-1
4920	-1
4921	6065399
4922	-1
4923	6067681
4924	-1
4925	6069963
4926	-1
4927	6072245
4928	-1
4929	-1
4930	6074527
4931	-1
4932	6076809
4933	-1
4934	6079091
4935	-1
4936	6081373
4937	-1
4938	-1
4939	6083655
4940	-1
4941	6085937
4942	-1
4943	6088219
4944	-1
4945	-1
4946	6090501
4947	-1
4948	6092783
4949	-1
4950	6095065
4951	-1
4952	6097347
4953	-1
4954	-1
4955	6099629
4956	-1
4957	6101911
4958	-1
4959	6104193
4960	-1
4961	-1
4962	6106475
4963	-1
4964	6108757
4965	-1
4966	6111039
4967	-1
4968	6113321
4969	-1
4970	-1
4971	6115603
4972	-1
4973	6117885
4974	-1
4975	6120167
4976	-1
4977	-1
4978	6122449
4979	-1
4980	6124731
4981	-1
4982	6127013
4983	-1
4984	6129295
4985	-1
4986	-1
4987	6131577
4988	-1
4989	6133859
4990	-1
4991	6136141
4992	-1
4993	-1
4994	6138423
4995	-1
4996	6140705
4997	-1
4998	6142987
4999	-1
5000	6145269
5001	-1
5002	-1
5003	6147551
5004	-1
5005	6149833
5006	-1
5007	6152115
5008	-1
5009	-1
5010	6154397
5011	-1
5012	6156679
5013	-1
5014	6158961
5015	-1
5016	6161243
5017	-1
5018	-1
5019	6163525
5020	-1
5021	6165807
5022	-1
5023	6168089
5024	-1
5025	6170371
5026	-1
5027	-1
5028	6172653
5029	-1
5030	6174935
5031	-1
5032	6177217
5033	-1
5034	-1
5035	6179499
5036	-1
5037	6181781
5038	-1
5039	6184063
5040	-1
5041	6186345
5042	-1
5043	-1
5044	6188627
5045	-1
5046	6190909
5047	-1
5048	6193191
5049	-1
5050	-1
5051	6195473
5052	-1
5053	6197755
5054	-1
5055	6200037
5056	-1
5057	6202319
5058	-1
5059	-1
5060	6204601
5061	-1
5062	6206883
5063	-1
5064	6209165
5065	-1
5066	-1
5067	6211447
5068	-1
5069	6213729
5070	-1
5071	6216011
5072	-1
5073	6218293
5074	-1
5075	-1
5076	6220575
5077	-1
5078	6222857
5079	-1
5080	6225139
5081	-1
5082	-1
5083	6227421
5084	-1
5085	6229703
5086	-1
5087	6231985
5088	-1
5089	6234267
5090	-1
5091	-1
5092	6236549
5093	-1
5094	6238831
5095	-1
5096	6241113
5097	-1
5098	-1
5099	6243395
5100	-1
5101	6245677
5102	-1
5103	6247959
5104	-1
5105	6250241
5106	-1
5107	-1
5108	6252523
5109	-1
5110	6254805
5111	-1
5112	6257087
5113	-1
5114	6259369
5115	-1
5116	-1
5117	6261651
5118	-1
5119	6263933
5120	-1
5121	6266215
5122	-1
5123	-1
5124	6268497
5125	-1
5126	6270779
5127	-1
5128	6273061
5129	-1
5130	6275343
5131	-1
5132	-1
5133	6277625
5134	-1
5135	6279907
5136	-1
5137	6282189
5138	-1
5139	-1
5140	6284471
5141	-1
5142	6286753
5143	-1
5144	6289035
5145	-1
5146	6291317
5147	-1
5148	-1
5149	6293599
5150	-1
5151	6295881
5152	-1
5153	6298163
5154	-1
5155	-1
5156	6300445
5157	-1
5158	6302727
5159	-1
5160	6305009
5161	-1
5162	6307291
5163	-1
5164	-1
5165	6309573
5166	-1
5167	6311855
5168	-1
5169	6314137
5170	-1
5171	-1
5172	6316419
5173	-1
5174	6318701
5175	-1
5176	6320983
5177	-1
5178	6323265
5179	-1
5180	-1
5181	6325547
5182	-1
5183	6327829
5184	-1
5185	6330111
5186	-1
5187	-1
5188	6332393
5189	-1
5190	6334675
5191	-1
5192	6336957
5193	-1
5194	6339239
5195	-1
5196	-1
5197	6341521
5198	-1
5199	6343803
5200	-1
5201	6346085
5202	-1
5203	6348367
5204	-1
5205	-1
5206	6350649
5207	-1
5208	6352931
5209	-1
5210	6355213
5211	-1
5212	-1
5213	6357495
5214	-1
5215	6359777
5216	-1
5217	6362059
5218	-1
5219	6364341
5220	-1
5221	-1
5222	6366623
5223	-1
5224	6368905
5225	-1
5226	6371187
5227	-1
5228	-1
5229	6373469
5230	-1
5231	6375751
5232	-1
5233	6378033
5234	-1
5235	6380315
5236	-1
5237	-1
5238	6382597
5239	-1
5240	6384879
5241	-1
5242	6387161
5243	-1
5244	-1
5245	6389443
5246	-1
5247	6391725
5248	-1
5249	6394007
5250	-1
5251	6396289
5252	-1
5253	-1
5254	6398571
5255	-1
5256	6400853
5257	-1
5258	6403135
5259	-1
5260	-1
5261	6405417
5262	-1
5263	6407699
5264	-1
5265	6409981
5266	-1
5267	6412263
5268	-1
5269	-1
5270	6414545
5271	-1
5272	6416827
5273	-1
5274	6419109
5275	-1
5276	-1
5277	6421391
5278	-1
5279	6423673
5280	-1
5281	6425955
5282	-1
5283	6428237
5284	-1
5285	-1
5286	6430519
5287	-1
5288	6432801
5289	-1
5290	6435083
5291	-1
5292	6437365
5293	-1
5294	-1
5295	6439647
5296	-1
5297	6441929
5298	-1
5299	6444211
5300	-1
5301	-1
5302	6446493
5303	-1
5304	6448775
5305	-1
5306	6451057
5307	-1
5308	6453339
5309	-1
5310	-1
5311	6455621
5312	-1
5313	6457903
5314	-1
5315	6460185
5316	-1
5317	-1
5318	6462467
5319	-1
5320	6464749
5321	-1
5322	6467031
5323	-1
5324	6469313
5325	-1
5326	-1
5327	6471595
5328	-1
5329	6473877
5330	-1
5331	6476159
5332	-1
5333	-1
5334	6478441
5335	-1
5336	6480723
5337	-1
5338	6483005
5339	-1
5340	6485287
5341	-1
5342	-1
5343	6487569
5344	-1
5345	6489851
5346	-1
5347	6492133
5348	-1
5349	-1
5350	6494415
5351	-1
5352	6496697
5353	-1
5354	6498979
5355	-1
5356	6501261
5357	-1
5358	-1
5359	6503543
5360	-1
5361	6505825
5362	-1
5363	6508107
5364	-1
5365	-1
5366	6510389
5367	-1
5368	6512671
5369	-1
5370	6514953
5371	-1
5372	6517235
5373	-1
5374	-1
5375	6519517
5376	-1
5377	6521799
5378	-1
5379	6524081
5380	-1
5381	6526363
5382	-1
5383	-1
5384	6528645
5385	-1
5386	6530927
5387	-1
5388	6533209
5389	-1
5390	-1
5391	6535491
5392	-1
5393	6537773
5394	-1
5395	6540055
5396	-1
5397	6542337
5398	-1
5399	-1
5400	6544619
5401	-1
5402	6546901
5403	-1
5404	6549183
5405	-1
5406	-1
5407	6551465
5408	-1
5409	6553747
5410	-1
5411	6556029
5412	-1
5413	6558311
5414	-1
5415	-1
5416	6560593
5417	-1
5418	6562875
5419	-1
5420	6565157
5421	-1
5422	-1
5423	6567439
5424	-1
5425	6569721
5426	-1
5427	6572003
5428	-1
5429	6574285
5430	-1
5431	-1
5432	6576567
5433	-1
5434	6578849
5435	-1
5436	6581131
5437	-1
5438	-1
5439	6583413
5440	-1
5441	6585695
5442	-1
5443	6587977
5444	-1
5445	6590259
5446	-1
5447	-1
5448	6592541
5449	-1
5450	6594823
5451	-1
5452	6597105
5453	-1
5454	-1
5455	6599387
5456	-1
5457	6601669
5458	-1
5459	6603951
5460	-1
5461	6606233
5462	-1
5463	-1
5464	6608515
5465	-1
5466	6610797
5467	-1
5468	6613079
5469	-1
5470	6615361
5471	-1
5472	-1
5473	6617643
5474	-1
5475	6619925
5476	-1
5477	6622207
5478	-1
5479	-1
5480	6624489
5481	-1
5482	6626771
5483	-1
5484	6629053
5485	-1
5486	6631335
5487	-1
5488	-1
5489	6633617
5490	-1
5491	6635899
5492	-1
5493	6638181
5494	-1
5495	-1
5496	6640463
5497	-1
5498	6642745
5499	-1
5500	6645027
5501	-1
5502	6647309
5503	-1
5504	-1
5505	6649591
5506	-1
5507	6651873
5508	-1
5509	6654155
5510	-1
5511	-1
5512	6656437
5513	-1
5514	6658719
5515	-1
5516	6661001
5517	-1
5518	6663283
5519	-1
5520	-1
5521	6665565
5522	-1
5523	6667847
5524	-1
5525	6670129
5526	-1
5527	-1
5528	6672411
5529	-1
5530	6674693
5531	-1
5532	6676975
5533	-1
5534	6679257
5535	-1
5536	-1
5537	6681539
5538	-1
5539	6683821
5540	-1
5541	6686103
5542	-1
5543	-1
5544	6688385
5545	-1
5546	6690667
5547	-1
5548	6692949
5549	-1
5550	6695231
5551	-1
5552	-1
5553	6697513
5554	-1
5555	6699795
5556	-1
5557	6702077
5558	-1
5559	6704359
5560	-1
5561	-1
5562	6706641
5563	-1
5564	6708923
5565	-1
5566	6711205
5567	-1
5568	-1
5569	6713487
5570	-1
5571	6715769
5572	-1
5573	6718051
5574	-1
5575	6720333
5576	-1
5577	-1
5578	6722615
5579	-1
5580	6724897
5581	-1
5582	6727179
5583	-1
5584	-1
5585	6729461
5586	-1
5587	6731743
5588	-1
5589	6734025
5590	-1
5591	6736307
5592	-1
5593	-1
5594	6738589
5595	-1
5596	6740871
5597	-1
5598	6743153
5599	-1
5600	-1
5601	6745435
5602	-1
5603	6747717
5604	-1
5605	6749999
5606	-1
5607	6752281
5608	-1
5609	-1
5610	6754563
5611	-1
5612	6756845
5613	-1
5614	6759127
5615	-1
5616	-1
5617	6761409
5618	-1
5619	6763691
5620	-1
5621	6765973
5622	-1
5623	6768255
5624	-1
5625	-1
5626	6770537
5627	-1
5628	6772819
5629	-1
5630	6775101
5631	-1
5632	-1
5633	6777383
5634	-1
5635	6779665
5636	-1
5637	6781947
5638	-1
5639	6784229
5640	-1
5641	-1
5642	6786511
5643	-1
5644	6788793
5645	-1
5646	6791075
5647	-1
5648	6793357
5649	-1
5650	-1
5651	6795639
5652	-1
5653	6797921
5654	-1
5655	6800203
5656	-1
5657	-1
5658	6802485
5659	-1
5660	6804767
5661	-1
5662	6807049
5663	-1
5664	6809331
5665	-1
5666	-1
5667	6811613
5668	-1
5669	6813895
5670	-1
5671	6816177
5672	-1
5673	-1
5674	6818459
5675	-1
5676	6820741
5677	-1
5678	6823023
5679	-1
5680	6825305
5681	-1
5682	-1
5683	6827587
5684	-1
5685	6829869
5686	-1
5687	6832151
5688	-1
5689	-1
5690	6834433
5691	-1
5692	6836715
5693	-1
5694	6838997
5695	-1
5696	6841279
5697	-1
5698	-1
5699	6843561
5700	-1
5701	6845843
5702	-1
5703	6848125
5704	-1
5705	-1
5706	6850407
5707	-1
5708	6852689
5709	-1
5710	6854971
5711	-1
5712	6857253
5713	-1
5714	-1
5715	6859535
5716	-1
5717	6861817
5718	-1
5719	6864099
5720	-1
5721	6866381
5722	-1
5723	-1
5724	6868663
5725	-1
5726	6870945
5727	-1
5728	6873227
5729	-1
5730	-1
5731	6875509
5732	-1
5733	6877791
5734	-1
5735	6880073
5736	-1
5737	6882355
5738	-1
5739	-1
5740	6884637
5741	-1
5742	6886919
5743	-1
5744	6889201
5745	-1
5746	-1
5747	6891483
5748	-1
5749	6893765
5750	-1
5751	6896047
5752	-1
5753	6898329
5754	-1
5755	-1
5756	6900611
5757	-1
5758	6902893
5759	-1
5760	6905175
5761	-1
5762	-1
5763	6907457
5764	-1
5765	6909739
5766	-1
5767	6912021
5768	-1
5769	6914303
5770	-1
5771	-1
5772	6916585
5773	-1
5774	6918867
5775	-1
5776	6921149
5777	-1
5778	-1
5779	6923431
5780	-1
5781	6925713
5782	-1
5783	6927995
5784	-1
5785	6930277
5786	-1
5787	-1
5788	6932559
5789	-1
5790	6934841
5791	-1
5792	6937123
5793	-1
5794	-1
5795	6939405
5796	-1
5797	6941687
5798	-1
5799	6943969
5800	-1
5801	6946251
5802	-1
5803	-1
5804	6948533
5805	-1
5806	6950815
5807	-1
5808	6953097
5809	-1
5810	6955379
5811	-1
5812	-1
5813	6957661
5814	-1
5815	6959943
5816	-1
5817	6962225
5818	-1
5819	-1
5820	6964507
5821	-1
5822	6966789
5823	-1
5824	6969071
5825	-1
5826	6971353
5827	-1
5828	-1
5829	6973635
5830	-1
5831	6975917
5832	-1
5833	6978199
5834	-1
5835	-1
5836	6980481
5837	-1
5838	6982763
5839	-1
5840	6985045
5841	-1
5842	6987327
5843	-1
5844	-1
5845	6989609
5846	-1
5847	6991891
5848	-1
5849	6994173
5850	-1
5851	-1
5852	6996455
5853	-1
5854	6998737
5855	-1
5856	7001019
5857	-1
5858	7003301
5859	-1
5860	-1
5861	7005583
5862	-1
5863	7007865
5864	-1
5865	7010147
5866	-1
5867	-1
5868	7012429
5869	-1
5870	7014711
5871	-1
5872	7016993
5873	-1
5874	7019275
5875	-1
5876	-1
5877	7021557
5878	-1
5879	7023839
5880	-1
5881	7026121
5882	-1
5883	-1
5884	7028403
5885	-1
5886	7030685
5887	-1
5888	7032967
5889	-1
5890	7035249
5891	-1
5892	-1
5893	7037531
5894	-1
5895	7039813
5896	-1
5897	7042095
5898	-1
5899	7044377
5900	-1
5901	-1
5902	7046659
5903	-1
5904	7048941
5905	-1
5906	7051223
5907	-1
5908	-1
5909	7053505
5910	-1
5911	7055787
5912	-1
5913	7058069
5914	-1
5915	7060351
5916	-1
5917	-1
5918	7062633
5919	-1
5920	7064915
5921	-1
5922	7067197
5923	-1
5924	-1
5925	7069479
5926	-1
5927	7071761
5928	-1
5929	7074043
5930	-1
5931	7076325
5932	-1
5933	-1
5934	7078607
5935	-1
5936	7080889
5937	-1
5938	7083171
5939	-1
5940	-1
5941	7085453
5942	-1
5943	7087735
5944	-1
5945	7090017
5946	-1
5947	7092299
5948	-1
5949	-1
5950	7094581
5951	-1
5952	7096863
5953	-1
5954	7099145
5955	-1
5956	-1
5957	7101427
5958	-1
5959	7103709
5960	-1
5961	7105991
5962	-1
5963	7108273
5964	-1
5965	-1
5966	7110555
5967	-1
5968	7112837
5969	-1
5970	7115119
5971	-1
5972	-1
5973	7117401
5974	-1
5975	7119683
5976	-1
5977	7121965
5978	-1
5979	7124247
5980	-1
5981	-1
5982	7126529
5983	-1
5984	7128811
5985	-1
5986	7131093
5987	-1
5988	7133375
5989	-1
5990	-1
5991	7135657
5992	-1
5993	7137939
5994	-1
5995	7140221
5996	-1
5997	-1
5998	7142503
5999	-1
