0	1009284
1	1012327
2	1015369
3	1018412
4	1021455
5	1024497
6	1027540
7	1030583
8	1033625
9	1036668
10	1039711
11	1042753
12	1045796
13	1048839
14	1051881
15	1054924
16	1057967
17	1061009
18	1064052
19	1067095
20	1070137
21	1073180
22	1076223
23	1079265
24	1082308
25	1085351
26	1088393
27	1091436
28	1094479
29	1097521
30	1100564
31	1103607
32	1106649
33	1109692
34	1112735
35	1115777
36	1118820
37	1121863
38	1124905
39	1127948
40	1130991
41	1134033
42	1137076
43	1140119
44	1143161
45	1146204
46	1149247
47	1152289
48	1155332
49	1158375
50	1161417
51	1164460
52	1167503
53	1170545
54	1173588
55	1176631
56	1179673
57	1182716
58	1185759
59	1188801
60	1191844
61	1194887
62	1197929
63	1200972
64	1204015
65	1207057
66	1210100
67	1213143
68	1216185
69	1219228
70	1222271
71	1225313
72	1228356
73	1231399
74	1234441
75	1237484
76	1240527
77	1243569
78	1246612
79	1249655
80	1252697
81	1255740
82	1258783
83	1261825
84	1264868
85	1267911
86	1270953
87	1273996
88	1277039
89	1280081
90	-1
91	-1
92	1283124
93	-1
94	-1
95	1286167
96	-1
97	-1
98	1289209
99	-1
100	-1
101	1292252
102	-1
103	-1
104	1295295
105	-1
106	-1
107	1298337
108	-1
109	-1
110	1301380
111	-1
112	-1
113	1304423
114	-1
115	-1
116	1307465
117	-1
118	-1
119	1310508
120	-1
121	-1
122	1313551
123	-1
124	-1
125	1316593
126	-1
127	-1
128	1319636
129	-1
130	-1
131	1322679
132	-1
133	-1
134	1325721
135	-1
136	-1
137	1328764
138	-1
139	-1
140	-1
141	1331807
142	-1
143	-1
144	1334849
145	-1
146	-1
147	1337892
148	-1
149	-1
150	1340935
151	-1
152	-1
153	1343977
154	-1
155	-1
156	1347020
157	-1
158	-1
159	1350063
160	-1
161	-1
162	1353105
163	-1
164	-1
165	1356148
166	-1
167	-1
168	1359191
169	-1
170	-1
171	1362233
172	-1
173	-1
174	1365276
175	-1
176	-1
177	1368319
178	-1
179	-1
180	1371361
181	-1
182	-1
183	1374404
184	-1
185	-1
186	1377447
187	-1
188	-1
189	1380489
190	-1
191	-1
192	1383532
193	-1
194	-1
195	1386575
196	-1
197	-1
198	1389617
199	-1
200	-1
201	1392660
202	-1
203	-1
204	1395703
205	-1
206	-1
207	1398745
208	-1
209	-1
210	-1
211	1401788
212	-1
213	-1
214	1404831
215	-1
216	-1
217	1407873
218	-1
219	-1
220	1410916
221	-1
222	-1
223	1413959
224	-1
225	-1
226	1417001
227	-1
228	-1
229	1420044
230	-1
231	-1
232	1423087
233	-1
234	-1
235	1426129
236	-1
237	-1
238	1429172
239	-1
240	-1
241	1432215
242	-1
243	-1
244	1435257
245	-1
246	-1
247	1438300
248	-1
249	-1
250	1441343
251	-1
252	-1
253	1444385
254	-1
255	-1
256	1447428
257	-1
258	-1
259	1450471
260	-1
261	-1
262	1453513
263	-1
264	-1
265	1456556
266	-1
267	-1
268	1459599
269	-1
270	-1
271	1462641
272	-1
273	-1
274	1465684
275	-1
276	-1
277	1468727
278	-1
279	-1
280	1471769
281	-1
282	-1
283	-1
284	1474812
285	-1
286	-1
287	1477855
288	-1
289	-1
290	1480897
291	-1
292	-1
293	1483940
294	-1
295	-1
296	1486983
297	-1
298	-1
299	1490025
300	-1
301	-1
302	1493068
303	-1
304	-1
305	1496111
306	-1
307	-1
308	1499153
309	-1
310	-1
311	1502196
312	-1
313	-1
314	1505239
315	-1
316	-1
317	1508281
318	-1
319	-1
320	1511324
321	-1
322	-1
323	1514367
324	-1
325	-1
326	1517409
327	-1
328	-1
329	1520452
330	-1
331	-1
332	1523495
333	-1
334	-1
335	1526537
336	-1
337	-1
338	1529580
339	-1
340	-1
341	1532623
342	-1
343	-1
344	1535665
345	-1
346	-1
347	1538708
348	-1
349	-1
350	1541751
351	-1
352	-1
353	-1
354	1544793
355	-1
356	-1
357	1547836
358	-1
359	-1
360	1550879
361	-1
362	-1
363	1553921
364	-1
365	-1
366	1556964
367	-1
368	-1
369	1560007
370	-1
371	-1
372	1563049
373	-1
374	-1
375	1566092
376	-1
377	-1
378	1569135
379	-1
380	-1
381	1572177
382	-1
383	-1
384	1575220
385	-1
386	-1
387	1578263
388	-1
389	-1
390	1581305
391	-1
392	-1
393	1584348
394	-1
395	-1
396	1587391
397	-1
398	-1
399	1590433
400	-1
401	-1
402	1593476
403	-1
404	-1
405	1596519
406	-1
407	-1
408	1599561
409	-1
410	-1
411	1602604
412	-1
413	-1
414	1605647
415	-1
416	-1
417	1608689
418	-1
419	-1
420	1611732
421	-1
422	-1
423	1614775
424	-1
425	-1
426	-1
427	1617817
428	-1
429	-1
430	1620860
431	-1
432	-1
433	1623903
434	-1
435	-1
436	1626945
437	-1
438	-1
439	1629988
440	-1
441	-1
442	1633031
443	-1
444	-1
445	1636073
446	-1
447	-1
448	1639116
449	-1
450	-1
451	1642159
452	-1
453	-1
454	1645201
455	-1
456	-1
457	1648244
458	-1
459	-1
460	1651287
461	-1
462	-1
463	1654329
464	-1
465	-1
466	1657372
467	-1
468	-1
469	1660415
470	-1
471	-1
472	1663457
473	-1
474	-1
475	1666500
476	-1
477	-1
478	1669543
479	-1
480	-1
481	1672585
482	-1
483	-1
484	1675628
485	-1
486	-1
487	1678671
488	-1
489	-1
490	1681713
491	-1
492	-1
493	1684756
494	-1
495	-1
496	-1
497	1687799
498	-1
499	-1
500	1690841
501	-1
502	-1
503	1693884
504	-1
505	-1
506	1696927
507	-1
508	-1
509	1699969
510	-1
511	-1
512	1703012
513	-1
514	-1
515	1706055
516	-1
517	-1
518	1709097
519	-1
520	-1
521	1712140
522	-1
523	-1
524	1715183
525	-1
526	-1
527	1718225
528	-1
529	-1
530	1721268
531	-1
532	-1
533	1724311
534	-1
535	-1
536	1727353
537	-1
538	-1
539	1730396
540	-1
541	-1
542	1733439
543	-1
544	-1
545	1736481
546	-1
547	-1
548	1739524
549	-1
550	-1
551	1742567
552	-1
553	-1
554	1745609
555	-1
556	-1
557	1748652
558	-1
559	-1
560	1751695
561	-1
562	-1
563	1754737
564	-1
565	-1
566	1757780
567	-1
568	-1
569	-1
570	1760823
571	-1
572	-1
573	1763865
574	-1
575	-1
576	1766908
577	-1
578	-1
579	1769951
580	-1
581	-1
582	1772993
583	-1
584	-1
585	1776036
586	-1
587	-1
588	1779079
589	-1
590	-1
591	1782121
592	-1
593	-1
594	1785164
595	-1
596	-1
597	1788207
598	-1
599	-1
600	1791249
601	-1
602	-1
603	1794292
604	-1
605	-1
606	1797335
607	-1
608	-1
609	1800377
610	-1
611	-1
612	1803420
613	-1
614	-1
615	1806463
616	-1
617	-1
618	1809505
619	-1
620	-1
621	1812548
622	-1
623	-1
624	1815591
625	-1
626	-1
627	1818633
628	-1
629	-1
630	1821676
631	-1
632	-1
633	1824719
634	-1
635	-1
636	1827761
637	-1
638	-1
639	-1
640	1830804
641	-1
642	-1
643	1833847
644	-1
645	-1
646	1836889
647	-1
648	-1
649	1839932
650	-1
651	-1
652	1842975
653	-1
654	-1
655	1846017
656	-1
657	-1
658	1849060
659	-1
660	-1
661	1852103
662	-1
663	-1
664	1855145
665	-1
666	-1
667	1858188
668	-1
669	-1
670	1861231
671	-1
672	-1
673	1864273
674	-1
675	-1
676	1867316
677	-1
678	-1
679	1870359
680	-1
681	-1
682	1873401
683	-1
684	-1
685	1876444
686	-1
687	-1
688	1879487
689	-1
690	-1
691	1882529
692	-1
693	-1
694	1885572
695	-1
696	-1
697	1888615
698	-1
699	-1
700	1891657
701	-1
702	-1
703	1894700
704	-1
705	-1
706	1897743
707	-1
708	-1
709	-1
710	1900785
711	-1
712	-1
713	1903828
714	-1
715	-1
716	1906871
717	-1
718	-1
719	1909913
720	-1
721	-1
722	1912956
723	-1
724	-1
725	1915999
726	-1
727	-1
728	1919041
729	-1
730	-1
731	1922084
732	-1
733	-1
734	1925127
735	-1
736	-1
737	1928169
738	-1
739	-1
740	1931212
741	-1
742	-1
743	1934255
744	-1
745	-1
746	1937297
747	-1
748	-1
749	1940340
750	-1
751	-1
752	1943383
753	-1
754	-1
755	1946425
756	-1
757	-1
758	1949468
759	-1
760	-1
761	1952511
762	-1
763	-1
764	1955553
765	-1
766	-1
767	1958596
768	-1
769	-1
770	1961639
771	-1
772	-1
773	1964681
774	-1
775	-1
776	1967724
777	-1
778	-1
779	1970767
780	-1
781	-1
782	-1
783	1973809
784	-1
785	-1
786	1976852
787	-1
788	-1
789	1979895
790	-1
791	-1
792	1982937
793	-1
794	-1
795	1985980
796	-1
797	-1
798	1989023
799	-1
800	-1
801	1992065
802	-1
803	-1
804	1995108
805	-1
806	-1
807	1998151
808	-1
809	-1
810	2001193
811	-1
812	-1
813	2004236
814	-1
815	-1
816	2007279
817	-1
818	-1
819	2010321
820	-1
821	-1
822	2013364
823	-1
824	-1
825	2016407
826	-1
827	-1
828	2019449
829	-1
830	-1
831	2022492
832	-1
833	-1
834	2025535
835	-1
836	-1
837	2028577
838	-1
839	-1
840	2031620
841	-1
842	-1
843	2034663
844	-1
845	-1
846	2037705
847	-1
848	-1
849	2040748
850	-1
851	-1
852	-1
853	2043791
854	-1
855	-1
856	2046833
857	-1
858	-1
859	2049876
860	-1
861	-1
862	2052919
863	-1
864	-1
865	2055961
866	-1
867	-1
868	2059004
869	-1
870	-1
871	2062047
872	-1
873	-1
874	2065089
875	-1
876	-1
877	2068132
878	-1
879	-1
880	2071175
881	-1
882	-1
883	2074217
884	-1
885	-1
886	2077260
887	-1
888	-1
889	2080303
890	-1
891	-1
892	2083345
893	-1
894	-1
895	2086388
896	-1
897	-1
898	2089431
899	-1
900	-1
901	2092473
902	-1
903	-1
904	2095516
905	-1
906	-1
907	2098559
908	-1
909	-1
910	2101601
911	-1
912	-1
913	2104644
914	-1
915	-1
916	2107687
917	-1
918	-1
919	2110729
920	-1
921	-1
922	2113772
923	-1
924	-1
925	-1
926	2116815
927	-1
928	-1
929	2119857
930	-1
931	-1
932	2122900
933	-1
934	-1
935	2125943
936	-1
937	-1
938	2128985
939	-1
940	-1
941	2132028
942	-1
943	-1
944	2135071
945	-1
946	-1
947	2138113
948	-1
949	-1
950	2141156
951	-1
952	-1
953	2144199
954	-1
955	-1
956	2147241
957	-1
958	-1
959	2150284
960	-1
961	-1
962	2153327
963	-1
964	-1
965	2156369
966	-1
967	-1
968	2159412
969	-1
970	-1
971	2162455
972	-1
973	-1
974	2165497
975	-1
976	-1
977	2168540
978	-1
979	-1
980	2171583
981	-1
982	-1
983	2174625
984	-1
985	-1
986	2177668
987	-1
988	-1
989	2180711
990	-1
991	-1
992	2183753
993	-1
994	-1
995	-1
996	2186796
997	-1
998	-1
999	2189839
1000	-1
1001	-1
1002	2192881
1003	-1
1004	-1
1005	2195924
1006	-1
1007	-1
1008	2198967
1009	-1
1010	-1
1011	2202009
1012	-1
1013	-1
1014	2205052
1015	-1
1016	-1
1017	2208095
1018	-1
1019	-1
1020	2211137
1021	-1
1022	-1
1023	2214180
1024	-1
1025	-1
1026	2217223
1027	-1
1028	-1
1029	2220265
1030	-1
1031	-1
1032	2223308
1033	-1
1034	-1
1035	2226351
1036	-1
1037	-1
1038	2229393
1039	-1
1040	-1
1041	2232436
1042	-1
1043	-1
1044	2235479
1045	-1
1046	-1
1047	2238521
1048	-1
1049	-1
1050	2241564
1051	-1
1052	-1
1053	2244607
1054	-1
1055	-1
1056	2247649
1057	-1
1058	-1
1059	2250692
1060	-1
1061	-1
1062	2253735
1063	-1
1064	-1
1065	2256777
1066	-1
1067	-1
1068	-1
1069	2259820
1070	-1
1071	-1
1072	2262863
1073	-1
1074	-1
1075	2265905
1076	-1
1077	-1
1078	2268948
1079	-1
1080	-1
1081	2271991
1082	-1
1083	-1
1084	2275033
1085	-1
1086	-1
1087	2278076
1088	-1
1089	-1
1090	2281119
1091	-1
1092	-1
1093	2284161
1094	-1
1095	-1
1096	2287204
1097	-1
1098	-1
1099	2290247
1100	-1
1101	-1
1102	2293289
1103	-1
1104	-1
1105	2296332
1106	-1
1107	-1
1108	2299375
1109	-1
1110	-1
1111	2302417
1112	-1
1113	-1
1114	2305460
1115	-1
1116	-1
1117	2308503
1118	-1
1119	-1
1120	2311545
1121	-1
1122	-1
1123	2314588
1124	-1
1125	-1
1126	2317631
1127	-1
1128	-1
1129	2320673
1130	-1
1131	-1
1132	2323716
1133	-1
1134	-1
1135	2326759
1136	-1
1137	-1
1138	-1
1139	2329801
1140	-1
1141	-1
1142	2332844
1143	-1
1144	-1
1145	2335887
1146	-1
1147	-1
1148	2338929
1149	-1
1150	-1
1151	2341972
1152	-1
1153	-1
1154	2345015
1155	-1
1156	-1
1157	2348057
1158	-1
1159	-1
1160	2351100
1161	-1
1162	-1
1163	2354143
1164	-1
1165	-1
1166	2357185
1167	-1
1168	-1
1169	2360228
1170	-1
1171	-1
1172	2363271
1173	-1
1174	-1
1175	2366313
1176	-1
1177	-1
1178	2369356
1179	-1
1180	-1
1181	2372399
1182	-1
1183	-1
1184	2375441
1185	-1
1186	-1
1187	2378484
1188	-1
1189	-1
1190	2381527
1191	-1
1192	-1
1193	2384569
1194	-1
1195	-1
1196	2387612
1197	-1
1198	-1
1199	2390655
1200	-1
1201	-1
1202	2393697
1203	-1
1204	-1
1205	2396740
1206	-1
1207	-1
1208	2399783
1209	-1
1210	-1
1211	-1
1212	2402825
1213	-1
1214	-1
1215	2405868
1216	-1
1217	-1
1218	2408911
1219	-1
1220	-1
1221	2411953
1222	-1
1223	-1
1224	2414996
1225	-1
1226	-1
1227	2418039
1228	-1
1229	-1
1230	2421081
1231	-1
1232	-1
1233	2424124
1234	-1
1235	-1
1236	2427167
1237	-1
1238	-1
1239	2430209
1240	-1
1241	-1
1242	2433252
1243	-1
1244	-1
1245	2436295
1246	-1
1247	-1
1248	2439337
1249	-1
1250	-1
1251	2442380
1252	-1
1253	-1
1254	2445423
1255	-1
1256	-1
1257	2448465
1258	-1
1259	-1
1260	2451508
1261	-1
1262	-1
1263	2454551
1264	-1
1265	-1
1266	2457593
1267	-1
1268	-1
1269	2460636
1270	-1
1271	-1
1272	2463679
1273	-1
1274	-1
1275	2466721
1276	-1
1277	-1
1278	2469764
1279	-1
1280	-1
1281	-1
1282	2472807
1283	-1
1284	-1
1285	2475849
1286	-1
1287	-1
1288	2478892
1289	-1
1290	-1
1291	2481935
1292	-1
1293	-1
1294	2484977
1295	-1
1296	-1
1297	2488020
1298	-1
1299	-1
1300	2491063
1301	-1
1302	-1
1303	2494105
1304	-1
1305	-1
1306	2497148
1307	-1
1308	-1
1309	2500191
1310	-1
1311	-1
1312	2503233
1313	-1
1314	-1
1315	2506276
1316	-1
1317	-1
1318	2509319
1319	-1
1320	-1
1321	2512361
1322	-1
1323	-1
1324	2515404
1325	-1
1326	-1
1327	2518447
1328	-1
1329	-1
1330	2521489
1331	-1
1332	-1
1333	2524532
1334	-1
1335	-1
1336	2527575
1337	-1
1338	-1
1339	2530617
1340	-1
1341	-1
1342	2533660
1343	-1
1344	-1
1345	2536703
1346	-1
1347	-1
1348	2539745
1349	-1
1350	-1
1351	-1
1352	2542788
1353	-1
1354	-1
1355	2545831
1356	-1
1357	-1
1358	2548873
1359	-1
1360	-1
1361	2551916
1362	-1
1363	-1
1364	2554959
1365	-1
1366	-1
1367	2558001
1368	-1
1369	-1
1370	2561044
1371	-1
1372	-1
1373	2564087
1374	-1
1375	-1
1376	2567129
1377	-1
1378	-1
1379	2570172
1380	-1
1381	-1
1382	2573215
1383	-1
1384	-1
1385	2576257
1386	-1
1387	-1
1388	2579300
1389	-1
1390	-1
1391	2582343
1392	-1
1393	-1
1394	2585385
1395	-1
1396	-1
1397	2588428
1398	-1
1399	-1
1400	2591471
1401	-1
1402	-1
1403	2594513
1404	-1
1405	-1
1406	2597556
1407	-1
1408	-1
1409	2600599
1410	-1
1411	-1
1412	2603641
1413	-1
1414	-1
1415	2606684
1416	-1
1417	-1
1418	2609727
1419	-1
1420	-1
1421	2612769
1422	-1
1423	-1
1424	-1
1425	2615812
1426	-1
1427	-1
1428	2618855
1429	-1
1430	-1
1431	2621897
1432	-1
1433	-1
1434	2624940
1435	-1
1436	-1
1437	2627983
1438	-1
1439	-1
1440	2631025
1441	-1
1442	-1
1443	2634068
1444	-1
1445	-1
1446	2637111
1447	-1
1448	-1
1449	2640153
1450	-1
1451	-1
1452	2643196
1453	-1
1454	-1
1455	2646239
1456	-1
1457	-1
1458	2649281
1459	-1
1460	-1
1461	2652324
1462	-1
1463	-1
1464	2655367
1465	-1
1466	-1
1467	2658409
1468	-1
1469	-1
1470	2661452
1471	-1
1472	-1
1473	2664495
1474	-1
1475	-1
1476	2667537
1477	-1
1478	-1
1479	2670580
1480	-1
1481	-1
1482	2673623
1483	-1
1484	-1
1485	2676665
1486	-1
1487	-1
1488	2679708
1489	-1
1490	-1
1491	2682751
1492	-1
1493	-1
1494	-1
1495	2685793
1496	-1
1497	-1
1498	2688836
1499	-1
1500	-1
1501	2691879
1502	-1
1503	-1
1504	2694921
1505	-1
1506	-1
1507	2697964
1508	-1
1509	-1
1510	2701007
1511	-1
1512	-1
1513	2704049
1514	-1
1515	-1
1516	2707092
1517	-1
1518	-1
1519	2710135
1520	-1
1521	-1
1522	2713177
1523	-1
1524	-1
1525	2716220
1526	-1
1527	-1
1528	2719263
1529	-1
1530	-1
1531	2722305
1532	-1
1533	-1
1534	2725348
1535	-1
1536	-1
1537	2728391
1538	-1
1539	-1
1540	2731433
1541	-1
1542	-1
1543	2734476
1544	-1
1545	-1
1546	2737519
1547	-1
1548	-1
1549	2740561
1550	-1
1551	-1
1552	2743604
1553	-1
1554	-1
1555	2746647
1556	-1
1557	-1
1558	2749689
1559	-1
1560	-1
1561	2752732
1562	-1
1563	-1
1564	2755775
1565	-1
1566	-1
1567	-1
1568	2758817
1569	-1
1570	-1
1571	2761860
1572	-1
1573	-1
1574	2764903
1575	-1
1576	-1
1577	2767945
1578	-1
1579	-1
1580	2770988
1581	-1
1582	-1
1583	2774031
1584	-1
1585	-1
1586	2777073
1587	-1
1588	-1
1589	2780116
1590	-1
1591	-1
1592	2783159
1593	-1
1594	-1
1595	2786201
1596	-1
1597	-1
1598	2789244
1599	-1
1600	-1
1601	2792287
1602	-1
1603	-1
1604	2795329
1605	-1
1606	-1
1607	2798372
1608	-1
1609	-1
1610	2801415
1611	-1
1612	-1
1613	2804457
1614	-1
1615	-1
1616	2807500
1617	-1
1618	-1
1619	2810543
1620	-1
1621	-1
1622	2813585
1623	-1
1624	-1
1625	2816628
1626	-1
1627	-1
1628	2819671
1629	-1
1630	-1
1631	2822713
1632	-1
1633	-1
1634	2825756
1635	-1
1636	-1
1637	-1
1638	2828799
1639	-1
1640	-1
1641	2831841
1642	-1
1643	-1
1644	2834884
1645	-1
1646	-1
1647	2837927
1648	-1
1649	-1
1650	2840969
1651	-1
1652	-1
1653	2844012
1654	-1
1655	-1
1656	2847055
1657	-1
1658	-1
1659	2850097
1660	-1
1661	-1
1662	2853140
1663	-1
1664	-1
1665	2856183
1666	-1
1667	-1
1668	2859225
1669	-1
1670	-1
1671	2862268
1672	-1
1673	-1
1674	2865311
1675	-1
1676	-1
1677	2868353
1678	-1
1679	-1
1680	2871396
1681	-1
1682	-1
1683	2874439
1684	-1
1685	-1
1686	2877481
1687	-1
1688	-1
1689	2880524
1690	-1
1691	-1
1692	2883567
1693	-1
1694	-1
1695	2886609
1696	-1
1697	-1
1698	2889652
1699	-1
1700	-1
1701	2892695
1702	-1
1703	-1
1704	2895737
1705	-1
1706	-1
1707	2898780
1708	-1
1709	-1
1710	-1
1711	2901823
1712	-1
1713	-1
1714	2904865
1715	-1
1716	-1
1717	2907908
1718	-1
1719	-1
1720	2910951
1721	-1
1722	-1
1723	2913993
1724	-1
1725	-1
1726	2917036
1727	-1
1728	-1
1729	2920079
1730	-1
1731	-1
1732	2923121
1733	-1
1734	-1
1735	2926164
1736	-1
1737	-1
1738	2929207
1739	-1
1740	-1
1741	2932249
1742	-1
1743	-1
1744	2935292
1745	-1
1746	-1
1747	2938335
1748	-1
1749	-1
1750	2941377
1751	-1
1752	-1
1753	2944420
1754	-1
1755	-1
1756	2947463
1757	-1
1758	-1
1759	2950505
1760	-1
1761	-1
1762	2953548
1763	-1
1764	-1
1765	2956591
1766	-1
1767	-1
1768	2959633
1769	-1
1770	-1
1771	2962676
1772	-1
1773	-1
1774	2965719
1775	-1
1776	-1
1777	2968761
1778	-1
1779	-1
1780	-1
1781	2971804
1782	-1
1783	-1
1784	2974847
1785	-1
1786	-1
1787	2977889
1788	-1
1789	-1
1790	2980932
1791	-1
1792	-1
1793	2983975
1794	-1
1795	-1
1796	2987017
1797	-1
1798	-1
1799	2990060
1800	-1
1801	-1
1802	2993103
1803	-1
1804	-1
1805	2996145
1806	-1
1807	-1
1808	2999188
1809	-1
1810	-1
1811	3002231
1812	-1
1813	-1
1814	3005273
1815	-1
1816	-1
1817	3008316
1818	-1
1819	-1
1820	3011359
1821	-1
1822	-1
1823	3014401
1824	-1
1825	-1
1826	3017444
1827	-1
1828	-1
1829	3020487
1830	-1
1831	-1
1832	3023529
1833	-1
1834	-1
1835	3026572
1836	-1
1837	-1
1838	3029615
1839	-1
1840	-1
1841	3032657
1842	-1
1843	-1
1844	3035700
1845	-1
1846	-1
1847	3038743
1848	-1
1849	-1
1850	-1
1851	3041785
1852	-1
1853	-1
1854	3044828
1855	-1
1856	-1
1857	3047871
1858	-1
1859	-1
1860	3050913
1861	-1
1862	-1
1863	3053956
1864	-1
1865	-1
1866	3056999
1867	-1
1868	-1
1869	3060041
1870	-1
1871	-1
1872	3063084
1873	-1
1874	-1
1875	3066127
1876	-1
1877	-1
1878	3069169
1879	-1
1880	-1
1881	3072212
1882	-1
1883	-1
1884	3075255
1885	-1
1886	-1
1887	3078297
1888	-1
1889	-1
1890	3081340
1891	-1
1892	-1
1893	3084383
1894	-1
1895	-1
1896	3087425
1897	-1
1898	-1
1899	3090468
1900	-1
1901	-1
1902	3093511
1903	-1
1904	-1
1905	3096553
1906	-1
1907	-1
1908	3099596
1909	-1
1910	-1
1911	3102639
1912	-1
1913	-1
1914	3105681
1915	-1
1916	-1
1917	3108724
1918	-1
1919	-1
1920	3111767
1921	-1
1922	-1
1923	-1
1924	3114809
1925	-1
1926	-1
1927	3117852
1928	-1
1929	-1
1930	3120895
1931	-1
1932	-1
1933	3123937
1934	-1
1935	-1
1936	3126980
1937	-1
1938	-1
1939	3130023
1940	-1
1941	-1
1942	3133065
1943	-1
1944	-1
1945	3136108
1946	-1
1947	-1
1948	3139151
1949	-1
1950	-1
1951	3142193
1952	-1
1953	-1
1954	3145236
1955	-1
1956	-1
1957	3148279
1958	-1
1959	-1
1960	3151321
1961	-1
1962	-1
1963	3154364
1964	-1
1965	-1
1966	3157407
1967	-1
1968	-1
1969	3160449
1970	-1
1971	-1
1972	3163492
1973	-1
1974	-1
1975	3166535
1976	-1
1977	-1
1978	3169577
1979	-1
1980	-1
1981	3172620
1982	-1
1983	-1
1984	3175663
1985	-1
1986	-1
1987	3178705
1988	-1
1989	-1
1990	3181748
1991	-1
1992	-1
1993	-1
1994	3184791
1995	-1
1996	-1
1997	3187833
1998	-1
1999	-1
2000	3190876
2001	-1
2002	-1
2003	3193919
2004	-1
2005	-1
2006	3196961
2007	-1
2008	-1
2009	3200004
2010	-1
2011	-1
2012	3203047
2013	-1
2014	-1
2015	3206089
2016	-1
2017	-1
2018	3209132
2019	-1
2020	-1
2021	3212175
2022	-1
2023	-1
2024	3215217
2025	-1
2026	-1
2027	3218260
2028	-1
2029	-1
2030	3221303
2031	-1
2032	-1
2033	3224345
2034	-1
2035	-1
2036	3227388
2037	-1
2038	-1
2039	3230431
2040	-1
2041	-1
2042	3233473
2043	-1
2044	-1
2045	3236516
2046	-1
2047	-1
2048	3239559
2049	-1
2050	-1
2051	3242601
2052	-1
2053	-1
2054	3245644
2055	-1
2056	-1
2057	3248687
2058	-1
2059	-1
2060	3251729
2061	-1
2062	-1
2063	3254772
2064	-1
2065	-1
2066	-1
2067	3257815
2068	-1
2069	-1
2070	3260857
2071	-1
2072	-1
2073	3263900
2074	-1
2075	-1
2076	3266943
2077	-1
2078	-1
2079	3269985
2080	-1
2081	-1
2082	3273028
2083	-1
2084	-1
2085	3276071
2086	-1
2087	-1
2088	3279113
2089	-1
2090	-1
2091	3282156
2092	-1
2093	-1
2094	3285199
2095	-1
2096	-1
2097	3288241
2098	-1
2099	-1
2100	3291284
2101	-1
2102	-1
2103	3294327
2104	-1
2105	-1
2106	3297369
2107	-1
2108	-1
2109	3300412
2110	-1
2111	-1
2112	3303455
2113	-1
2114	-1
2115	3306497
2116	-1
2117	-1
2118	3309540
2119	-1
2120	-1
2121	3312583
2122	-1
2123	-1
2124	3315625
2125	-1
2126	-1
2127	3318668
2128	-1
2129	-1
2130	3321711
2131	-1
2132	-1
2133	3324753
2134	-1
2135	-1
2136	-1
2137	3327796
2138	-1
2139	-1
2140	3330839
2141	-1
2142	-1
2143	3333881
2144	-1
2145	-1
2146	3336924
2147	-1
2148	-1
2149	3339967
2150	-1
2151	-1
2152	3343009
2153	-1
2154	-1
2155	3346052
2156	-1
2157	-1
2158	3349095
2159	-1
2160	-1
2161	3352137
2162	-1
2163	-1
2164	3355180
2165	-1
2166	-1
2167	3358223
2168	-1
2169	-1
2170	3361265
2171	-1
2172	-1
2173	3364308
2174	-1
2175	-1
2176	3367351
2177	-1
2178	-1
2179	3370393
2180	-1
2181	-1
2182	3373436
2183	-1
2184	-1
2185	3376479
2186	-1
2187	-1
2188	3379521
2189	-1
2190	-1
2191	3382564
2192	-1
2193	-1
2194	3385607
2195	-1
2196	-1
2197	3388649
2198	-1
2199	-1
2200	3391692
2201	-1
2202	-1
2203	3394735
2204	-1
2205	-1
2206	3397777
2207	-1
2208	-1
2209	-1
2210	3400820
2211	-1
2212	-1
2213	3403863
2214	-1
2215	-1
2216	3406905
2217	-1
2218	-1
2219	3409948
2220	-1
2221	-1
2222	3412991
2223	-1
2224	-1
2225	3416033
2226	-1
2227	-1
2228	3419076
2229	-1
2230	-1
2231	3422119
2232	-1
2233	-1
2234	3425161
2235	-1
2236	-1
2237	3428204
2238	-1
2239	-1
2240	3431247
2241	-1
2242	-1
2243	3434289
2244	-1
2245	-1
2246	3437332
2247	-1
2248	-1
2249	3440375
2250	-1
2251	-1
2252	3443417
2253	-1
2254	-1
2255	3446460
2256	-1
2257	-1
2258	3449503
2259	-1
2260	-1
2261	3452545
2262	-1
2263	-1
2264	3455588
2265	-1
2266	-1
2267	3458631
2268	-1
2269	-1
2270	3461673
2271	-1
2272	-1
2273	3464716
2274	-1
2275	-1
2276	3467759
2277	-1
2278	-1
2279	-1
2280	3470801
2281	-1
2282	-1
2283	3473844
2284	-1
2285	-1
2286	3476887
2287	-1
2288	-1
2289	3479929
2290	-1
2291	-1
2292	3482972
2293	-1
2294	-1
2295	3486015
2296	-1
2297	-1
2298	3489057
2299	-1
2300	-1
2301	3492100
2302	-1
2303	-1
2304	3495143
2305	-1
2306	-1
2307	3498185
2308	-1
2309	-1
2310	3501228
2311	-1
2312	-1
2313	3504271
2314	-1
2315	-1
2316	3507313
2317	-1
2318	-1
2319	3510356
2320	-1
2321	-1
2322	3513399
2323	-1
2324	-1
2325	3516441
2326	-1
2327	-1
2328	3519484
2329	-1
2330	-1
2331	3522527
2332	-1
2333	-1
2334	3525569
2335	-1
2336	-1
2337	3528612
2338	-1
2339	-1
2340	3531655
2341	-1
2342	-1
2343	3534697
2344	-1
2345	-1
2346	3537740
2347	-1
2348	-1
2349	3540783
2350	-1
2351	-1
2352	-1
2353	3543825
2354	-1
2355	-1
2356	3546868
2357	-1
2358	-1
2359	3549911
2360	-1
2361	-1
2362	3552953
2363	-1
2364	-1
2365	3555996
2366	-1
2367	-1
2368	3559039
2369	-1
2370	-1
2371	3562081
2372	-1
2373	-1
2374	3565124
2375	-1
2376	-1
2377	3568167
2378	-1
2379	-1
2380	3571209
2381	-1
2382	-1
2383	3574252
2384	-1
2385	-1
2386	3577295
2387	-1
2388	-1
2389	3580337
2390	-1
2391	-1
2392	3583380
2393	-1
2394	-1
2395	3586423
2396	-1
2397	-1
2398	3589465
2399	-1
2400	-1
2401	3592508
2402	-1
2403	-1
2404	3595551
2405	-1
2406	-1
2407	3598593
2408	-1
2409	-1
2410	3601636
2411	-1
2412	-1
2413	3604679
2414	-1
2415	-1
2416	3607721
2417	-1
2418	-1
2419	3610764
2420	-1
2421	-1
2422	-1
2423	3613807
2424	-1
2425	-1
2426	3616849
2427	-1
2428	-1
2429	3619892
2430	-1
2431	-1
2432	3622935
2433	-1
2434	-1
2435	3625977
2436	-1
2437	-1
2438	3629020
2439	-1
2440	-1
2441	3632063
2442	-1
2443	-1
2444	3635105
2445	-1
2446	-1
2447	3638148
2448	-1
2449	-1
2450	3641191
2451	-1
2452	-1
2453	3644233
2454	-1
2455	-1
2456	3647276
2457	-1
2458	-1
2459	3650319
2460	-1
2461	-1
2462	3653361
2463	-1
2464	-1
2465	3656404
2466	-1
2467	-1
2468	3659447
2469	-1
2470	-1
2471	3662489
2472	-1
2473	-1
2474	3665532
2475	-1
2476	-1
2477	3668575
2478	-1
2479	-1
2480	3671617
2481	-1
2482	-1
2483	3674660
2484	-1
2485	-1
2486	3677703
2487	-1
2488	-1
2489	3680746
2490	-1
2491	-1
2492	-1
2493	3683788
2494	-1
2495	-1
2496	3686831
2497	-1
2498	-1
2499	3689874
2500	-1
2501	-1
2502	3692916
2503	-1
2504	-1
2505	3695959
2506	-1
2507	-1
2508	3699002
2509	-1
2510	-1
2511	3702044
2512	-1
2513	-1
2514	3705087
2515	-1
2516	-1
2517	3708130
2518	-1
2519	-1
2520	3711172
2521	-1
2522	-1
2523	3714215
2524	-1
2525	-1
2526	3717258
2527	-1
2528	-1
2529	3720300
2530	-1
2531	-1
2532	3723343
2533	-1
2534	-1
2535	3726386
2536	-1
2537	-1
2538	3729428
2539	-1
2540	-1
2541	3732471
2542	-1
2543	-1
2544	3735514
2545	-1
2546	-1
2547	3738556
2548	-1
2549	-1
2550	3741599
2551	-1
2552	-1
2553	3744642
2554	-1
2555	-1
2556	3747684
2557	-1
2558	-1
2559	3750727
2560	-1
2561	-1
2562	3753770
2563	-1
2564	-1
2565	-1
2566	3756812
2567	-1
2568	-1
2569	3759855
2570	-1
2571	-1
2572	3762898
2573	-1
2574	-1
2575	3765940
2576	-1
2577	-1
2578	3768983
2579	-1
2580	-1
2581	3772026
2582	-1
2583	-1
2584	3775068
2585	-1
2586	-1
2587	3778111
2588	-1
2589	-1
2590	3781154
2591	-1
2592	-1
2593	3784196
2594	-1
2595	-1
2596	3787239
2597	-1
2598	-1
2599	3790282
2600	-1
2601	-1
2602	3793324
2603	-1
2604	-1
2605	3796367
2606	-1
2607	-1
2608	3799410
2609	-1
2610	-1
2611	3802452
2612	-1
2613	-1
2614	3805495
2615	-1
2616	-1
2617	3808538
2618	-1
2619	-1
2620	3811580
2621	-1
2622	-1
2623	3814623
2624	-1
2625	-1
2626	3817666
2627	-1
2628	-1
2629	3820708
2630	-1
2631	-1
2632	3823751
2633	-1
2634	-1
2635	-1
2636	3826794
2637	-1
2638	-1
2639	3829836
2640	-1
2641	-1
2642	3832879
2643	-1
2644	-1
2645	3835922
2646	-1
2647	-1
2648	3838964
2649	-1
2650	-1
2651	3842007
2652	-1
2653	-1
2654	3845050
2655	-1
2656	-1
2657	3848092
2658	-1
2659	-1
2660	3851135
2661	-1
2662	-1
2663	3854178
2664	-1
2665	-1
2666	3857220
2667	-1
2668	-1
2669	3860263
2670	-1
2671	-1
2672	3863306
2673	-1
2674	-1
2675	3866348
2676	-1
2677	-1
2678	3869391
2679	-1
2680	-1
2681	3872434
2682	-1
2683	-1
2684	3875476
2685	-1
2686	-1
2687	3878519
2688	-1
2689	-1
2690	3881562
2691	-1
2692	-1
2693	3884604
2694	-1
2695	-1
2696	3887647
2697	-1
2698	-1
2699	3890690
2700	-1
2701	-1
2702	3893732
2703	-1
2704	-1
2705	3896775
2706	-1
2707	-1
2708	-1
2709	3899818
2710	-1
2711	-1
2712	3902860
2713	-1
2714	-1
2715	3905903
2716	-1
2717	-1
2718	3908946
2719	-1
2720	-1
2721	3911988
2722	-1
2723	-1
2724	3915031
2725	-1
2726	-1
2727	3918074
2728	-1
2729	-1
2730	3921116
2731	-1
2732	-1
2733	3924159
2734	-1
2735	-1
2736	3927202
2737	-1
2738	-1
2739	3930244
2740	-1
2741	-1
2742	3933287
2743	-1
2744	-1
2745	3936330
2746	-1
2747	-1
2748	3939372
2749	-1
2750	-1
2751	3942415
2752	-1
2753	-1
2754	3945458
2755	-1
2756	-1
2757	3948500
2758	-1
2759	-1
2760	3951543
2761	-1
2762	-1
2763	3954586
2764	-1
2765	-1
2766	3957628
2767	-1
2768	-1
2769	3960671
2770	-1
2771	-1
2772	3963714
2773	-1
2774	-1
2775	3966756
2776	-1
2777	-1
2778	-1
2779	3969799
2780	-1
2781	-1
2782	3972842
2783	-1
2784	-1
2785	3975884
2786	-1
2787	-1
2788	3978927
2789	-1
2790	-1
2791	3981970
2792	-1
2793	-1
2794	3985012
2795	-1
2796	-1
2797	3988055
2798	-1
2799	-1
2800	-1
2801	-1
2802	-1
2803	3991228
2804	-1
2805	-1
2806	3994271
2807	-1
2808	-1
2809	3997314
2810	-1
2811	-1
2812	4000356
2813	-1
2814	-1
2815	4003399
2816	-1
2817	-1
2818	4006442
2819	-1
2820	-1
2821	4009484
2822	-1
2823	-1
2824	4012527
2825	-1
2826	-1
2827	4015570
2828	-1
2829	-1
2830	4018612
2831	-1
2832	-1
2833	4021655
2834	-1
2835	-1
2836	4024698
2837	-1
2838	-1
2839	4027740
2840	-1
2841	-1
2842	4030783
2843	-1
2844	-1
2845	4033826
2846	-1
2847	-1
2848	4036868
2849	-1
2850	-1
2851	-1
2852	4039911
2853	-1
2854	-1
2855	4042954
2856	-1
2857	-1
2858	4045996
2859	-1
2860	-1
2861	4049039
2862	-1
2863	-1
2864	4052082
2865	-1
2866	-1
2867	4055124
2868	-1
2869	-1
2870	4058167
2871	-1
2872	-1
2873	4061210
2874	-1
2875	-1
2876	4064252
2877	-1
2878	-1
2879	4067295
2880	-1
2881	-1
2882	4070338
2883	-1
2884	-1
2885	4073380
2886	-1
2887	-1
2888	4076423
2889	-1
2890	-1
2891	4079466
2892	-1
2893	-1
2894	4082508
2895	-1
2896	-1
2897	4085551
2898	-1
2899	-1
2900	4088594
2901	-1
2902	-1
2903	4091636
2904	-1
2905	-1
2906	4094679
2907	-1
2908	-1
2909	4097722
2910	-1
2911	-1
2912	4100764
2913	-1
2914	-1
2915	4103807
2916	-1
2917	-1
2918	4106850
2919	-1
2920	-1
2921	-1
2922	4109892
2923	-1
2924	-1
2925	4112935
2926	-1
2927	-1
2928	4115978
2929	-1
2930	-1
2931	4119020
2932	-1
2933	-1
2934	4122063
2935	-1
2936	-1
2937	4125106
2938	-1
2939	-1
2940	4128148
2941	-1
2942	-1
2943	4131191
2944	-1
2945	-1
2946	4134234
2947	-1
2948	-1
2949	4137276
2950	-1
2951	-1
2952	4140319
2953	-1
2954	-1
2955	4143362
2956	-1
2957	-1
2958	4146404
2959	-1
2960	-1
2961	4149447
2962	-1
2963	-1
2964	4152490
2965	-1
2966	-1
2967	4155532
2968	-1
2969	-1
2970	4158575
2971	-1
2972	-1
2973	4161618
2974	-1
2975	-1
2976	4164660
2977	-1
2978	-1
2979	4167703
2980	-1
2981	-1
2982	4170746
2983	4173788
2984	-1
2985	-1
2986	4176831
2987	-1
2988	-1
2989	4179874
2990	-1
2991	-1
2992	4182916
2993	-1
2994	-1
2995	4185959
2996	-1
2997	-1
2998	4189002
2999	-1
3000	-1
3001	4192044
3002	-1
3003	-1
3004	4195087
3005	-1
3006	-1
3007	4198130
3008	-1
3009	-1
3010	4201172
3011	-1
3012	-1
3013	4204215
3014	-1
3015	-1
3016	4207258
3017	-1
3018	-1
3019	4210300
3020	-1
3021	-1
3022	4213343
3023	-1
3024	-1
3025	4216386
3026	-1
3027	-1
3028	4219428
3029	-1
3030	-1
3031	4222471
3032	-1
3033	-1
3034	4225514
3035	-1
3036	-1
3037	4228556
3038	-1
3039	-1
3040	4231599
3041	-1
3042	-1
3043	4234642
3044	-1
3045	-1
3046	4237684
3047	-1
3048	-1
3049	4240727
3050	-1
3051	-1
3052	4243770
3053	-1
3054	-1
3055	-1
3056	4246812
3057	-1
3058	-1
3059	4249855
3060	-1
3061	-1
3062	4252898
3063	-1
3064	-1
3065	4255940
3066	-1
3067	-1
3068	4258983
3069	-1
3070	-1
3071	4262026
3072	-1
3073	-1
3074	4265068
3075	-1
3076	-1
3077	4268111
3078	-1
3079	-1
3080	4271154
3081	-1
3082	-1
3083	4274196
3084	-1
3085	-1
3086	4277239
3087	-1
3088	-1
3089	4280282
3090	-1
3091	-1
3092	4283324
3093	-1
3094	-1
3095	4286367
3096	-1
3097	-1
3098	4289410
3099	-1
3100	-1
3101	4292452
3102	-1
3103	-1
3104	4295495
3105	-1
3106	-1
3107	4298538
3108	-1
3109	-1
3110	4301580
3111	-1
3112	-1
3113	4304623
3114	-1
3115	-1
3116	4307666
3117	-1
3118	-1
3119	4310708
3120	-1
3121	-1
3122	4313751
3123	-1
3124	-1
3125	-1
3126	4316794
3127	-1
3128	-1
3129	4319836
3130	-1
3131	-1
3132	4322879
3133	-1
3134	-1
3135	4325922
3136	-1
3137	-1
3138	4328964
3139	-1
3140	-1
3141	4332007
3142	-1
3143	-1
3144	4335050
3145	-1
3146	-1
3147	4338092
3148	-1
3149	-1
3150	4341135
3151	-1
3152	-1
3153	4344178
3154	-1
3155	-1
3156	4347220
3157	-1
3158	-1
3159	4350263
3160	-1
3161	-1
3162	4353306
3163	-1
3164	-1
3165	4356348
3166	-1
3167	-1
3168	4359391
3169	-1
3170	-1
3171	4362434
3172	-1
3173	-1
3174	4365476
3175	-1
3176	-1
3177	4368519
3178	-1
3179	-1
3180	4371562
3181	-1
3182	-1
3183	4374604
3184	-1
3185	-1
3186	4377647
3187	-1
3188	-1
3189	4380690
3190	-1
3191	-1
3192	4383732
3193	-1
3194	-1
3195	4386775
3196	-1
3197	-1
3198	-1
3199	4389818
3200	-1
3201	-1
3202	4392860
3203	-1
3204	-1
3205	4395903
3206	-1
3207	-1
3208	4398946
3209	-1
3210	-1
3211	4401988
3212	-1
3213	-1
3214	4405031
3215	-1
3216	-1
3217	4408074
3218	-1
3219	-1
3220	4411116
3221	-1
3222	-1
3223	4414159
3224	-1
3225	-1
3226	4417202
3227	-1
3228	-1
3229	4420244
3230	-1
3231	-1
3232	4423287
3233	-1
3234	-1
3235	4426330
3236	-1
3237	-1
3238	4429372
3239	-1
3240	-1
3241	4432415
3242	-1
3243	-1
3244	4435458
3245	-1
3246	-1
3247	4438500
3248	-1
3249	-1
3250	4441543
3251	-1
3252	-1
3253	4444586
3254	-1
3255	-1
3256	4447628
3257	-1
3258	-1
3259	4450671
3260	-1
3261	-1
3262	4453714
3263	-1
3264	-1
3265	4456756
3266	-1
3267	-1
3268	-1
3269	4459799
3270	-1
3271	-1
3272	4462842
3273	-1
3274	-1
3275	4465884
3276	-1
3277	-1
3278	4468927
3279	-1
3280	-1
3281	4471970
3282	-1
3283	-1
3284	4475012
3285	-1
3286	-1
3287	4478055
3288	-1
3289	-1
3290	4481098
3291	-1
3292	-1
3293	4484140
3294	-1
3295	-1
3296	4487183
3297	-1
3298	-1
3299	4490226
3300	-1
3301	-1
3302	4493268
3303	-1
3304	-1
3305	4496311
3306	-1
3307	-1
3308	4499354
3309	-1
3310	-1
3311	4502396
3312	-1
3313	-1
3314	4505439
3315	-1
3316	-1
3317	4508482
3318	-1
3319	-1
3320	4511524
3321	-1
3322	-1
3323	4514567
3324	-1
3325	-1
3326	4517610
3327	-1
3328	-1
3329	4520652
3330	-1
3331	-1
3332	4523695
3333	-1
3334	-1
3335	4526738
3336	-1
3337	-1
3338	4529780
3339	-1
3340	-1
3341	-1
3342	4532823
3343	-1
3344	-1
3345	4535866
3346	-1
3347	-1
3348	4538908
3349	-1
3350	-1
3351	4541951
3352	-1
3353	-1
3354	4544994
3355	-1
3356	-1
3357	4548036
3358	-1
3359	-1
3360	4551079
3361	-1
3362	-1
3363	4554122
3364	-1
3365	-1
3366	4557164
3367	-1
3368	-1
3369	4560207
3370	-1
3371	-1
3372	4563250
3373	-1
3374	-1
3375	4566292
3376	-1
3377	-1
3378	4569335
3379	-1
3380	-1
3381	4572378
3382	-1
3383	-1
3384	4575420
3385	-1
3386	-1
3387	4578463
3388	-1
3389	-1
3390	4581506
3391	-1
3392	-1
3393	4584548
3394	-1
3395	-1
3396	4587591
3397	-1
3398	-1
3399	4590634
3400	-1
3401	-1
3402	4593676
3403	-1
3404	-1
3405	4596719
3406	-1
3407	-1
3408	4599762
3409	-1
3410	-1
3411	-1
3412	4602804
3413	-1
3414	-1
3415	4605847
3416	-1
3417	-1
3418	4608890
3419	-1
3420	-1
3421	4611932
3422	-1
3423	-1
3424	4614975
3425	-1
3426	-1
3427	4618018
3428	-1
3429	-1
3430	4621060
3431	-1
3432	-1
3433	4624103
3434	-1
3435	-1
3436	4627146
3437	-1
3438	-1
3439	4630188
3440	-1
3441	-1
3442	4633231
3443	-1
3444	-1
3445	4636274
3446	-1
3447	-1
3448	4639316
3449	-1
3450	-1
3451	4642359
3452	-1
3453	-1
3454	4645402
3455	-1
3456	-1
3457	4648444
3458	-1
3459	-1
3460	4651487
3461	-1
3462	-1
3463	4654530
3464	-1
3465	-1
3466	4657572
3467	-1
3468	-1
3469	4660615
3470	-1
3471	-1
3472	4663658
3473	-1
3474	-1
3475	4666700
3476	-1
3477	-1
3478	4669743
3479	-1
3480	-1
3481	-1
3482	4672786
3483	-1
3484	-1
3485	4675828
3486	-1
3487	-1
3488	4678871
3489	-1
3490	-1
3491	4681914
3492	-1
3493	-1
3494	4684956
3495	-1
3496	-1
3497	4687999
3498	-1
3499	-1
3500	4691042
3501	-1
3502	-1
3503	4694084
3504	-1
3505	-1
3506	4697127
3507	-1
3508	-1
3509	4700170
3510	-1
3511	-1
3512	4703212
3513	-1
3514	-1
3515	4706255
3516	-1
3517	-1
3518	4709298
3519	-1
3520	-1
3521	4712340
3522	-1
3523	-1
3524	4715383
3525	-1
3526	-1
3527	4718426
3528	-1
3529	-1
3530	4721468
3531	-1
3532	-1
3533	4724511
3534	-1
3535	-1
3536	4727554
3537	-1
3538	-1
3539	4730596
3540	-1
3541	-1
3542	4733639
3543	-1
3544	-1
3545	4736682
3546	-1
3547	-1
3548	4739724
3549	-1
3550	-1
3551	4742767
3552	-1
3553	-1
3554	-1
3555	4745810
3556	-1
3557	-1
3558	4748852
3559	-1
3560	-1
3561	4751895
3562	-1
3563	-1
3564	4754938
3565	-1
3566	-1
3567	4757980
3568	-1
3569	-1
3570	4761023
3571	-1
3572	-1
3573	4764066
3574	-1
3575	-1
3576	4767108
3577	-1
3578	-1
3579	4770151
3580	-1
3581	-1
3582	4773194
3583	-1
3584	-1
3585	4776236
3586	-1
3587	-1
3588	4779279
3589	-1
3590	-1
3591	4782322
3592	-1
3593	-1
3594	4785364
3595	-1
3596	-1
3597	4788407
3598	-1
3599	-1
3600	4791450
3601	-1
3602	-1
3603	4794492
3604	-1
3605	-1
3606	4797535
3607	-1
3608	-1
3609	4800578
3610	-1
3611	-1
3612	4803620
3613	-1
3614	-1
3615	4806663
3616	-1
3617	-1
3618	4809706
3619	-1
3620	-1
3621	4812748
3622	-1
3623	-1
3624	-1
3625	4815791
3626	-1
3627	-1
3628	4818834
3629	-1
3630	-1
3631	4821876
3632	-1
3633	-1
3634	4824919
3635	-1
3636	-1
3637	4827962
3638	-1
3639	-1
3640	4831004
3641	-1
3642	-1
3643	4834047
3644	-1
3645	-1
3646	4837090
3647	-1
3648	-1
3649	4840132
3650	-1
3651	-1
3652	4843175
3653	-1
3654	-1
3655	4846218
3656	-1
3657	-1
3658	4849260
3659	-1
3660	-1
3661	4852303
3662	-1
3663	-1
3664	4855346
3665	-1
3666	-1
3667	4858388
3668	-1
3669	-1
3670	4861431
3671	-1
3672	-1
3673	4864474
3674	-1
3675	-1
3676	4867516
3677	-1
3678	-1
3679	4870559
3680	-1
3681	-1
3682	4873602
3683	-1
3684	-1
3685	4876644
3686	-1
3687	-1
3688	4879687
3689	-1
3690	-1
3691	4882730
3692	-1
3693	-1
3694	4885772
3695	-1
3696	-1
3697	-1
3698	4888815
3699	-1
3700	-1
3701	4891858
3702	-1
3703	-1
3704	4894900
3705	-1
3706	-1
3707	4897943
3708	-1
3709	-1
3710	4900986
3711	-1
3712	-1
3713	4904028
3714	-1
3715	-1
3716	4907071
3717	-1
3718	-1
3719	4910114
3720	-1
3721	-1
3722	4913156
3723	-1
3724	-1
3725	4916199
3726	-1
3727	-1
3728	4919242
3729	-1
3730	-1
3731	4922284
3732	-1
3733	-1
3734	4925327
3735	-1
3736	-1
3737	4928370
3738	-1
3739	-1
3740	4931412
3741	-1
3742	-1
3743	4934455
3744	-1
3745	-1
3746	4937498
3747	-1
3748	-1
3749	4940540
3750	-1
3751	-1
3752	4943583
3753	-1
3754	-1
3755	4946626
3756	-1
3757	-1
3758	4949668
3759	-1
3760	-1
3761	4952711
3762	-1
3763	-1
3764	4955754
3765	-1
3766	-1
3767	-1
3768	4958796
3769	-1
3770	-1
3771	4961839
3772	-1
3773	-1
3774	4964882
3775	-1
3776	-1
3777	4967924
3778	-1
3779	-1
3780	4970967
3781	-1
3782	-1
3783	4974010
3784	-1
3785	-1
3786	4977052
3787	-1
3788	-1
3789	4980095
3790	-1
3791	-1
3792	4983138
3793	-1
3794	-1
3795	4986180
3796	-1
3797	-1
3798	4989223
3799	-1
3800	-1
3801	4992266
3802	-1
3803	-1
3804	4995308
3805	-1
3806	-1
3807	4998351
3808	-1
3809	-1
3810	5001394
3811	-1
3812	-1
3813	5004436
3814	-1
3815	-1
3816	5007479
3817	-1
3818	-1
3819	5010522
3820	-1
3821	-1
3822	5013564
3823	-1
3824	-1
3825	5016607
3826	-1
3827	-1
3828	5019650
3829	-1
3830	-1
3831	5022692
3832	-1
3833	-1
3834	5025735
3835	-1
3836	-1
3837	5028778
3838	-1
3839	-1
3840	-1
3841	5031820
3842	-1
3843	-1
3844	5034863
3845	-1
3846	-1
3847	5037906
3848	-1
3849	-1
3850	5040948
3851	-1
3852	-1
3853	5043991
3854	-1
3855	-1
3856	5047034
3857	-1
3858	-1
3859	5050076
3860	-1
3861	-1
3862	5053119
3863	-1
3864	-1
3865	5056162
3866	-1
3867	-1
3868	5059204
3869	-1
3870	-1
3871	5062247
3872	-1
3873	-1
3874	5065290
3875	-1
3876	-1
3877	5068332
3878	-1
3879	-1
3880	5071375
3881	-1
3882	-1
3883	5074418
3884	-1
3885	-1
3886	5077460
3887	-1
3888	-1
3889	5080503
3890	-1
3891	-1
3892	5083546
3893	-1
3894	-1
3895	5086588
3896	-1
3897	-1
3898	5089631
3899	-1
3900	-1
3901	5092674
3902	-1
3903	-1
3904	5095716
3905	-1
3906	-1
3907	5098759
3908	-1
3909	-1
3910	-1
3911	5101802
3912	-1
3913	-1
3914	5104844
3915	-1
3916	-1
3917	5107887
3918	-1
3919	-1
3920	5110930
3921	-1
3922	-1
3923	5113972
3924	-1
3925	-1
3926	5117015
3927	-1
3928	-1
3929	5120058
3930	-1
3931	-1
3932	5123100
3933	-1
3934	-1
3935	5126143
3936	-1
3937	-1
3938	5129186
3939	-1
3940	-1
3941	5132228
3942	-1
3943	-1
3944	5135271
3945	-1
3946	-1
3947	5138314
3948	-1
3949	-1
3950	5141356
3951	-1
3952	-1
3953	5144399
3954	-1
3955	-1
3956	5147442
3957	-1
3958	-1
3959	5150484
3960	-1
3961	-1
3962	5153527
3963	-1
3964	-1
3965	5156570
3966	-1
3967	-1
3968	5159612
3969	-1
3970	-1
3971	5162655
3972	-1
3973	-1
3974	5165698
3975	-1
3976	-1
3977	5168740
3978	-1
3979	-1
3980	-1
3981	5171783
3982	-1
3983	-1
3984	5174826
3985	-1
3986	-1
3987	5177868
3988	-1
3989	-1
3990	5180911
3991	-1
3992	-1
3993	5183954
3994	-1
3995	-1
3996	5186996
3997	-1
3998	-1
3999	5190039
4000	-1
4001	-1
4002	5193082
4003	-1
4004	-1
4005	5196124
4006	-1
4007	-1
4008	5199167
4009	-1
4010	-1
4011	5202210
4012	-1
4013	-1
4014	5205252
4015	-1
4016	-1
4017	5208295
4018	-1
4019	-1
4020	5211338
4021	-1
4022	-1
4023	5214380
4024	-1
4025	-1
4026	5217423
4027	-1
4028	-1
4029	5220466
4030	-1
4031	-1
4032	5223508
4033	-1
4034	-1
4035	5226551
4036	-1
4037	-1
4038	5229594
4039	-1
4040	-1
4041	5232636
4042	-1
4043	-1
4044	5235679
4045	-1
4046	-1
4047	5238722
4048	-1
4049	-1
4050	5241764
4051	-1
4052	-1
4053	-1
4054	5244807
4055	-1
4056	-1
4057	5247850
4058	-1
4059	-1
4060	5250892
4061	-1
4062	-1
4063	5253935
4064	-1
4065	-1
4066	5256978
4067	-1
4068	-1
4069	5260020
4070	-1
4071	-1
4072	5263063
4073	-1
4074	-1
4075	5266106
4076	-1
4077	-1
4078	5269148
4079	-1
4080	-1
4081	5272191
4082	-1
4083	-1
4084	5275234
4085	-1
4086	-1
4087	5278276
4088	-1
4089	-1
4090	5281319
4091	-1
4092	-1
4093	5284362
4094	-1
4095	-1
4096	5287404
4097	-1
4098	-1
4099	5290447
4100	-1
4101	-1
4102	5293490
4103	-1
4104	-1
4105	5296532
4106	-1
4107	-1
4108	5299575
4109	-1
4110	-1
4111	5302618
4112	-1
4113	-1
4114	5305660
4115	-1
4116	-1
4117	5308703
4118	-1
4119	-1
4120	5311746
4121	-1
4122	-1
4123	-1
4124	5314788
4125	-1
4126	-1
4127	5317831
4128	-1
4129	-1
4130	5320874
4131	-1
4132	-1
4133	5323916
4134	-1
4135	-1
4136	5326959
4137	-1
4138	-1
4139	5330002
4140	-1
4141	-1
4142	5333044
4143	-1
4144	-1
4145	5336087
4146	-1
4147	-1
4148	5339130
4149	-1
4150	-1
4151	5342172
4152	-1
4153	-1
4154	5345215
4155	-1
4156	-1
4157	5348258
4158	-1
4159	-1
4160	5351300
4161	-1
4162	-1
4163	5354343
4164	-1
4165	-1
4166	5357386
4167	-1
4168	-1
4169	5360428
4170	-1
4171	-1
4172	5363471
4173	-1
4174	-1
4175	5366514
4176	-1
4177	-1
4178	5369556
4179	-1
4180	-1
4181	5372599
4182	-1
4183	-1
4184	5375642
4185	-1
4186	-1
4187	5378684
4188	-1
4189	-1
4190	5381727
4191	-1
4192	-1
4193	5384770
4194	-1
4195	-1
4196	-1
4197	5387812
4198	-1
4199	-1
4200	5390855
4201	-1
4202	-1
4203	5393898
4204	-1
4205	-1
4206	5396940
4207	-1
4208	-1
4209	5399983
4210	-1
4211	-1
4212	5403026
4213	-1
4214	-1
4215	5406068
4216	-1
4217	-1
4218	5409111
4219	-1
4220	-1
4221	5412154
4222	-1
4223	-1
4224	5415196
4225	-1
4226	-1
4227	5418239
4228	-1
4229	-1
4230	5421282
4231	-1
4232	-1
4233	5424324
4234	-1
4235	-1
4236	5427367
4237	-1
4238	-1
4239	5430410
4240	-1
4241	-1
4242	5433452
4243	-1
4244	-1
4245	5436495
4246	-1
4247	-1
4248	5439538
4249	-1
4250	-1
4251	5442580
4252	-1
4253	-1
4254	5445623
4255	-1
4256	-1
4257	5448666
4258	-1
4259	-1
4260	5451708
4261	-1
4262	-1
4263	5454751
4264	-1
4265	-1
4266	-1
4267	5457794
4268	-1
4269	-1
4270	5460836
4271	-1
4272	-1
4273	5463879
4274	-1
4275	-1
4276	5466922
4277	-1
4278	-1
4279	5469964
4280	-1
4281	-1
4282	5473007
4283	-1
4284	-1
4285	5476050
4286	-1
4287	-1
4288	5479092
4289	-1
4290	-1
4291	5482135
4292	-1
4293	-1
4294	5485178
4295	-1
4296	-1
4297	5488220
4298	-1
4299	-1
4300	5491263
4301	-1
4302	-1
4303	5494306
4304	-1
4305	-1
4306	5497348
4307	-1
4308	-1
4309	5500391
4310	-1
4311	-1
4312	5503434
4313	-1
4314	-1
4315	5506476
4316	-1
4317	-1
4318	5509519
4319	-1
4320	-1
4321	5512562
4322	-1
4323	-1
4324	5515604
4325	-1
4326	-1
4327	5518647
4328	-1
4329	-1
4330	5521690
4331	-1
4332	-1
4333	5524732
4334	-1
4335	-1
4336	5527775
4337	-1
4338	-1
4339	-1
4340	5530818
4341	-1
4342	-1
4343	5533860
4344	-1
4345	-1
4346	5536903
4347	-1
4348	-1
4349	5539946
4350	-1
4351	-1
4352	5542988
4353	-1
4354	-1
4355	5546031
4356	-1
4357	-1
4358	5549074
4359	-1
4360	-1
4361	5552116
4362	-1
4363	-1
4364	5555159
4365	-1
4366	-1
4367	5558202
4368	-1
4369	-1
4370	5561244
4371	-1
4372	-1
4373	5564287
4374	-1
4375	-1
4376	5567330
4377	-1
4378	-1
4379	5570372
4380	-1
4381	-1
4382	5573415
4383	-1
4384	-1
4385	5576458
4386	-1
4387	-1
4388	5579500
4389	-1
4390	-1
4391	5582543
4392	-1
4393	-1
4394	5585586
4395	-1
4396	-1
4397	5588628
4398	-1
4399	-1
4400	5591671
4401	-1
4402	-1
4403	5594714
4404	-1
4405	-1
4406	5597756
4407	-1
4408	-1
4409	-1
4410	5600799
4411	-1
4412	-1
4413	5603842
4414	-1
4415	-1
4416	5606884
4417	-1
4418	-1
4419	5609927
4420	-1
4421	-1
4422	5612970
4423	-1
4424	-1
4425	5616012
4426	-1
4427	-1
4428	5619055
4429	-1
4430	-1
4431	5622098
4432	-1
4433	-1
4434	5625140
4435	-1
4436	-1
4437	5628183
4438	-1
4439	-1
4440	5631226
4441	-1
4442	-1
4443	5634268
4444	-1
4445	-1
4446	5637311
4447	-1
4448	-1
4449	5640354
4450	-1
4451	-1
4452	5643396
4453	-1
4454	-1
4455	5646439
4456	-1
4457	-1
4458	5649482
4459	-1
4460	-1
4461	5652524
4462	-1
4463	-1
4464	5655567
4465	-1
4466	-1
4467	5658610
4468	-1
4469	-1
4470	5661652
4471	-1
4472	-1
4473	5664695
4474	-1
4475	-1
4476	5667738
4477	-1
4478	-1
4479	5670780
4480	-1
4481	-1
4482	-1
4483	5673823
4484	-1
4485	-1
4486	5676866
4487	-1
4488	-1
4489	5679908
4490	-1
4491	-1
4492	5682951
4493	-1
4494	-1
4495	5685994
4496	-1
4497	-1
4498	5689036
4499	-1
4500	-1
4501	5692079
4502	-1
4503	-1
4504	5695122
4505	-1
4506	-1
4507	5698164
4508	-1
4509	-1
4510	5701207
4511	-1
4512	-1
4513	5704250
4514	-1
4515	-1
4516	5707292
4517	-1
4518	-1
4519	5710335
4520	-1
4521	-1
4522	5713378
4523	-1
4524	-1
4525	5716420
4526	-1
4527	-1
4528	5719463
4529	-1
4530	-1
4531	5722506
4532	-1
4533	-1
4534	5725548
4535	-1
4536	-1
4537	5728591
4538	-1
4539	-1
4540	5731634
4541	-1
4542	-1
4543	5734676
4544	-1
4545	-1
4546	5737719
4547	-1
4548	-1
4549	5740762
4550	-1
4551	-1
4552	-1
4553	5743804
4554	-1
4555	-1
4556	5746847
4557	-1
4558	-1
4559	5749890
4560	-1
4561	-1
4562	5752932
4563	-1
4564	-1
4565	5755975
4566	-1
4567	-1
4568	5759018
4569	-1
4570	-1
4571	5762060
4572	-1
4573	-1
4574	5765103
4575	-1
4576	-1
4577	5768146
4578	-1
4579	-1
4580	5771188
4581	-1
4582	-1
4583	5774231
4584	-1
4585	-1
4586	5777274
4587	-1
4588	-1
4589	5780316
4590	-1
4591	-1
4592	5783359
4593	-1
4594	-1
4595	5786402
4596	-1
4597	-1
4598	5789444
4599	-1
4600	-1
4601	5792487
4602	-1
4603	-1
4604	5795530
4605	-1
4606	-1
4607	5798572
4608	-1
4609	-1
4610	5801615
4611	-1
4612	-1
4613	5804658
4614	-1
4615	-1
4616	5807700
4617	-1
4618	-1
4619	5810743
4620	-1
4621	-1
4622	-1
4623	5813786
4624	-1
4625	-1
4626	5816828
4627	-1
4628	-1
4629	5819871
4630	-1
4631	-1
4632	5822914
4633	-1
4634	-1
4635	5825956
4636	-1
4637	-1
4638	5828999
4639	-1
4640	-1
4641	5832042
4642	-1
4643	-1
4644	5835084
4645	-1
4646	-1
4647	5838127
4648	-1
4649	-1
4650	5841170
4651	-1
4652	-1
4653	5844212
4654	-1
4655	-1
4656	5847255
4657	-1
4658	-1
4659	5850298
4660	-1
4661	-1
4662	5853340
4663	-1
4664	-1
4665	5856383
4666	-1
4667	-1
4668	5859426
4669	-1
4670	-1
4671	5862468
4672	-1
4673	-1
4674	5865511
4675	-1
4676	-1
4677	5868554
4678	-1
4679	-1
4680	5871596
4681	-1
4682	-1
4683	5874639
4684	-1
4685	-1
4686	5877682
4687	-1
4688	-1
4689	5880724
4690	-1
4691	-1
4692	5883767
4693	-1
4694	-1
4695	-1
4696	5886810
4697	-1
4698	-1
4699	5889852
4700	-1
4701	-1
4702	5892895
4703	-1
4704	-1
4705	5895938
4706	-1
4707	-1
4708	5898980
4709	-1
4710	-1
4711	5902023
4712	-1
4713	-1
4714	5905066
4715	-1
4716	-1
4717	5908108
4718	-1
4719	-1
4720	5911151
4721	-1
4722	-1
4723	5914194
4724	-1
4725	-1
4726	5917236
4727	-1
4728	-1
4729	5920279
4730	-1
4731	-1
4732	5923322
4733	-1
4734	-1
4735	5926364
4736	-1
4737	-1
4738	5929407
4739	-1
4740	-1
4741	5932450
4742	-1
4743	-1
4744	5935492
4745	-1
4746	-1
4747	5938535
4748	-1
4749	-1
4750	5941578
4751	-1
4752	-1
4753	5944620
4754	-1
4755	-1
4756	5947663
4757	-1
4758	-1
4759	5950706
4760	-1
4761	-1
4762	5953748
4763	-1
4764	-1
4765	-1
4766	5956791
4767	-1
4768	-1
4769	5959834
4770	-1
4771	-1
4772	5962876
4773	-1
4774	-1
4775	5965919
4776	-1
4777	-1
4778	5968962
4779	-1
4780	-1
4781	5972004
4782	-1
4783	-1
4784	5975047
4785	-1
4786	-1
4787	5978090
4788	-1
4789	-1
4790	5981132
4791	-1
4792	-1
4793	5984175
4794	-1
4795	-1
4796	5987218
4797	-1
4798	-1
4799	5990260
4800	-1
4801	-1
4802	5993303
4803	-1
4804	-1
4805	5996346
4806	-1
4807	-1
4808	5999388
4809	-1
4810	-1
4811	6002431
4812	-1
4813	-1
4814	6005474
4815	-1
4816	-1
4817	6008516
4818	-1
4819	-1
4820	6011559
4821	-1
4822	-1
4823	6014602
4824	-1
4825	-1
4826	6017644
4827	-1
4828	-1
4829	6020687
4830	-1
4831	-1
4832	6023730
4833	-1
4834	-1
4835	6026772
4836	-1
4837	-1
4838	-1
4839	6029815
4840	-1
4841	-1
4842	6032858
4843	-1
4844	-1
4845	6035900
4846	-1
4847	-1
4848	6038943
4849	-1
4850	-1
4851	6041986
4852	-1
4853	-1
4854	6045028
4855	-1
4856	-1
4857	6048071
4858	-1
4859	-1
4860	6051114
4861	-1
4862	-1
4863	6054156
4864	-1
4865	-1
4866	6057199
4867	-1
4868	-1
4869	6060242
4870	-1
4871	-1
4872	6063284
4873	-1
4874	-1
4875	6066327
4876	-1
4877	-1
4878	6069370
4879	-1
4880	-1
4881	6072412
4882	-1
4883	-1
4884	6075455
4885	-1
4886	-1
4887	6078498
4888	-1
4889	-1
4890	6081540
4891	-1
4892	-1
4893	6084583
4894	-1
4895	-1
4896	6087626
4897	-1
4898	-1
4899	6090668
4900	-1
4901	-1
4902	6093711
4903	-1
4904	-1
4905	6096754
4906	-1
4907	-1
4908	-1
4909	6099796
4910	-1
4911	-1
4912	6102839
4913	-1
4914	-1
4915	6105882
4916	-1
4917	-1
4918	6108924
4919	-1
4920	-1
4921	6111967
4922	-1
4923	-1
4924	6115010
4925	-1
4926	-1
4927	6118052
4928	-1
4929	-1
4930	6121095
4931	-1
4932	-1
4933	6124138
4934	-1
4935	-1
4936	6127180
4937	-1
4938	-1
4939	6130223
4940	-1
4941	-1
4942	6133266
4943	-1
4944	-1
4945	6136308
4946	-1
4947	-1
4948	6139351
4949	-1
4950	-1
4951	6142394
4952	-1
4953	-1
4954	6145436
4955	-1
4956	-1
4957	6148479
4958	-1
4959	-1
4960	6151522
4961	-1
4962	-1
4963	6154564
4964	-1
4965	-1
4966	6157607
4967	-1
4968	-1
4969	6160650
4970	-1
4971	-1
4972	6163692
4973	-1
4974	-1
4975	6166735
4976	-1
4977	-1
4978	6169778
4979	-1
4980	-1
4981	-1
4982	6172820
4983	-1
4984	-1
4985	6175863
4986	-1
4987	-1
4988	6178906
4989	-1
4990	-1
4991	6181948
4992	-1
4993	-1
4994	6184991
4995	-1
4996	-1
4997	6188034
4998	-1
4999	-1
5000	6191076
5001	-1
5002	-1
5003	6194119
5004	-1
5005	-1
5006	6197162
5007	-1
5008	-1
5009	6200204
5010	-1
5011	-1
5012	6203247
5013	-1
5014	-1
5015	6206290
5016	-1
5017	-1
5018	6209332
5019	-1
5020	-1
5021	6212375
5022	-1
5023	-1
5024	6215418
5025	-1
5026	-1
5027	6218460
5028	-1
5029	-1
5030	6221503
5031	-1
5032	-1
5033	6224546
5034	-1
5035	-1
5036	6227588
5037	-1
5038	-1
5039	6230631
5040	-1
5041	-1
5042	6233674
5043	-1
5044	-1
5045	6236716
5046	-1
5047	-1
5048	6239759
5049	-1
5050	-1
5051	-1
5052	6242802
5053	-1
5054	-1
5055	6245844
5056	-1
5057	-1
5058	6248887
5059	-1
5060	-1
5061	6251930
5062	-1
5063	-1
5064	6254972
5065	-1
5066	-1
5067	6258015
5068	-1
5069	-1
5070	6261058
5071	-1
5072	-1
5073	6264100
5074	-1
5075	-1
5076	6267143
5077	-1
5078	-1
5079	6270186
5080	-1
5081	-1
5082	6273228
5083	-1
5084	-1
5085	6276271
5086	-1
5087	-1
5088	6279314
5089	-1
5090	-1
5091	6282356
5092	-1
5093	-1
5094	6285399
5095	-1
5096	-1
5097	6288442
5098	-1
5099	-1
5100	6291484
5101	-1
5102	-1
5103	6294527
5104	-1
5105	-1
5106	6297570
5107	-1
5108	-1
5109	6300612
5110	-1
5111	-1
5112	6303655
5113	-1
5114	-1
5115	6306698
5116	-1
5117	-1
5118	6309740
5119	-1
5120	-1
5121	-1
5122	6312783
5123	-1
5124	-1
5125	6315826
5126	-1
5127	-1
5128	6318868
5129	-1
5130	-1
5131	6321911
5132	-1
5133	-1
5134	6324954
5135	-1
5136	-1
5137	6327996
5138	-1
5139	-1
5140	6331039
5141	-1
5142	-1
5143	6334082
5144	-1
5145	-1
5146	6337124
5147	-1
5148	-1
5149	6340167
5150	-1
5151	-1
5152	6343210
5153	-1
5154	-1
5155	6346252
5156	-1
5157	-1
5158	6349295
5159	-1
5160	-1
5161	6352338
5162	-1
5163	-1
5164	6355380
5165	-1
5166	-1
5167	6358423
5168	-1
5169	-1
5170	6361466
5171	-1
5172	-1
5173	6364508
5174	-1
5175	-1
5176	6367551
5177	-1
5178	-1
5179	6370594
5180	-1
5181	-1
5182	6373636
5183	-1
5184	-1
5185	6376679
5186	-1
5187	-1
5188	6379722
5189	-1
5190	-1
5191	6382764
5192	-1
5193	-1
5194	-1
5195	6385807
5196	-1
5197	-1
5198	6388850
5199	-1
5200	-1
5201	6391892
5202	-1
5203	-1
5204	6394935
5205	-1
5206	-1
5207	6397978
5208	-1
5209	-1
5210	6401020
5211	-1
5212	-1
5213	6404063
5214	-1
5215	-1
5216	6407106
5217	-1
5218	-1
5219	6410148
5220	-1
5221	-1
5222	6413191
5223	-1
5224	-1
5225	6416234
5226	-1
5227	-1
5228	6419276
5229	-1
5230	-1
5231	6422319
5232	-1
5233	-1
5234	6425362
5235	-1
5236	-1
5237	6428404
5238	-1
5239	-1
5240	6431447
5241	-1
5242	-1
5243	6434490
5244	-1
5245	-1
5246	6437532
5247	-1
5248	-1
5249	6440575
5250	-1
5251	-1
5252	6443618
5253	-1
5254	-1
5255	6446660
5256	-1
5257	-1
5258	6449703
5259	-1
5260	-1
5261	6452746
5262	-1
5263	-1
5264	-1
5265	6455788
5266	-1
5267	-1
5268	6458831
5269	-1
5270	-1
5271	6461874
5272	-1
5273	-1
5274	6464916
5275	-1
5276	-1
5277	6467959
5278	-1
5279	-1
5280	6471002
5281	-1
5282	-1
5283	6474044
5284	-1
5285	-1
5286	6477087
5287	-1
5288	-1
5289	6480130
5290	-1
5291	-1
5292	6483172
5293	-1
5294	-1
5295	6486215
5296	-1
5297	-1
5298	6489258
5299	-1
5300	-1
5301	6492300
5302	-1
5303	-1
5304	6495343
5305	-1
5306	-1
5307	6498386
5308	-1
5309	-1
5310	6501428
5311	-1
5312	-1
5313	6504471
5314	-1
5315	-1
5316	6507514
5317	-1
5318	-1
5319	6510556
5320	-1
5321	-1
5322	6513599
5323	-1
5324	-1
5325	6516642
5326	-1
5327	-1
5328	6519684
5329	-1
5330	-1
5331	6522727
5332	-1
5333	-1
5334	6525770
5335	-1
5336	-1
5337	-1
5338	6528812
5339	-1
5340	-1
5341	6531855
5342	-1
5343	-1
5344	6534898
5345	-1
5346	-1
5347	6537940
5348	-1
5349	-1
5350	6540983
5351	-1
5352	-1
5353	6544026
5354	-1
5355	-1
5356	6547068
5357	-1
5358	-1
5359	6550111
5360	-1
5361	-1
5362	6553154
5363	-1
5364	-1
5365	6556196
5366	-1
5367	-1
5368	6559239
5369	-1
5370	-1
5371	6562282
5372	-1
5373	-1
5374	6565324
5375	-1
5376	-1
5377	6568367
5378	-1
5379	-1
5380	6571410
5381	-1
5382	-1
5383	6574452
5384	-1
5385	-1
5386	6577495
5387	-1
5388	-1
5389	6580538
5390	-1
5391	-1
5392	6583580
5393	-1
5394	-1
5395	6586623
5396	-1
5397	-1
5398	6589666
5399	-1
5400	-1
5401	6592708
5402	-1
5403	-1
5404	6595751
5405	-1
5406	-1
5407	-1
5408	6598794
5409	-1
5410	-1
5411	6601836
5412	-1
5413	-1
5414	6604879
5415	-1
5416	-1
5417	6607922
5418	-1
5419	-1
5420	6610964
5421	-1
5422	-1
5423	6614007
5424	-1
5425	-1
5426	6617050
5427	-1
5428	-1
5429	6620092
5430	-1
5431	-1
5432	6623135
5433	-1
5434	-1
5435	6626178
5436	-1
5437	-1
5438	6629220
5439	-1
5440	-1
5441	6632263
5442	-1
5443	-1
5444	6635306
5445	-1
5446	-1
5447	6638348
5448	-1
5449	-1
5450	6641391
5451	-1
5452	-1
5453	6644434
5454	-1
5455	-1
5456	6647476
5457	-1
5458	-1
5459	6650519
5460	-1
5461	-1
5462	6653562
5463	-1
5464	-1
5465	6656604
5466	-1
5467	-1
5468	6659647
5469	-1
5470	-1
5471	6662690
5472	-1
5473	-1
5474	6665732
5475	-1
5476	-1
5477	6668775
5478	-1
5479	-1
5480	-1
5481	6671818
5482	-1
5483	-1
5484	6674860
5485	-1
5486	-1
5487	6677903
5488	-1
5489	-1
5490	6680946
5491	-1
5492	-1
5493	6683988
5494	-1
5495	-1
5496	6687031
5497	-1
5498	-1
5499	6690074
5500	-1
5501	-1
5502	6693116
5503	-1
5504	-1
5505	6696159
5506	-1
5507	-1
5508	6699202
5509	-1
5510	-1
5511	6702244
5512	-1
5513	-1
5514	6705287
5515	-1
5516	-1
5517	6708330
5518	-1
5519	-1
5520	6711372
5521	-1
5522	-1
5523	6714415
5524	-1
5525	-1
5526	6717458
5527	-1
5528	-1
5529	6720501
5530	-1
5531	-1
5532	6723543
5533	-1
5534	-1
5535	6726586
5536	-1
5537	-1
5538	6729629
5539	-1
5540	-1
5541	6732671
5542	-1
5543	-1
5544	6735714
5545	-1
5546	-1
5547	6738757
5548	-1
5549	-1
5550	-1
5551	6741799
5552	-1
5553	-1
5554	6744842
5555	-1
5556	-1
5557	6747885
5558	-1
5559	-1
5560	6750927
5561	-1
5562	-1
5563	6753970
5564	-1
5565	-1
5566	6757013
5567	-1
5568	-1
5569	6760055
5570	-1
5571	-1
5572	6763098
5573	-1
5574	-1
5575	6766141
5576	-1
5577	-1
5578	6769183
5579	-1
5580	-1
5581	6772226
5582	-1
5583	-1
5584	6775269
5585	-1
5586	-1
5587	6778311
5588	-1
5589	-1
5590	6781354
5591	-1
5592	-1
5593	6784397
5594	-1
5595	-1
5596	6787439
5597	-1
5598	-1
5599	6790482
5600	-1
5601	-1
5602	6793525
5603	-1
5604	-1
5605	6796567
5606	-1
5607	-1
5608	6799610
5609	-1
5610	-1
5611	6802653
5612	-1
5613	-1
5614	6805695
5615	-1
5616	-1
5617	6808738
5618	-1
5619	-1
5620	6811781
5621	-1
5622	-1
5623	-1
5624	6814823
5625	-1
5626	-1
5627	6817866
5628	-1
5629	-1
5630	6820909
5631	-1
5632	-1
5633	6823951
5634	-1
5635	-1
5636	6826994
5637	-1
5638	-1
5639	6830037
5640	-1
5641	-1
5642	6833079
5643	-1
5644	-1
5645	6836122
5646	-1
5647	-1
5648	6839165
5649	-1
5650	-1
5651	6842207
5652	-1
5653	-1
5654	6845250
5655	-1
5656	-1
5657	6848293
5658	-1
5659	-1
5660	6851335
5661	-1
5662	-1
5663	6854378
5664	-1
5665	-1
5666	6857421
5667	-1
5668	-1
5669	6860463
5670	-1
5671	-1
5672	6863506
5673	-1
5674	-1
5675	6866549
5676	-1
5677	-1
5678	6869591
5679	-1
5680	-1
5681	6872634
5682	-1
5683	-1
5684	6875677
5685	-1
5686	-1
5687	6878719
5688	-1
5689	-1
5690	6881762
5691	-1
5692	-1
5693	-1
5694	6884805
5695	-1
5696	-1
5697	6887847
5698	-1
5699	-1
5700	6890890
5701	-1
5702	-1
5703	6893933
5704	-1
5705	-1
5706	6896975
5707	-1
5708	-1
5709	6900018
5710	-1
5711	-1
5712	6903061
5713	-1
5714	-1
5715	6906103
5716	-1
5717	-1
5718	6909146
5719	-1
5720	-1
5721	6912189
5722	-1
5723	-1
5724	6915231
5725	-1
5726	-1
5727	6918274
5728	-1
5729	-1
5730	6921317
5731	-1
5732	-1
5733	6924359
5734	-1
5735	-1
5736	6927402
5737	-1
5738	-1
5739	6930445
5740	-1
5741	-1
5742	6933487
5743	-1
5744	-1
5745	6936530
5746	-1
5747	-1
5748	6939573
5749	-1
5750	-1
5751	6942615
5752	-1
5753	-1
5754	6945658
5755	-1
5756	-1
5757	6948701
5758	-1
5759	-1
5760	6951743
5761	-1
5762	-1
5763	-1
5764	6954786
5765	-1
5766	-1
5767	6957829
5768	-1
5769	-1
5770	6960871
5771	-1
5772	-1
5773	6963914
5774	-1
5775	-1
5776	6966957
5777	-1
5778	-1
5779	6969999
5780	-1
5781	-1
5782	6973042
5783	-1
5784	-1
5785	6976085
5786	-1
5787	-1
5788	6979127
5789	-1
5790	-1
5791	6982170
5792	-1
5793	-1
5794	6985213
5795	-1
5796	-1
5797	6988255
5798	-1
5799	-1
5800	6991298
5801	-1
5802	-1
5803	6994341
5804	-1
5805	-1
5806	6997383
5807	-1
5808	-1
5809	7000426
5810	-1
5811	-1
5812	7003469
5813	-1
5814	-1
5815	7006511
5816	-1
5817	-1
5818	7009554
5819	-1
5820	-1
5821	7012597
5822	-1
5823	-1
5824	7015639
5825	-1
5826	-1
5827	7018682
5828	-1
5829	-1
5830	7021725
5831	-1
5832	-1
5833	7024767
5834	-1
5835	-1
5836	-1
5837	7027810
5838	-1
5839	-1
5840	7030853
5841	-1
5842	-1
5843	7033895
5844	-1
5845	-1
5846	7036938
5847	-1
5848	-1
5849	7039981
5850	-1
5851	-1
5852	7043023
5853	-1
5854	-1
5855	7046066
5856	-1
5857	-1
5858	7049109
5859	-1
5860	-1
5861	7052151
5862	-1
5863	-1
5864	7055194
5865	-1
5866	-1
5867	7058237
5868	-1
5869	-1
5870	7061279
5871	-1
5872	-1
5873	7064322
5874	-1
5875	-1
5876	7067365
5877	-1
5878	-1
5879	7070407
5880	-1
5881	-1
5882	7073450
5883	-1
5884	-1
5885	7076493
5886	-1
5887	-1
5888	7079535
5889	-1
5890	-1
5891	7082578
5892	-1
5893	-1
5894	7085621
5895	-1
5896	-1
5897	7088663
5898	-1
5899	-1
5900	7091706
5901	-1
5902	-1
5903	7094749
5904	-1
5905	-1
5906	-1
5907	7097791
5908	-1
5909	-1
5910	7100834
5911	-1
5912	-1
5913	7103877
5914	-1
5915	-1
5916	7106919
5917	-1
5918	-1
5919	7109962
5920	-1
5921	-1
5922	7113005
5923	-1
5924	-1
5925	7116047
5926	-1
5927	-1
5928	7119090
5929	-1
5930	-1
5931	7122133
5932	-1
5933	-1
5934	7125175
5935	-1
5936	-1
5937	7128218
5938	-1
5939	-1
5940	7131261
5941	-1
5942	-1
5943	7134303
5944	-1
5945	-1
5946	7137346
5947	-1
5948	-1
5949	7140389
5950	-1
5951	-1
5952	7143431
5953	-1
5954	-1
5955	7146474
5956	-1
5957	-1
5958	7149517
5959	-1
5960	-1
5961	7152559
5962	-1
5963	-1
5964	7155602
5965	-1
5966	-1
5967	7158645
5968	-1
5969	-1
5970	7161687
5971	-1
5972	-1
5973	7164730
5974	-1
5975	-1
5976	7167773
5977	-1
5978	-1
5979	-1
5980	7170815
5981	-1
5982	-1
5983	7173858
5984	-1
5985	-1
5986	7176901
5987	-1
5988	-1
5989	7179943
5990	-1
5991	-1
5992	7182986
5993	-1
5994	-1
5995	7186029
5996	-1
5997	-1
5998	7189071
5999	-1
