0	1009284
1	1012327
2	-1
3	-1
4	1015369
5	-1
6	-1
7	1018412
8	-1
9	-1
10	1021455
11	-1
12	-1
13	1024497
14	-1
15	-1
16	1027540
17	-1
18	-1
19	1030583
20	-1
21	-1
22	1033625
23	-1
24	-1
25	1036668
26	-1
27	-1
28	1039711
29	-1
30	-1
31	1042753
32	-1
33	-1
34	1045796
35	-1
36	-1
37	1048839
38	-1
39	-1
40	1051881
41	-1
42	-1
43	1054924
44	-1
45	-1
46	1057967
47	-1
48	-1
49	1061009
50	-1
51	-1
52	1064052
53	-1
54	-1
55	1067095
56	-1
57	-1
58	1070137
59	-1
60	-1
61	1073180
62	-1
63	-1
64	1076223
65	-1
66	-1
67	1079265
68	-1
69	-1
70	-1
71	1082308
72	-1
73	-1
74	1085351
75	-1
76	-1
77	1088393
78	-1
79	-1
80	1091436
81	-1
82	-1
83	1094479
84	-1
85	-1
86	1097521
87	-1
88	-1
89	1100564
90	-1
91	-1
92	1103607
93	-1
94	-1
95	1106649
96	-1
97	-1
98	1109692
99	-1
100	-1
101	1112735
102	-1
103	-1
104	1115777
105	-1
106	-1
107	1118820
108	-1
109	-1
110	1121863
111	-1
112	-1
113	1124905
114	-1
115	-1
116	1127948
117	-1
118	-1
119	1130991
120	-1
121	-1
122	1134033
123	-1
124	-1
125	1137076
126	-1
127	-1
128	1140119
129	-1
130	-1
131	1143161
132	-1
133	-1
134	1146204
135	-1
136	-1
137	1149247
138	-1
139	-1
140	-1
141	1152289
142	-1
143	-1
144	1155332
145	-1
146	-1
147	1158375
148	-1
149	-1
150	1161417
151	-1
152	-1
153	1164460
154	-1
155	-1
156	1167503
157	-1
158	-1
159	1170545
160	-1
161	-1
162	1173588
163	-1
164	-1
165	1176631
166	-1
167	-1
168	1179673
169	-1
170	-1
171	1182716
172	-1
173	-1
174	1185759
175	-1
176	-1
177	1188801
178	-1
179	-1
180	1191844
181	-1
182	-1
183	1194887
184	-1
185	-1
186	1197929
187	-1
188	-1
189	1200972
190	-1
191	-1
192	1204015
193	-1
194	-1
195	1207057
196	-1
197	-1
198	1210100
199	-1
200	-1
201	1213143
202	-1
203	-1
204	1216185
205	-1
206	-1
207	1219228
208	-1
209	-1
210	-1
211	1222271
212	-1
213	-1
214	1225313
215	-1
216	-1
217	1228356
218	-1
219	-1
220	1231399
221	-1
222	-1
223	1234441
224	-1
225	-1
226	1237484
227	-1
228	-1
229	1240527
230	-1
231	-1
232	1243569
233	-1
234	-1
235	1246612
236	-1
237	-1
238	1249655
239	-1
240	-1
241	1252697
242	-1
243	-1
244	1255740
245	-1
246	-1
247	1258783
248	-1
249	-1
250	1261825
251	-1
252	-1
253	1264868
254	-1
255	-1
256	1267911
257	-1
258	-1
259	1270953
260	-1
261	-1
262	1273996
263	-1
264	-1
265	1277039
266	-1
267	-1
268	1280081
269	-1
270	-1
271	1283124
272	-1
273	-1
274	1286167
275	-1
276	-1
277	1289209
278	-1
279	-1
280	1292252
281	-1
282	-1
283	-1
284	1295295
285	-1
286	-1
287	1298337
288	-1
289	-1
290	1301380
291	-1
292	-1
293	1304423
294	-1
295	-1
296	1307465
297	-1
298	-1
299	1310508
300	-1
301	-1
302	1313551
303	-1
304	-1
305	1316593
306	-1
307	-1
308	1319636
309	-1
310	-1
311	1322679
312	-1
313	-1
314	1325721
315	-1
316	-1
317	1328764
318	-1
319	-1
320	1331807
321	-1
322	-1
323	1334849
324	-1
325	-1
326	1337892
327	-1
328	-1
329	1340935
330	-1
331	-1
332	1343977
333	-1
334	-1
335	1347020
336	-1
337	-1
338	1350063
339	-1
340	-1
341	1353105
342	-1
343	-1
344	1356148
345	-1
346	-1
347	1359191
348	-1
349	-1
350	1362233
351	-1
352	-1
353	-1
354	1365276
355	-1
356	-1
357	1368319
358	-1
359	-1
360	1371361
361	-1
362	-1
363	1374404
364	-1
365	-1
366	1377447
367	-1
368	-1
369	1380489
370	-1
371	-1
372	1383532
373	-1
374	-1
375	1386575
376	-1
377	-1
378	1389617
379	-1
380	-1
381	1392660
382	-1
383	-1
384	1395703
385	-1
386	-1
387	1398745
388	-1
389	-1
390	1401788
391	-1
392	-1
393	1404831
394	-1
395	-1
396	1407873
397	-1
398	-1
399	1410916
400	-1
401	-1
402	1413959
403	-1
404	-1
405	1417001
406	-1
407	-1
408	1420044
409	-1
410	-1
411	1423087
412	-1
413	-1
414	1426129
415	-1
416	-1
417	1429172
418	-1
419	-1
420	1432215
421	-1
422	-1
423	1435257
424	-1
425	-1
426	-1
427	1438300
428	-1
429	-1
430	1441343
431	-1
432	-1
433	1444385
434	-1
435	-1
436	1447428
437	-1
438	-1
439	1450471
440	-1
441	-1
442	1453513
443	-1
444	-1
445	1456556
446	-1
447	-1
448	1459599
449	-1
450	-1
451	1462641
452	-1
453	-1
454	1465684
455	-1
456	-1
457	1468727
458	-1
459	-1
460	1471769
461	-1
462	-1
463	1474812
464	-1
465	-1
466	1477855
467	-1
468	-1
469	1480897
470	-1
471	-1
472	1483940
473	-1
474	-1
475	1486983
476	-1
477	-1
478	1490025
479	-1
480	-1
481	1493068
482	-1
483	-1
484	1496111
485	-1
486	-1
487	1499153
488	-1
489	-1
490	1502196
491	-1
492	-1
493	1505239
494	-1
495	-1
496	-1
497	1508281
498	-1
499	-1
500	1511324
501	-1
502	-1
503	1514367
504	-1
505	-1
506	1517409
507	-1
508	-1
509	1520452
510	-1
511	-1
512	1523495
513	-1
514	-1
515	1526537
516	-1
517	-1
518	1529580
519	-1
520	-1
521	1532623
522	-1
523	-1
524	1535665
525	-1
526	-1
527	1538708
528	-1
529	-1
530	1541751
531	-1
532	-1
533	1544793
534	-1
535	-1
536	1547836
537	-1
538	-1
539	1550879
540	-1
541	-1
542	1553921
543	-1
544	-1
545	1556964
546	-1
547	-1
548	1560007
549	-1
550	-1
551	1563049
552	-1
553	-1
554	1566092
555	-1
556	-1
557	1569135
558	-1
559	-1
560	1572177
561	-1
562	-1
563	1575220
564	-1
565	-1
566	1578263
567	-1
568	-1
569	-1
570	1581305
571	-1
572	-1
573	1584348
574	-1
575	-1
576	1587391
577	-1
578	-1
579	1590433
580	-1
581	-1
582	1593476
583	-1
584	-1
585	1596519
586	-1
587	-1
588	1599561
589	-1
590	-1
591	1602604
592	-1
593	-1
594	1605647
595	-1
596	-1
597	1608689
598	-1
599	-1
600	1611732
601	-1
602	-1
603	1614775
604	-1
605	-1
606	1617817
607	-1
608	-1
609	1620860
610	-1
611	-1
612	1623903
613	-1
614	-1
615	1626945
616	-1
617	-1
618	1629988
619	-1
620	-1
621	1633031
622	-1
623	-1
624	1636073
625	-1
626	-1
627	1639116
628	-1
629	-1
630	1642159
631	-1
632	-1
633	1645201
634	-1
635	-1
636	1648244
637	-1
638	-1
639	-1
640	1651287
641	-1
642	-1
643	1654329
644	-1
645	-1
646	1657372
647	-1
648	-1
649	1660415
650	-1
651	-1
652	1663457
653	-1
654	-1
655	1666500
656	-1
657	-1
658	1669543
659	-1
660	-1
661	1672585
662	-1
663	-1
664	1675628
665	-1
666	-1
667	1678671
668	-1
669	-1
670	1681713
671	-1
672	-1
673	1684756
674	-1
675	-1
676	1687799
677	-1
678	-1
679	1690841
680	-1
681	-1
682	1693884
683	-1
684	-1
685	1696927
686	-1
687	-1
688	1699969
689	-1
690	-1
691	1703012
692	-1
693	-1
694	1706055
695	-1
696	-1
697	1709097
698	-1
699	-1
700	1712140
701	-1
702	-1
703	1715183
704	-1
705	-1
706	1718225
707	-1
708	-1
709	-1
710	1721268
711	-1
712	-1
713	1724311
714	-1
715	-1
716	1727353
717	-1
718	-1
719	1730396
720	-1
721	-1
722	1733439
723	-1
724	-1
725	1736481
726	-1
727	-1
728	1739524
729	-1
730	-1
731	1742567
732	-1
733	-1
734	1745609
735	-1
736	-1
737	1748652
738	-1
739	-1
740	1751695
741	-1
742	-1
743	1754737
744	-1
745	-1
746	1757780
747	-1
748	-1
749	1760823
750	-1
751	-1
752	1763865
753	-1
754	-1
755	1766908
756	-1
757	-1
758	1769951
759	-1
760	-1
761	1772993
762	-1
763	-1
764	1776036
765	-1
766	-1
767	1779079
768	-1
769	-1
770	1782121
771	-1
772	-1
773	1785164
774	-1
775	-1
776	1788207
777	-1
778	-1
779	1791249
780	-1
781	-1
782	-1
783	1794292
784	-1
785	-1
786	1797335
787	-1
788	-1
789	1800377
790	-1
791	-1
792	1803420
793	-1
794	-1
795	1806463
796	-1
797	-1
798	1809505
799	-1
800	-1
801	1812548
802	-1
803	-1
804	1815591
805	-1
806	-1
807	1818633
808	-1
809	-1
810	1821676
811	-1
812	-1
813	1824719
814	-1
815	-1
816	1827761
817	-1
818	-1
819	1830804
820	-1
821	-1
822	1833847
823	-1
824	-1
825	1836889
826	-1
827	-1
828	1839932
829	-1
830	-1
831	1842975
832	-1
833	-1
834	1846017
835	-1
836	-1
837	1849060
838	-1
839	-1
840	1852103
841	-1
842	-1
843	1855145
844	-1
845	-1
846	1858188
847	-1
848	-1
849	1861231
850	-1
851	-1
852	-1
853	1864273
854	-1
855	-1
856	1867316
857	-1
858	-1
859	1870359
860	-1
861	-1
862	1873401
863	-1
864	-1
865	1876444
866	-1
867	-1
868	1879487
869	-1
870	-1
871	1882529
872	-1
873	-1
874	1885572
875	-1
876	-1
877	1888615
878	-1
879	-1
880	1891657
881	-1
882	-1
883	1894700
884	-1
885	-1
886	1897743
887	-1
888	-1
889	1900785
890	-1
891	-1
892	1903828
893	-1
894	-1
895	1906871
896	-1
897	-1
898	1909913
899	-1
900	-1
901	1912956
902	-1
903	-1
904	1915999
905	-1
906	-1
907	1919041
908	-1
909	-1
910	1922084
911	-1
912	-1
913	1925127
914	-1
915	-1
916	1928169
917	-1
918	-1
919	1931212
920	-1
921	-1
922	1934255
923	-1
924	-1
925	-1
926	1937297
927	-1
928	-1
929	1940340
930	-1
931	-1
932	1943383
933	-1
934	-1
935	1946425
936	-1
937	-1
938	1949468
939	-1
940	-1
941	1952511
942	-1
943	-1
944	1955553
945	-1
946	-1
947	1958596
948	-1
949	-1
950	1961639
951	-1
952	-1
953	1964681
954	-1
955	-1
956	1967724
957	-1
958	-1
959	1970767
960	-1
961	-1
962	1973809
963	-1
964	-1
965	1976852
966	-1
967	-1
968	1979895
969	-1
970	-1
971	1982937
972	-1
973	-1
974	1985980
975	-1
976	-1
977	1989023
978	-1
979	-1
980	1992065
981	-1
982	-1
983	1995108
984	-1
985	-1
986	1998151
987	-1
988	-1
989	2001193
990	-1
991	-1
992	2004236
993	-1
994	-1
995	-1
996	2007279
997	-1
998	-1
999	2010321
1000	-1
1001	-1
1002	2013364
1003	-1
1004	-1
1005	2016407
1006	-1
1007	-1
1008	2019449
1009	-1
1010	-1
1011	2022492
1012	-1
1013	-1
1014	2025535
1015	-1
1016	-1
1017	2028577
1018	-1
1019	-1
1020	2031620
1021	-1
1022	-1
1023	2034663
1024	-1
1025	-1
1026	2037705
1027	-1
1028	-1
1029	2040748
1030	-1
1031	-1
1032	2043791
1033	-1
1034	-1
1035	2046833
1036	-1
1037	-1
1038	2049876
1039	-1
1040	-1
1041	2052919
1042	-1
1043	-1
1044	2055961
1045	-1
1046	-1
1047	2059004
1048	-1
1049	-1
1050	2062047
1051	-1
1052	-1
1053	2065089
1054	-1
1055	-1
1056	2068132
1057	-1
1058	-1
1059	2071175
1060	-1
1061	-1
1062	2074217
1063	-1
1064	-1
1065	2077260
1066	-1
1067	-1
1068	-1
1069	2080303
1070	-1
1071	-1
1072	2083345
1073	-1
1074	-1
1075	2086388
1076	-1
1077	-1
1078	2089431
1079	-1
1080	-1
1081	2092473
1082	-1
1083	-1
1084	2095516
1085	-1
1086	-1
1087	2098559
1088	-1
1089	-1
1090	2101601
1091	-1
1092	-1
1093	2104644
1094	-1
1095	-1
1096	2107687
1097	-1
1098	-1
1099	2110729
1100	-1
1101	-1
1102	2113772
1103	-1
1104	-1
1105	2116815
1106	-1
1107	-1
1108	2119857
1109	-1
1110	-1
1111	2122900
1112	-1
1113	-1
1114	2125943
1115	-1
1116	-1
1117	2128985
1118	-1
1119	-1
1120	2132028
1121	-1
1122	-1
1123	2135071
1124	-1
1125	-1
1126	2138113
1127	-1
1128	-1
1129	2141156
1130	-1
1131	-1
1132	2144199
1133	-1
1134	-1
1135	2147241
1136	-1
1137	-1
1138	-1
1139	2150284
1140	-1
1141	-1
1142	2153327
1143	-1
1144	-1
1145	2156369
1146	-1
1147	-1
1148	2159412
1149	-1
1150	-1
1151	2162455
1152	-1
1153	-1
1154	2165497
1155	-1
1156	-1
1157	2168540
1158	-1
1159	-1
1160	2171583
1161	-1
1162	-1
1163	2174625
1164	-1
1165	-1
1166	2177668
1167	-1
1168	-1
1169	2180711
1170	-1
1171	-1
1172	2183753
1173	-1
1174	-1
1175	2186796
1176	-1
1177	-1
1178	2189839
1179	-1
1180	-1
1181	2192881
1182	-1
1183	-1
1184	2195924
1185	-1
1186	-1
1187	2198967
1188	-1
1189	-1
1190	2202009
1191	-1
1192	-1
1193	2205052
1194	-1
1195	-1
1196	2208095
1197	-1
1198	-1
1199	2211137
1200	-1
1201	-1
1202	2214180
1203	-1
1204	-1
1205	2217223
1206	-1
1207	-1
1208	2220265
1209	-1
1210	-1
1211	-1
1212	2223308
1213	-1
1214	-1
1215	2226351
1216	-1
1217	-1
1218	2229393
1219	-1
1220	-1
1221	2232436
1222	-1
1223	-1
1224	2235479
1225	-1
1226	-1
1227	2238521
1228	-1
1229	-1
1230	2241564
1231	-1
1232	-1
1233	2244607
1234	-1
1235	-1
1236	2247649
1237	-1
1238	-1
1239	2250692
1240	-1
1241	-1
1242	2253735
1243	-1
1244	-1
1245	2256777
1246	-1
1247	-1
1248	2259820
1249	-1
1250	-1
1251	2262863
1252	-1
1253	-1
1254	2265905
1255	-1
1256	-1
1257	2268948
1258	-1
1259	-1
1260	2271991
1261	-1
1262	-1
1263	2275033
1264	-1
1265	-1
1266	2278076
1267	-1
1268	-1
1269	2281119
1270	-1
1271	-1
1272	2284161
1273	-1
1274	-1
1275	2287204
1276	-1
1277	-1
1278	2290247
1279	-1
1280	-1
1281	-1
1282	2293289
1283	-1
1284	-1
1285	2296332
1286	-1
1287	-1
1288	2299375
1289	-1
1290	-1
1291	2302417
1292	-1
1293	-1
1294	2305460
1295	-1
1296	-1
1297	2308503
1298	-1
1299	-1
1300	2311545
1301	-1
1302	-1
1303	2314588
1304	-1
1305	-1
1306	2317631
1307	-1
1308	-1
1309	2320673
1310	-1
1311	-1
1312	2323716
1313	-1
1314	-1
1315	2326759
1316	-1
1317	-1
1318	2329801
1319	-1
1320	-1
1321	2332844
1322	-1
1323	-1
1324	2335887
1325	-1
1326	-1
1327	2338929
1328	-1
1329	-1
1330	2341972
1331	-1
1332	-1
1333	2345015
1334	-1
1335	-1
1336	2348057
1337	-1
1338	-1
1339	2351100
1340	-1
1341	-1
1342	2354143
1343	-1
1344	-1
1345	2357185
1346	-1
1347	-1
1348	2360228
1349	-1
1350	-1
1351	-1
1352	2363271
1353	-1
1354	-1
1355	2366313
1356	-1
1357	-1
1358	2369356
1359	-1
1360	-1
1361	2372399
1362	-1
1363	-1
1364	2375441
1365	-1
1366	-1
1367	2378484
1368	-1
1369	-1
1370	2381527
1371	-1
1372	-1
1373	2384569
1374	-1
1375	-1
1376	2387612
1377	-1
1378	-1
1379	2390655
1380	-1
1381	-1
1382	2393697
1383	-1
1384	-1
1385	2396740
1386	-1
1387	-1
1388	2399783
1389	-1
1390	-1
1391	2402825
1392	-1
1393	-1
1394	2405868
1395	-1
1396	-1
1397	2408911
1398	-1
1399	-1
1400	2411953
1401	-1
1402	-1
1403	2414996
1404	-1
1405	-1
1406	2418039
1407	-1
1408	-1
1409	2421081
1410	-1
1411	-1
1412	2424124
1413	-1
1414	-1
1415	2427167
1416	-1
1417	-1
1418	2430209
1419	-1
1420	-1
1421	2433252
1422	-1
1423	-1
1424	-1
1425	2436295
1426	-1
1427	-1
1428	2439337
1429	-1
1430	-1
1431	2442380
1432	-1
1433	-1
1434	2445423
1435	-1
1436	-1
1437	2448465
1438	-1
1439	-1
1440	2451508
1441	-1
1442	-1
1443	2454551
1444	-1
1445	-1
1446	2457593
1447	-1
1448	-1
1449	2460636
1450	-1
1451	-1
1452	2463679
1453	-1
1454	-1
1455	2466721
1456	-1
1457	-1
1458	2469764
1459	-1
1460	-1
1461	2472807
1462	-1
1463	-1
1464	2475849
1465	-1
1466	-1
1467	2478892
1468	-1
1469	-1
1470	2481935
1471	-1
1472	-1
1473	2484977
1474	-1
1475	-1
1476	2488020
1477	-1
1478	-1
1479	2491063
1480	-1
1481	-1
1482	2494105
1483	-1
1484	-1
1485	2497148
1486	-1
1487	-1
1488	2500191
1489	-1
1490	-1
1491	2503233
1492	-1
1493	-1
1494	-1
1495	2506276
1496	-1
1497	-1
1498	2509319
1499	-1
1500	-1
1501	2512361
1502	-1
1503	-1
1504	2515404
1505	-1
1506	-1
1507	2518447
1508	-1
1509	-1
1510	2521489
1511	-1
1512	-1
1513	2524532
1514	-1
1515	-1
1516	2527575
1517	-1
1518	-1
1519	2530617
1520	-1
1521	-1
1522	2533660
1523	-1
1524	-1
1525	2536703
1526	-1
1527	-1
1528	2539745
1529	-1
1530	-1
1531	2542788
1532	-1
1533	-1
1534	2545831
1535	-1
1536	-1
1537	2548873
1538	-1
1539	-1
1540	2551916
1541	-1
1542	-1
1543	2554959
1544	-1
1545	-1
1546	2558001
1547	-1
1548	-1
1549	2561044
1550	-1
1551	-1
1552	2564087
1553	-1
1554	-1
1555	2567129
1556	-1
1557	-1
1558	2570172
1559	-1
1560	-1
1561	2573215
1562	-1
1563	-1
1564	2576257
1565	-1
1566	-1
1567	-1
1568	2579300
1569	-1
1570	-1
1571	2582343
1572	-1
1573	-1
1574	2585385
1575	-1
1576	-1
1577	2588428
1578	-1
1579	-1
1580	2591471
1581	-1
1582	-1
1583	2594513
1584	-1
1585	-1
1586	2597556
1587	-1
1588	-1
1589	2600599
1590	-1
1591	-1
1592	2603641
1593	-1
1594	-1
1595	2606684
1596	-1
1597	-1
1598	2609727
1599	-1
1600	-1
1601	2612769
1602	-1
1603	-1
1604	2615812
1605	-1
1606	-1
1607	2618855
1608	-1
1609	-1
1610	2621897
1611	-1
1612	-1
1613	2624940
1614	-1
1615	-1
1616	2627983
1617	-1
1618	-1
1619	2631025
1620	-1
1621	-1
1622	2634068
1623	-1
1624	-1
1625	2637111
1626	-1
1627	-1
1628	2640153
1629	-1
1630	-1
1631	2643196
1632	-1
1633	-1
1634	2646239
1635	-1
1636	-1
1637	-1
1638	2649281
1639	-1
1640	-1
1641	2652324
1642	-1
1643	-1
1644	2655367
1645	-1
1646	-1
1647	2658409
1648	-1
1649	-1
1650	2661452
1651	-1
1652	-1
1653	2664495
1654	-1
1655	-1
1656	2667537
1657	-1
1658	-1
1659	2670580
1660	-1
1661	-1
1662	2673623
1663	-1
1664	-1
1665	2676665
1666	-1
1667	-1
1668	2679708
1669	-1
1670	-1
1671	2682751
1672	-1
1673	-1
1674	2685793
1675	-1
1676	-1
1677	2688836
1678	-1
1679	-1
1680	2691879
1681	-1
1682	-1
1683	2694921
1684	-1
1685	-1
1686	2697964
1687	-1
1688	-1
1689	2701007
1690	-1
1691	-1
1692	2704049
1693	-1
1694	-1
1695	2707092
1696	-1
1697	-1
1698	2710135
1699	-1
1700	-1
1701	2713177
1702	-1
1703	-1
1704	2716220
1705	-1
1706	-1
1707	2719263
1708	-1
1709	-1
1710	-1
1711	2722305
1712	-1
1713	-1
1714	2725348
1715	-1
1716	-1
1717	2728391
1718	-1
1719	-1
1720	2731433
1721	-1
1722	-1
1723	2734476
1724	-1
1725	-1
1726	2737519
1727	-1
1728	-1
1729	2740561
1730	-1
1731	-1
1732	2743604
1733	-1
1734	-1
1735	2746647
1736	-1
1737	-1
1738	2749689
1739	-1
1740	-1
1741	2752732
1742	-1
1743	-1
1744	2755775
1745	-1
1746	-1
1747	2758817
1748	-1
1749	-1
1750	2761860
1751	-1
1752	-1
1753	2764903
1754	-1
1755	-1
1756	2767945
1757	-1
1758	-1
1759	2770988
1760	-1
1761	-1
1762	2774031
1763	-1
1764	-1
1765	2777073
1766	-1
1767	-1
1768	2780116
1769	-1
1770	-1
1771	2783159
1772	-1
1773	-1
1774	2786201
1775	-1
1776	-1
1777	2789244
1778	-1
1779	-1
1780	-1
1781	2792287
1782	-1
1783	-1
1784	2795329
1785	-1
1786	-1
1787	2798372
1788	-1
1789	-1
1790	2801415
1791	-1
1792	-1
1793	2804457
1794	-1
1795	-1
1796	2807500
1797	-1
1798	-1
1799	2810543
1800	-1
1801	-1
1802	2813585
1803	-1
1804	-1
1805	2816628
1806	-1
1807	-1
1808	2819671
1809	-1
1810	-1
1811	2822713
1812	-1
1813	-1
1814	2825756
1815	-1
1816	-1
1817	2828799
1818	-1
1819	-1
1820	2831841
1821	-1
1822	-1
1823	2834884
1824	-1
1825	-1
1826	2837927
1827	-1
1828	-1
1829	2840969
1830	-1
1831	-1
1832	2844012
1833	-1
1834	-1
1835	2847055
1836	-1
1837	-1
1838	2850097
1839	-1
1840	-1
1841	2853140
1842	-1
1843	-1
1844	2856183
1845	-1
1846	-1
1847	2859225
1848	-1
1849	-1
1850	-1
1851	2862268
1852	-1
1853	-1
1854	2865311
1855	-1
1856	-1
1857	2868353
1858	-1
1859	-1
1860	2871396
1861	-1
1862	-1
1863	2874439
1864	-1
1865	-1
1866	2877481
1867	-1
1868	-1
1869	2880524
1870	-1
1871	-1
1872	2883567
1873	-1
1874	-1
1875	2886609
1876	-1
1877	-1
1878	2889652
1879	-1
1880	-1
1881	2892695
1882	-1
1883	-1
1884	2895737
1885	-1
1886	-1
1887	2898780
1888	-1
1889	-1
1890	2901823
1891	-1
1892	-1
1893	2904865
1894	-1
1895	-1
1896	2907908
1897	-1
1898	-1
1899	2910951
1900	-1
1901	-1
1902	2913993
1903	-1
1904	-1
1905	2917036
1906	-1
1907	-1
1908	2920079
1909	-1
1910	-1
1911	2923121
1912	-1
1913	-1
1914	2926164
1915	-1
1916	-1
1917	2929207
1918	-1
1919	-1
1920	2932249
1921	-1
1922	-1
1923	-1
1924	2935292
1925	-1
1926	-1
1927	2938335
1928	-1
1929	-1
1930	2941377
1931	-1
1932	-1
1933	2944420
1934	-1
1935	-1
1936	2947463
1937	-1
1938	-1
1939	2950505
1940	-1
1941	-1
1942	2953548
1943	-1
1944	-1
1945	2956591
1946	-1
1947	-1
1948	2959633
1949	-1
1950	-1
1951	2962676
1952	-1
1953	-1
1954	2965719
1955	-1
1956	-1
1957	2968761
1958	-1
1959	-1
1960	2971804
1961	-1
1962	-1
1963	2974847
1964	-1
1965	-1
1966	2977889
1967	-1
1968	-1
1969	2980932
1970	-1
1971	-1
1972	2983975
1973	-1
1974	-1
1975	2987017
1976	-1
1977	-1
1978	2990060
1979	-1
1980	-1
1981	2993103
1982	-1
1983	-1
1984	2996145
1985	-1
1986	-1
1987	2999188
1988	-1
1989	-1
1990	3002231
1991	-1
1992	-1
1993	-1
1994	3005273
1995	-1
1996	-1
1997	3008316
1998	-1
1999	-1
2000	3011359
2001	-1
2002	-1
2003	3014401
2004	-1
2005	-1
2006	3017444
2007	-1
2008	-1
2009	3020487
2010	-1
2011	-1
2012	3023529
2013	-1
2014	-1
2015	3026572
2016	-1
2017	-1
2018	3029615
2019	-1
2020	-1
2021	3032657
2022	-1
2023	-1
2024	3035700
2025	-1
2026	-1
2027	3038743
2028	-1
2029	-1
2030	3041785
2031	-1
2032	-1
2033	3044828
2034	-1
2035	-1
2036	3047871
2037	-1
2038	-1
2039	3050913
2040	-1
2041	-1
2042	3053956
2043	-1
2044	-1
2045	3056999
2046	-1
2047	-1
2048	3060041
2049	-1
2050	-1
2051	3063084
2052	-1
2053	-1
2054	3066127
2055	-1
2056	-1
2057	3069169
2058	-1
2059	-1
2060	3072212
2061	-1
2062	-1
2063	3075255
2064	-1
2065	-1
2066	-1
2067	3078297
2068	-1
2069	-1
2070	3081340
2071	-1
2072	-1
2073	3084383
2074	-1
2075	-1
2076	3087425
2077	-1
2078	-1
2079	3090468
2080	-1
2081	-1
2082	3093511
2083	-1
2084	-1
2085	3096553
2086	-1
2087	-1
2088	3099596
2089	-1
2090	-1
2091	3102639
2092	-1
2093	-1
2094	3105681
2095	-1
2096	-1
2097	3108724
2098	-1
2099	-1
2100	3111767
2101	-1
2102	-1
2103	3114809
2104	-1
2105	-1
2106	3117852
2107	-1
2108	-1
2109	3120895
2110	-1
2111	-1
2112	3123937
2113	-1
2114	-1
2115	3126980
2116	-1
2117	-1
2118	3130023
2119	-1
2120	-1
2121	3133065
2122	-1
2123	-1
2124	3136108
2125	-1
2126	-1
2127	3139151
2128	-1
2129	-1
2130	3142193
2131	-1
2132	-1
2133	3145236
2134	-1
2135	-1
2136	-1
2137	3148279
2138	-1
2139	-1
2140	3151321
2141	-1
2142	-1
2143	3154364
2144	-1
2145	-1
2146	3157407
2147	-1
2148	-1
2149	3160449
2150	-1
2151	-1
2152	3163492
2153	-1
2154	-1
2155	3166535
2156	-1
2157	-1
2158	3169577
2159	-1
2160	-1
2161	3172620
2162	-1
2163	-1
2164	3175663
2165	-1
2166	-1
2167	3178705
2168	-1
2169	-1
2170	3181748
2171	-1
2172	-1
2173	3184791
2174	-1
2175	-1
2176	3187833
2177	-1
2178	-1
2179	3190876
2180	-1
2181	-1
2182	3193919
2183	-1
2184	-1
2185	3196961
2186	-1
2187	-1
2188	3200004
2189	-1
2190	-1
2191	3203047
2192	-1
2193	-1
2194	3206089
2195	-1
2196	-1
2197	3209132
2198	-1
2199	-1
2200	3212175
2201	-1
2202	-1
2203	3215217
2204	-1
2205	-1
2206	3218260
2207	-1
2208	-1
2209	-1
2210	3221303
2211	-1
2212	-1
2213	3224345
2214	-1
2215	-1
2216	3227388
2217	-1
2218	-1
2219	3230431
2220	-1
2221	-1
2222	3233473
2223	-1
2224	-1
2225	3236516
2226	-1
2227	-1
2228	3239559
2229	-1
2230	-1
2231	3242601
2232	-1
2233	-1
2234	3245644
2235	-1
2236	-1
2237	3248687
2238	-1
2239	-1
2240	3251729
2241	-1
2242	-1
2243	3254772
2244	-1
2245	-1
2246	3257815
2247	-1
2248	-1
2249	3260857
2250	-1
2251	-1
2252	3263900
2253	-1
2254	-1
2255	3266943
2256	-1
2257	-1
2258	3269985
2259	-1
2260	-1
2261	3273028
2262	-1
2263	-1
2264	3276071
2265	-1
2266	-1
2267	3279113
2268	-1
2269	-1
2270	3282156
2271	-1
2272	-1
2273	3285199
2274	-1
2275	-1
2276	3288241
2277	-1
2278	-1
2279	-1
2280	3291284
2281	-1
2282	-1
2283	3294327
2284	-1
2285	-1
2286	3297369
2287	-1
2288	-1
2289	3300412
2290	-1
2291	-1
2292	3303455
2293	-1
2294	-1
2295	3306497
2296	-1
2297	-1
2298	3309540
2299	-1
2300	-1
2301	3312583
2302	-1
2303	-1
2304	3315625
2305	-1
2306	-1
2307	3318668
2308	-1
2309	-1
2310	3321711
2311	-1
2312	-1
2313	3324753
2314	-1
2315	-1
2316	3327796
2317	-1
2318	-1
2319	3330839
2320	-1
2321	-1
2322	3333881
2323	-1
2324	-1
2325	3336924
2326	-1
2327	-1
2328	3339967
2329	-1
2330	-1
2331	3343009
2332	-1
2333	-1
2334	3346052
2335	-1
2336	-1
2337	3349095
2338	-1
2339	-1
2340	3352137
2341	-1
2342	-1
2343	3355180
2344	-1
2345	-1
2346	3358223
2347	-1
2348	-1
2349	3361265
2350	-1
2351	-1
2352	-1
2353	3364308
2354	-1
2355	-1
2356	3367351
2357	-1
2358	-1
2359	3370393
2360	-1
2361	-1
2362	3373436
2363	-1
2364	-1
2365	3376479
2366	-1
2367	-1
2368	3379521
2369	-1
2370	-1
2371	3382564
2372	-1
2373	-1
2374	3385607
2375	-1
2376	-1
2377	3388649
2378	-1
2379	-1
2380	3391692
2381	-1
2382	-1
2383	3394735
2384	-1
2385	-1
2386	3397777
2387	-1
2388	-1
2389	3400820
2390	-1
2391	-1
2392	3403863
2393	-1
2394	-1
2395	3406905
2396	-1
2397	-1
2398	3409948
2399	-1
2400	-1
2401	3412991
2402	-1
2403	-1
2404	3416033
2405	-1
2406	-1
2407	3419076
2408	-1
2409	-1
2410	3422119
2411	-1
2412	-1
2413	3425161
2414	-1
2415	-1
2416	3428204
2417	-1
2418	-1
2419	3431247
2420	-1
2421	-1
2422	-1
2423	3434289
2424	-1
2425	-1
2426	3437332
2427	-1
2428	-1
2429	3440375
2430	-1
2431	-1
2432	3443417
2433	-1
2434	-1
2435	3446460
2436	-1
2437	-1
2438	3449503
2439	-1
2440	-1
2441	3452545
2442	-1
2443	-1
2444	3455588
2445	-1
2446	-1
2447	3458631
2448	-1
2449	-1
2450	3461673
2451	-1
2452	-1
2453	3464716
2454	-1
2455	-1
2456	3467759
2457	-1
2458	-1
2459	3470801
2460	-1
2461	-1
2462	3473844
2463	-1
2464	-1
2465	3476887
2466	-1
2467	-1
2468	3479929
2469	-1
2470	-1
2471	3482972
2472	-1
2473	-1
2474	3486015
2475	-1
2476	-1
2477	3489057
2478	-1
2479	-1
2480	3492100
2481	-1
2482	-1
2483	3495143
2484	-1
2485	-1
2486	3498185
2487	-1
2488	-1
2489	3501228
2490	-1
2491	-1
2492	-1
2493	3504271
2494	-1
2495	-1
2496	3507313
2497	-1
2498	-1
2499	3510356
2500	-1
2501	-1
2502	3513399
2503	-1
2504	-1
2505	3516441
2506	-1
2507	-1
2508	3519484
2509	-1
2510	-1
2511	3522527
2512	-1
2513	-1
2514	3525569
2515	-1
2516	-1
2517	3528612
2518	-1
2519	-1
2520	3531655
2521	-1
2522	-1
2523	3534697
2524	-1
2525	-1
2526	3537740
2527	-1
2528	-1
2529	3540783
2530	-1
2531	-1
2532	3543825
2533	-1
2534	-1
2535	3546868
2536	-1
2537	-1
2538	3549911
2539	-1
2540	-1
2541	3552953
2542	-1
2543	-1
2544	3555996
2545	-1
2546	-1
2547	3559039
2548	-1
2549	-1
2550	3562081
2551	-1
2552	-1
2553	3565124
2554	-1
2555	-1
2556	3568167
2557	-1
2558	-1
2559	3571209
2560	-1
2561	-1
2562	3574252
2563	-1
2564	-1
2565	-1
2566	3577295
2567	-1
2568	-1
2569	3580337
2570	-1
2571	-1
2572	3583380
2573	-1
2574	-1
2575	3586423
2576	-1
2577	-1
2578	3589465
2579	-1
2580	-1
2581	3592508
2582	-1
2583	-1
2584	3595551
2585	-1
2586	-1
2587	3598593
2588	-1
2589	-1
2590	3601636
2591	-1
2592	-1
2593	3604679
2594	-1
2595	-1
2596	3607721
2597	-1
2598	-1
2599	3610764
2600	-1
2601	-1
2602	3613807
2603	-1
2604	-1
2605	3616849
2606	-1
2607	-1
2608	3619892
2609	-1
2610	-1
2611	3622935
2612	-1
2613	-1
2614	3625977
2615	-1
2616	-1
2617	3629020
2618	-1
2619	-1
2620	3632063
2621	-1
2622	-1
2623	3635105
2624	-1
2625	-1
2626	3638148
2627	-1
2628	-1
2629	3641191
2630	-1
2631	-1
2632	3644233
2633	-1
2634	-1
2635	-1
2636	3647276
2637	-1
2638	-1
2639	3650319
2640	-1
2641	-1
2642	3653361
2643	-1
2644	-1
2645	3656404
2646	-1
2647	-1
2648	3659447
2649	-1
2650	-1
2651	3662489
2652	-1
2653	-1
2654	3665532
2655	-1
2656	-1
2657	3668575
2658	-1
2659	-1
2660	3671617
2661	-1
2662	-1
2663	3674660
2664	-1
2665	-1
2666	3677703
2667	-1
2668	-1
2669	3680746
2670	-1
2671	-1
2672	3683788
2673	-1
2674	-1
2675	3686831
2676	-1
2677	-1
2678	3689874
2679	-1
2680	-1
2681	3692916
2682	-1
2683	-1
2684	3695959
2685	-1
2686	-1
2687	3699002
2688	-1
2689	-1
2690	3702044
2691	-1
2692	-1
2693	3705087
2694	-1
2695	-1
2696	3708130
2697	-1
2698	-1
2699	3711172
2700	-1
2701	-1
2702	3714215
2703	-1
2704	-1
2705	3717258
2706	-1
2707	-1
2708	-1
2709	3720300
2710	-1
2711	-1
2712	3723343
2713	-1
2714	-1
2715	3726386
2716	-1
2717	-1
2718	3729428
2719	-1
2720	-1
2721	3732471
2722	-1
2723	-1
2724	3735514
2725	-1
2726	-1
2727	3738556
2728	-1
2729	-1
2730	3741599
2731	-1
2732	-1
2733	3744642
2734	-1
2735	-1
2736	3747684
2737	-1
2738	-1
2739	3750727
2740	-1
2741	-1
2742	3753770
2743	-1
2744	-1
2745	3756812
2746	-1
2747	-1
2748	3759855
2749	-1
2750	-1
2751	3762898
2752	-1
2753	-1
2754	3765940
2755	-1
2756	-1
2757	3768983
2758	-1
2759	-1
2760	3772026
2761	-1
2762	-1
2763	3775068
2764	-1
2765	-1
2766	3778111
2767	-1
2768	-1
2769	3781154
2770	-1
2771	-1
2772	3784196
2773	-1
2774	-1
2775	3787239
2776	-1
2777	-1
2778	-1
2779	3790282
2780	-1
2781	-1
2782	3793324
2783	-1
2784	-1
2785	3796367
2786	-1
2787	-1
2788	3799410
2789	-1
2790	-1
2791	3802452
2792	-1
2793	-1
2794	3805495
2795	-1
2796	-1
2797	3808538
2798	-1
2799	-1
2800	-1
2801	-1
2802	-1
2803	3812223
2804	3815266
2805	-1
2806	-1
2807	3818308
2808	-1
2809	-1
2810	3821351
2811	-1
2812	-1
2813	3824394
2814	-1
2815	-1
2816	3827436
2817	-1
2818	-1
2819	3830479
2820	-1
2821	-1
2822	3833522
2823	-1
2824	-1
2825	3836564
2826	-1
2827	-1
2828	3839607
2829	-1
2830	-1
2831	3842650
2832	-1
2833	-1
2834	3845692
2835	-1
2836	-1
2837	3848735
2838	-1
2839	-1
2840	3851778
2841	-1
2842	-1
2843	3854820
2844	-1
2845	-1
2846	3857863
2847	-1
2848	-1
2849	3860906
2850	-1
2851	-1
2852	3863948
2853	-1
2854	-1
2855	3866991
2856	-1
2857	-1
2858	3870034
2859	-1
2860	-1
2861	3873076
2862	-1
2863	-1
2864	3876119
2865	-1
2866	-1
2867	3879162
2868	-1
2869	-1
2870	3882204
2871	-1
2872	-1
2873	3885247
2874	-1
2875	-1
2876	-1
2877	3888290
2878	-1
2879	-1
2880	3891332
2881	-1
2882	-1
2883	3894375
2884	-1
2885	-1
2886	3897418
2887	-1
2888	-1
2889	3900460
2890	-1
2891	-1
2892	3903503
2893	-1
2894	-1
2895	3906546
2896	-1
2897	-1
2898	3909588
2899	-1
2900	-1
2901	3912631
2902	-1
2903	-1
2904	3915674
2905	-1
2906	-1
2907	3918716
2908	-1
2909	-1
2910	3921759
2911	-1
2912	-1
2913	3924802
2914	-1
2915	-1
2916	3927844
2917	-1
2918	-1
2919	3930887
2920	-1
2921	-1
2922	3933930
2923	-1
2924	-1
2925	3936972
2926	-1
2927	-1
2928	3940015
2929	-1
2930	-1
2931	3943058
2932	-1
2933	-1
2934	3946100
2935	-1
2936	-1
2937	3949143
2938	-1
2939	-1
2940	3952186
2941	-1
2942	-1
2943	3955228
2944	-1
2945	-1
2946	-1
2947	3958271
2948	-1
2949	-1
2950	3961314
2951	-1
2952	-1
2953	3964356
2954	-1
2955	-1
2956	3967399
2957	-1
2958	-1
2959	3970442
2960	-1
2961	-1
2962	3973484
2963	-1
2964	-1
2965	3976527
2966	-1
2967	-1
2968	3979570
2969	-1
2970	-1
2971	3982612
2972	-1
2973	-1
2974	3985655
2975	-1
2976	-1
2977	3988698
2978	-1
2979	-1
2980	3991740
2981	-1
2982	-1
2983	3994783
2984	-1
2985	-1
2986	3997826
2987	-1
2988	-1
2989	4000868
2990	-1
2991	-1
2992	4003911
2993	-1
2994	-1
2995	4006954
2996	-1
2997	-1
2998	4009996
2999	-1
3000	-1
3001	4013039
3002	-1
3003	-1
3004	4016082
3005	-1
3006	-1
3007	4019124
3008	-1
3009	-1
3010	4022167
3011	-1
3012	-1
3013	4025210
3014	-1
3015	-1
3016	4028252
3017	-1
3018	-1
3019	-1
3020	4031295
3021	-1
3022	-1
3023	4034338
3024	-1
3025	-1
3026	4037380
3027	-1
3028	-1
3029	4040423
3030	-1
3031	-1
3032	4043466
3033	-1
3034	-1
3035	4046508
3036	-1
3037	-1
3038	4049551
3039	-1
3040	-1
3041	4052594
3042	-1
3043	-1
3044	4055636
3045	-1
3046	-1
3047	4058679
3048	-1
3049	-1
3050	4061722
3051	-1
3052	-1
3053	4064764
3054	-1
3055	-1
3056	4067807
3057	-1
3058	-1
3059	4070850
3060	-1
3061	-1
3062	4073892
3063	-1
3064	-1
3065	4076935
3066	-1
3067	-1
3068	4079978
3069	-1
3070	-1
3071	4083020
3072	-1
3073	-1
3074	4086063
3075	-1
3076	-1
3077	4089106
3078	-1
3079	-1
3080	4092148
3081	-1
3082	-1
3083	4095191
3084	-1
3085	-1
3086	4098234
3087	-1
3088	-1
3089	-1
3090	4101276
3091	-1
3092	-1
3093	4104319
3094	-1
3095	-1
3096	4107362
3097	-1
3098	-1
3099	4110404
3100	-1
3101	-1
3102	4113447
3103	-1
3104	-1
3105	4116490
3106	-1
3107	-1
3108	4119532
3109	-1
3110	-1
3111	4122575
3112	-1
3113	-1
3114	4125618
3115	-1
3116	-1
3117	4128660
3118	-1
3119	-1
3120	4131703
3121	-1
3122	-1
3123	4134746
3124	-1
3125	-1
3126	4137788
3127	-1
3128	-1
3129	4140831
3130	-1
3131	-1
3132	4143874
3133	-1
3134	-1
3135	4146916
3136	-1
3137	-1
3138	4149959
3139	-1
3140	-1
3141	4153002
3142	-1
3143	-1
3144	4156044
3145	-1
3146	-1
3147	4159087
3148	-1
3149	-1
3150	4162130
3151	-1
3152	-1
3153	4165172
3154	-1
3155	-1
3156	4168215
3157	-1
3158	-1
3159	4171258
3160	-1
3161	-1
3162	-1
3163	4174300
3164	-1
3165	-1
3166	4177343
3167	-1
3168	-1
3169	4180386
3170	-1
3171	-1
3172	4183428
3173	-1
3174	-1
3175	4186471
3176	-1
3177	-1
3178	4189514
3179	-1
3180	-1
3181	4192556
3182	-1
3183	-1
3184	4195599
3185	-1
3186	-1
3187	4198642
3188	-1
3189	-1
3190	4201684
3191	-1
3192	-1
3193	4204727
3194	-1
3195	-1
3196	4207770
3197	-1
3198	-1
3199	4210812
3200	-1
3201	-1
3202	4213855
3203	-1
3204	-1
3205	4216898
3206	-1
3207	-1
3208	4219940
3209	-1
3210	-1
3211	4222983
3212	-1
3213	-1
3214	4226026
3215	-1
3216	-1
3217	4229068
3218	-1
3219	-1
3220	4232111
3221	-1
3222	-1
3223	4235154
3224	-1
3225	-1
3226	4238196
3227	-1
3228	-1
3229	4241239
3230	-1
3231	-1
3232	-1
3233	4244282
3234	-1
3235	-1
3236	4247324
3237	-1
3238	-1
3239	4250367
3240	-1
3241	-1
3242	4253410
3243	-1
3244	-1
3245	4256452
3246	-1
3247	-1
3248	4259495
3249	-1
3250	-1
3251	4262538
3252	-1
3253	-1
3254	4265580
3255	-1
3256	-1
3257	4268623
3258	-1
3259	-1
3260	4271666
3261	-1
3262	-1
3263	4274708
3264	-1
3265	-1
3266	4277751
3267	-1
3268	-1
3269	4280794
3270	-1
3271	-1
3272	4283836
3273	-1
3274	-1
3275	4286879
3276	-1
3277	-1
3278	4289922
3279	-1
3280	-1
3281	4292964
3282	-1
3283	-1
3284	4296007
3285	-1
3286	-1
3287	4299050
3288	-1
3289	-1
3290	4302092
3291	-1
3292	-1
3293	4305135
3294	-1
3295	-1
3296	4308178
3297	-1
3298	-1
3299	4311220
3300	-1
3301	-1
3302	4314263
3303	-1
3304	-1
3305	-1
3306	4317306
3307	-1
3308	-1
3309	4320348
3310	-1
3311	-1
3312	4323391
3313	-1
3314	-1
3315	4326434
3316	-1
3317	-1
3318	4329476
3319	-1
3320	-1
3321	4332519
3322	-1
3323	-1
3324	4335562
3325	-1
3326	-1
3327	4338604
3328	-1
3329	-1
3330	4341647
3331	-1
3332	-1
3333	4344690
3334	-1
3335	-1
3336	4347732
3337	-1
3338	-1
3339	4350775
3340	-1
3341	-1
3342	4353818
3343	-1
3344	-1
3345	4356860
3346	-1
3347	-1
3348	4359903
3349	-1
3350	-1
3351	4362946
3352	-1
3353	-1
3354	4365988
3355	-1
3356	-1
3357	4369031
3358	-1
3359	-1
3360	4372074
3361	-1
3362	-1
3363	4375116
3364	-1
3365	-1
3366	4378159
3367	-1
3368	-1
3369	4381202
3370	-1
3371	-1
3372	4384244
3373	-1
3374	-1
3375	-1
3376	4387287
3377	-1
3378	-1
3379	4390330
3380	-1
3381	-1
3382	4393372
3383	-1
3384	-1
3385	4396415
3386	-1
3387	-1
3388	4399458
3389	-1
3390	-1
3391	4402500
3392	-1
3393	-1
3394	4405543
3395	-1
3396	-1
3397	4408586
3398	-1
3399	-1
3400	4411628
3401	-1
3402	-1
3403	4414671
3404	-1
3405	-1
3406	4417714
3407	-1
3408	-1
3409	4420756
3410	-1
3411	-1
3412	4423799
3413	-1
3414	-1
3415	4426842
3416	-1
3417	-1
3418	4429884
3419	-1
3420	-1
3421	4432927
3422	-1
3423	-1
3424	4435970
3425	-1
3426	-1
3427	4439012
3428	-1
3429	-1
3430	4442055
3431	-1
3432	-1
3433	4445098
3434	-1
3435	-1
3436	4448140
3437	-1
3438	-1
3439	4451183
3440	-1
3441	-1
3442	4454226
3443	-1
3444	-1
3445	-1
3446	4457268
3447	-1
3448	-1
3449	4460311
3450	-1
3451	-1
3452	4463354
3453	-1
3454	-1
3455	4466396
3456	-1
3457	-1
3458	4469439
3459	-1
3460	-1
3461	4472482
3462	-1
3463	-1
3464	4475524
3465	-1
3466	-1
3467	4478567
3468	-1
3469	-1
3470	4481610
3471	-1
3472	-1
3473	4484652
3474	-1
3475	-1
3476	4487695
3477	-1
3478	-1
3479	4490738
3480	-1
3481	-1
3482	4493780
3483	-1
3484	-1
3485	4496823
3486	-1
3487	-1
3488	4499866
3489	-1
3490	-1
3491	4502908
3492	-1
3493	-1
3494	4505951
3495	-1
3496	-1
3497	4508994
3498	-1
3499	-1
3500	4512036
3501	-1
3502	-1
3503	4515079
3504	-1
3505	-1
3506	4518122
3507	-1
3508	-1
3509	4521164
3510	-1
3511	-1
3512	4524207
3513	-1
3514	-1
3515	4527250
3516	-1
3517	-1
3518	-1
3519	4530292
3520	-1
3521	-1
3522	4533335
3523	-1
3524	-1
3525	4536378
3526	-1
3527	-1
3528	4539420
3529	-1
3530	-1
3531	4542463
3532	-1
3533	-1
3534	4545506
3535	-1
3536	-1
3537	4548548
3538	-1
3539	-1
3540	4551591
3541	-1
3542	-1
3543	4554634
3544	-1
3545	-1
3546	4557676
3547	-1
3548	-1
3549	4560719
3550	-1
3551	-1
3552	4563762
3553	-1
3554	-1
3555	4566804
3556	-1
3557	-1
3558	4569847
3559	-1
3560	-1
3561	4572890
3562	-1
3563	-1
3564	4575932
3565	-1
3566	-1
3567	4578975
3568	-1
3569	-1
3570	4582018
3571	-1
3572	-1
3573	4585060
3574	-1
3575	-1
3576	4588103
3577	-1
3578	-1
3579	4591146
3580	-1
3581	-1
3582	4594188
3583	-1
3584	-1
3585	4597231
3586	-1
3587	-1
3588	-1
3589	4600274
3590	-1
3591	-1
3592	4603316
3593	-1
3594	-1
3595	4606359
3596	-1
3597	-1
3598	4609402
3599	-1
3600	-1
3601	4612444
3602	-1
3603	-1
3604	4615487
3605	-1
3606	-1
3607	4618530
3608	-1
3609	-1
3610	4621572
3611	-1
3612	-1
3613	4624615
3614	-1
3615	-1
3616	4627658
3617	-1
3618	-1
3619	4630700
3620	-1
3621	-1
3622	4633743
3623	-1
3624	-1
3625	4636786
3626	-1
3627	-1
3628	4639828
3629	-1
3630	-1
3631	4642871
3632	-1
3633	-1
3634	4645914
3635	-1
3636	-1
3637	4648956
3638	-1
3639	-1
3640	4651999
3641	-1
3642	-1
3643	4655042
3644	-1
3645	-1
3646	4658084
3647	-1
3648	-1
3649	4661127
3650	-1
3651	-1
3652	4664170
3653	-1
3654	-1
3655	4667212
3656	-1
3657	-1
3658	4670255
3659	-1
3660	-1
3661	-1
3662	4673298
3663	-1
3664	-1
3665	4676340
3666	-1
3667	-1
3668	4679383
3669	-1
3670	-1
3671	4682426
3672	-1
3673	-1
3674	4685468
3675	-1
3676	-1
3677	4688511
3678	-1
3679	-1
3680	4691554
3681	-1
3682	-1
3683	4694596
3684	-1
3685	-1
3686	4697639
3687	-1
3688	-1
3689	4700682
3690	-1
3691	-1
3692	4703724
3693	-1
3694	-1
3695	4706767
3696	-1
3697	-1
3698	4709810
3699	-1
3700	-1
3701	4712852
3702	-1
3703	-1
3704	4715895
3705	-1
3706	-1
3707	4718938
3708	-1
3709	-1
3710	4721980
3711	-1
3712	-1
3713	4725023
3714	-1
3715	-1
3716	4728066
3717	-1
3718	-1
3719	4731108
3720	-1
3721	-1
3722	4734151
3723	-1
3724	-1
3725	4737194
3726	-1
3727	-1
3728	4740236
3729	-1
3730	-1
3731	-1
3732	4743279
3733	-1
3734	-1
3735	4746322
3736	-1
3737	-1
3738	4749364
3739	-1
3740	-1
3741	4752407
3742	-1
3743	-1
3744	4755450
3745	-1
3746	-1
3747	4758492
3748	-1
3749	-1
3750	4761535
3751	-1
3752	-1
3753	4764578
3754	-1
3755	-1
3756	4767620
3757	-1
3758	-1
3759	4770663
3760	-1
3761	-1
3762	4773706
3763	-1
3764	-1
3765	4776748
3766	-1
3767	-1
3768	4779791
3769	-1
3770	-1
3771	4782834
3772	-1
3773	-1
3774	4785876
3775	-1
3776	-1
3777	4788919
3778	-1
3779	-1
3780	4791962
3781	-1
3782	-1
3783	4795004
3784	-1
3785	-1
3786	4798047
3787	-1
3788	-1
3789	4801090
3790	-1
3791	-1
3792	4804132
3793	-1
3794	-1
3795	4807175
3796	-1
3797	-1
3798	4810218
3799	-1
3800	-1
3801	4813260
3802	-1
3803	-1
3804	-1
3805	4816303
3806	-1
3807	-1
3808	4819346
3809	-1
3810	-1
3811	4822388
3812	-1
3813	-1
3814	4825431
3815	-1
3816	-1
3817	4828474
3818	-1
3819	-1
3820	4831516
3821	-1
3822	-1
3823	4834559
3824	-1
3825	-1
3826	4837602
3827	-1
3828	-1
3829	4840644
3830	-1
3831	-1
3832	4843687
3833	-1
3834	-1
3835	4846730
3836	-1
3837	-1
3838	4849772
3839	-1
3840	-1
3841	4852815
3842	-1
3843	-1
3844	4855858
3845	-1
3846	-1
3847	4858900
3848	-1
3849	-1
3850	4861943
3851	-1
3852	-1
3853	4864986
3854	-1
3855	-1
3856	4868028
3857	-1
3858	-1
3859	4871071
3860	-1
3861	-1
3862	4874114
3863	-1
3864	-1
3865	4877156
3866	-1
3867	-1
3868	4880199
3869	-1
3870	-1
3871	4883242
3872	-1
3873	-1
3874	-1
3875	4886284
3876	-1
3877	-1
3878	4889327
3879	-1
3880	-1
3881	4892370
3882	-1
3883	-1
3884	4895412
3885	-1
3886	-1
3887	4898455
3888	-1
3889	-1
3890	4901498
3891	-1
3892	-1
3893	4904540
3894	-1
3895	-1
3896	4907583
3897	-1
3898	-1
3899	4910626
3900	-1
3901	-1
3902	4913668
3903	-1
3904	-1
3905	4916711
3906	-1
3907	-1
3908	4919754
3909	-1
3910	-1
3911	4922796
3912	-1
3913	-1
3914	4925839
3915	-1
3916	-1
3917	4928882
3918	-1
3919	-1
3920	4931924
3921	-1
3922	-1
3923	4934967
3924	-1
3925	-1
3926	4938010
3927	-1
3928	-1
3929	4941052
3930	-1
3931	-1
3932	4944095
3933	-1
3934	-1
3935	4947138
3936	-1
3937	-1
3938	4950180
3939	-1
3940	-1
3941	4953223
3942	-1
3943	-1
3944	-1
3945	4956266
3946	-1
3947	-1
3948	4959308
3949	-1
3950	-1
3951	4962351
3952	-1
3953	-1
3954	4965394
3955	-1
3956	-1
3957	4968436
3958	-1
3959	-1
3960	4971479
3961	-1
3962	-1
3963	4974522
3964	-1
3965	-1
3966	4977564
3967	-1
3968	-1
3969	4980607
3970	-1
3971	-1
3972	4983650
3973	-1
3974	-1
3975	4986692
3976	-1
3977	-1
3978	4989735
3979	-1
3980	-1
3981	4992778
3982	-1
3983	-1
3984	4995820
3985	-1
3986	-1
3987	4998863
3988	-1
3989	-1
3990	5001906
3991	-1
3992	-1
3993	5004948
3994	-1
3995	-1
3996	5007991
3997	-1
3998	-1
3999	5011034
4000	-1
4001	-1
4002	5014076
4003	-1
4004	-1
4005	5017119
4006	-1
4007	-1
4008	5020162
4009	-1
4010	-1
4011	5023204
4012	-1
4013	-1
4014	5026247
4015	-1
4016	-1
4017	-1
4018	5029290
4019	-1
4020	-1
4021	5032332
4022	-1
4023	-1
4024	5035375
4025	-1
4026	-1
4027	5038418
4028	-1
4029	-1
4030	5041460
4031	-1
4032	-1
4033	5044503
4034	-1
4035	-1
4036	5047546
4037	-1
4038	-1
4039	5050588
4040	-1
4041	-1
4042	5053631
4043	-1
4044	-1
4045	5056674
4046	-1
4047	-1
4048	5059716
4049	-1
4050	-1
4051	5062759
4052	-1
4053	-1
4054	5065802
4055	-1
4056	-1
4057	5068844
4058	-1
4059	-1
4060	5071887
4061	-1
4062	-1
4063	5074930
4064	-1
4065	-1
4066	5077972
4067	-1
4068	-1
4069	5081015
4070	-1
4071	-1
4072	5084058
4073	-1
4074	-1
4075	5087100
4076	-1
4077	-1
4078	5090143
4079	-1
4080	-1
4081	5093186
4082	-1
4083	-1
4084	5096228
4085	-1
4086	-1
4087	-1
4088	5099271
4089	-1
4090	-1
4091	5102314
4092	-1
4093	-1
4094	5105356
4095	-1
4096	-1
4097	5108399
4098	-1
4099	-1
4100	5111442
4101	-1
4102	-1
4103	5114484
4104	-1
4105	-1
4106	5117527
4107	-1
4108	-1
4109	5120570
4110	-1
4111	-1
4112	5123612
4113	-1
4114	-1
4115	5126655
4116	-1
4117	-1
4118	5129698
4119	-1
4120	-1
4121	5132740
4122	-1
4123	-1
4124	5135783
4125	-1
4126	-1
4127	5138826
4128	-1
4129	-1
4130	5141868
4131	-1
4132	-1
4133	5144911
4134	-1
4135	-1
4136	5147954
4137	-1
4138	-1
4139	5150996
4140	-1
4141	-1
4142	5154039
4143	-1
4144	-1
4145	5157082
4146	-1
4147	-1
4148	5160124
4149	-1
4150	-1
4151	5163167
4152	-1
4153	-1
4154	5166210
4155	-1
4156	-1
4157	5169252
4158	-1
4159	-1
4160	-1
4161	5172295
4162	-1
4163	-1
4164	5175338
4165	-1
4166	-1
4167	5178380
4168	-1
4169	-1
4170	5181423
4171	-1
4172	-1
4173	5184466
4174	-1
4175	-1
4176	5187508
4177	-1
4178	-1
4179	5190551
4180	-1
4181	-1
4182	5193594
4183	-1
4184	-1
4185	5196636
4186	-1
4187	-1
4188	5199679
4189	-1
4190	-1
4191	5202722
4192	-1
4193	-1
4194	5205764
4195	-1
4196	-1
4197	5208807
4198	-1
4199	-1
4200	5211850
4201	-1
4202	-1
4203	5214892
4204	-1
4205	-1
4206	5217935
4207	-1
4208	-1
4209	5220978
4210	-1
4211	-1
4212	5224020
4213	-1
4214	-1
4215	5227063
4216	-1
4217	-1
4218	5230106
4219	-1
4220	-1
4221	5233148
4222	-1
4223	-1
4224	5236191
4225	-1
4226	-1
4227	5239234
4228	-1
4229	-1
4230	-1
4231	5242276
4232	-1
4233	-1
4234	5245319
4235	-1
4236	-1
4237	5248362
4238	-1
4239	-1
4240	5251404
4241	-1
4242	-1
4243	5254447
4244	-1
4245	-1
4246	5257490
4247	-1
4248	-1
4249	5260532
4250	-1
4251	-1
4252	5263575
4253	-1
4254	-1
4255	5266618
4256	-1
4257	-1
4258	5269660
4259	-1
4260	-1
4261	5272703
4262	-1
4263	-1
4264	5275746
4265	-1
4266	-1
4267	5278788
4268	-1
4269	-1
4270	5281831
4271	-1
4272	-1
4273	5284874
4274	-1
4275	-1
4276	5287916
4277	-1
4278	-1
4279	5290959
4280	-1
4281	-1
4282	5294002
4283	-1
4284	-1
4285	5297044
4286	-1
4287	-1
4288	5300087
4289	-1
4290	-1
4291	5303130
4292	-1
4293	-1
4294	5306172
4295	-1
4296	-1
4297	5309215
4298	-1
4299	-1
4300	5312258
4301	-1
4302	-1
4303	-1
4304	5315300
4305	-1
4306	-1
4307	5318343
4308	-1
4309	-1
4310	5321386
4311	-1
4312	-1
4313	5324428
4314	-1
4315	-1
4316	5327471
4317	-1
4318	-1
4319	5330514
4320	-1
4321	-1
4322	5333556
4323	-1
4324	-1
4325	5336599
4326	-1
4327	-1
4328	5339642
4329	-1
4330	-1
4331	5342684
4332	-1
4333	-1
4334	5345727
4335	-1
4336	-1
4337	5348770
4338	-1
4339	-1
4340	5351812
4341	-1
4342	-1
4343	5354855
4344	-1
4345	-1
4346	5357898
4347	-1
4348	-1
4349	5360940
4350	-1
4351	-1
4352	5363983
4353	-1
4354	-1
4355	5367026
4356	-1
4357	-1
4358	5370068
4359	-1
4360	-1
4361	5373111
4362	-1
4363	-1
4364	5376154
4365	-1
4366	-1
4367	5379196
4368	-1
4369	-1
4370	5382239
4371	-1
4372	-1
4373	-1
4374	5385282
4375	-1
4376	-1
4377	5388324
4378	-1
4379	-1
4380	5391367
4381	-1
4382	-1
4383	5394410
4384	-1
4385	-1
4386	5397452
4387	-1
4388	-1
4389	5400495
4390	-1
4391	-1
4392	5403538
4393	-1
4394	-1
4395	5406580
4396	-1
4397	-1
4398	5409623
4399	-1
4400	-1
4401	5412666
4402	-1
4403	-1
4404	5415708
4405	-1
4406	-1
4407	5418751
4408	-1
4409	-1
4410	5421794
4411	-1
4412	-1
4413	5424836
4414	-1
4415	-1
4416	5427879
4417	-1
4418	-1
4419	5430922
4420	-1
4421	-1
4422	5433964
4423	-1
4424	-1
4425	5437007
4426	-1
4427	-1
4428	5440050
4429	-1
4430	-1
4431	5443092
4432	-1
4433	-1
4434	5446135
4435	-1
4436	-1
4437	5449178
4438	-1
4439	-1
4440	5452220
4441	-1
4442	-1
4443	5455263
4444	-1
4445	-1
4446	-1
4447	5458306
4448	-1
4449	-1
4450	5461348
4451	-1
4452	-1
4453	5464391
4454	-1
4455	-1
4456	5467434
4457	-1
4458	-1
4459	5470476
4460	-1
4461	-1
4462	5473519
4463	-1
4464	-1
4465	5476562
4466	-1
4467	-1
4468	5479604
4469	-1
4470	-1
4471	5482647
4472	-1
4473	-1
4474	5485690
4475	-1
4476	-1
4477	5488732
4478	-1
4479	-1
4480	5491775
4481	-1
4482	-1
4483	5494818
4484	-1
4485	-1
4486	5497860
4487	-1
4488	-1
4489	5500903
4490	-1
4491	-1
4492	5503946
4493	-1
4494	-1
4495	5506988
4496	-1
4497	-1
4498	5510031
4499	-1
4500	-1
4501	5513074
4502	-1
4503	-1
4504	5516116
4505	-1
4506	-1
4507	5519159
4508	-1
4509	-1
4510	5522202
4511	-1
4512	-1
4513	5525244
4514	-1
4515	-1
4516	-1
4517	5528287
4518	-1
4519	-1
4520	5531330
4521	-1
4522	-1
4523	5534372
4524	-1
4525	-1
4526	5537415
4527	-1
4528	-1
4529	5540458
4530	-1
4531	-1
4532	5543500
4533	-1
4534	-1
4535	5546543
4536	-1
4537	-1
4538	5549586
4539	-1
4540	-1
4541	5552628
4542	-1
4543	-1
4544	5555671
4545	-1
4546	-1
4547	5558714
4548	-1
4549	-1
4550	5561756
4551	-1
4552	-1
4553	5564799
4554	-1
4555	-1
4556	5567842
4557	-1
4558	-1
4559	5570884
4560	-1
4561	-1
4562	5573927
4563	-1
4564	-1
4565	5576970
4566	-1
4567	-1
4568	5580012
4569	-1
4570	-1
4571	5583055
4572	-1
4573	-1
4574	5586098
4575	-1
4576	-1
4577	5589140
4578	-1
4579	-1
4580	5592183
4581	-1
4582	-1
4583	5595226
4584	-1
4585	-1
4586	-1
4587	5598268
4588	-1
4589	-1
4590	5601311
4591	-1
4592	-1
4593	5604354
4594	-1
4595	-1
4596	5607396
4597	-1
4598	-1
4599	5610439
4600	-1
4601	-1
4602	5613482
4603	-1
4604	-1
4605	5616524
4606	-1
4607	-1
4608	5619567
4609	-1
4610	-1
4611	5622610
4612	-1
4613	-1
4614	5625652
4615	-1
4616	-1
4617	5628695
4618	-1
4619	-1
4620	5631738
4621	-1
4622	-1
4623	5634781
4624	-1
4625	-1
4626	5637823
4627	-1
4628	-1
4629	5640866
4630	-1
4631	-1
4632	5643909
4633	-1
4634	-1
4635	5646951
4636	-1
4637	-1
4638	5649994
4639	-1
4640	-1
4641	5653037
4642	-1
4643	-1
4644	5656079
4645	-1
4646	-1
4647	5659122
4648	-1
4649	-1
4650	5662165
4651	-1
4652	-1
4653	5665207
4654	-1
4655	-1
4656	5668250
4657	-1
4658	-1
4659	-1
4660	5671293
4661	-1
4662	-1
4663	5674335
4664	-1
4665	-1
4666	5677378
4667	-1
4668	-1
4669	5680421
4670	-1
4671	-1
4672	5683463
4673	-1
4674	-1
4675	5686506
4676	-1
4677	-1
4678	5689549
4679	-1
4680	-1
4681	5692591
4682	-1
4683	-1
4684	5695634
4685	-1
4686	-1
4687	5698677
4688	-1
4689	-1
4690	5701719
4691	-1
4692	-1
4693	5704762
4694	-1
4695	-1
4696	5707805
4697	-1
4698	-1
4699	5710847
4700	-1
4701	-1
4702	5713890
4703	-1
4704	-1
4705	5716933
4706	-1
4707	-1
4708	5719975
4709	-1
4710	-1
4711	5723018
4712	-1
4713	-1
4714	5726061
4715	-1
4716	-1
4717	5729103
4718	-1
4719	-1
4720	5732146
4721	-1
4722	-1
4723	5735189
4724	-1
4725	-1
4726	5738231
4727	-1
4728	-1
4729	-1
4730	5741274
4731	-1
4732	-1
4733	5744317
4734	-1
4735	-1
4736	5747359
4737	-1
4738	-1
4739	5750402
4740	-1
4741	-1
4742	5753445
4743	-1
4744	-1
4745	5756487
4746	-1
4747	-1
4748	5759530
4749	-1
4750	-1
4751	5762573
4752	-1
4753	-1
4754	5765615
4755	-1
4756	-1
4757	5768658
4758	-1
4759	-1
4760	5771701
4761	-1
4762	-1
4763	5774743
4764	-1
4765	-1
4766	5777786
4767	-1
4768	-1
4769	5780829
4770	-1
4771	-1
4772	5783871
4773	-1
4774	-1
4775	5786914
4776	-1
4777	-1
4778	5789957
4779	-1
4780	-1
4781	5792999
4782	-1
4783	-1
4784	5796042
4785	-1
4786	-1
4787	5799085
4788	-1
4789	-1
4790	5802127
4791	-1
4792	-1
4793	5805170
4794	-1
4795	-1
4796	5808213
4797	-1
4798	-1
4799	5811255
4800	-1
4801	-1
4802	-1
4803	5814298
4804	-1
4805	-1
4806	5817341
4807	-1
4808	-1
4809	5820383
4810	-1
4811	-1
4812	5823426
4813	-1
4814	-1
4815	5826469
4816	-1
4817	-1
4818	5829511
4819	-1
4820	-1
4821	5832554
4822	-1
4823	-1
4824	5835597
4825	-1
4826	-1
4827	5838639
4828	-1
4829	-1
4830	5841682
4831	-1
4832	-1
4833	5844725
4834	-1
4835	-1
4836	5847767
4837	-1
4838	-1
4839	5850810
4840	-1
4841	-1
4842	5853853
4843	-1
4844	-1
4845	5856895
4846	-1
4847	-1
4848	5859938
4849	-1
4850	-1
4851	5862981
4852	-1
4853	-1
4854	5866023
4855	-1
4856	-1
4857	5869066
4858	-1
4859	-1
4860	5872109
4861	-1
4862	-1
4863	5875151
4864	-1
4865	-1
4866	5878194
4867	-1
4868	-1
4869	5881237
4870	-1
4871	-1
4872	-1
4873	5884279
4874	-1
4875	-1
4876	5887322
4877	-1
4878	-1
4879	5890365
4880	-1
4881	-1
4882	5893407
4883	-1
4884	-1
4885	5896450
4886	-1
4887	-1
4888	5899493
4889	-1
4890	-1
4891	5902535
4892	-1
4893	-1
4894	5905578
4895	-1
4896	-1
4897	5908621
4898	-1
4899	-1
4900	5911663
4901	-1
4902	-1
4903	5914706
4904	-1
4905	-1
4906	5917749
4907	-1
4908	-1
4909	5920791
4910	-1
4911	-1
4912	5923834
4913	-1
4914	-1
4915	5926877
4916	-1
4917	-1
4918	5929919
4919	-1
4920	-1
4921	5932962
4922	-1
4923	-1
4924	5936005
4925	-1
4926	-1
4927	5939047
4928	-1
4929	-1
4930	5942090
4931	-1
4932	-1
4933	5945133
4934	-1
4935	-1
4936	5948175
4937	-1
4938	-1
4939	5951218
4940	-1
4941	-1
4942	5954261
4943	-1
4944	-1
4945	-1
4946	5957303
4947	-1
4948	-1
4949	5960346
4950	-1
4951	-1
4952	5963389
4953	-1
4954	-1
4955	5966431
4956	-1
4957	-1
4958	5969474
4959	-1
4960	-1
4961	5972517
4962	-1
4963	-1
4964	5975559
4965	-1
4966	-1
4967	5978602
4968	-1
4969	-1
4970	5981645
4971	-1
4972	-1
4973	5984687
4974	-1
4975	-1
4976	5987730
4977	-1
4978	-1
4979	5990773
4980	-1
4981	-1
4982	5993815
4983	-1
4984	-1
4985	5996858
4986	-1
4987	-1
4988	5999901
4989	-1
4990	-1
4991	6002943
4992	-1
4993	-1
4994	6005986
4995	-1
4996	-1
4997	6009029
4998	-1
4999	-1
5000	6012071
5001	-1
5002	-1
5003	6015114
5004	-1
5005	-1
5006	6018157
5007	-1
5008	-1
5009	6021199
5010	-1
5011	-1
5012	6024242
5013	-1
5014	-1
5015	-1
5016	6027285
5017	-1
5018	-1
5019	6030327
5020	-1
5021	-1
5022	6033370
5023	-1
5024	-1
5025	6036413
5026	-1
5027	-1
5028	6039455
5029	-1
5030	-1
5031	6042498
5032	-1
5033	-1
5034	6045541
5035	-1
5036	-1
5037	6048583
5038	-1
5039	-1
5040	6051626
5041	-1
5042	-1
5043	6054669
5044	-1
5045	-1
5046	6057711
5047	-1
5048	-1
5049	6060754
5050	-1
5051	-1
5052	6063797
5053	-1
5054	-1
5055	6066839
5056	-1
5057	-1
5058	6069882
5059	-1
5060	-1
5061	6072925
5062	-1
5063	-1
5064	6075967
5065	-1
5066	-1
5067	6079010
5068	-1
5069	-1
5070	6082053
5071	-1
5072	-1
5073	6085095
5074	-1
5075	-1
5076	6088138
5077	-1
5078	-1
5079	6091181
5080	-1
5081	-1
5082	6094223
5083	-1
5084	-1
5085	-1
5086	6097266
5087	-1
5088	-1
5089	6100309
5090	-1
5091	-1
5092	6103351
5093	-1
5094	-1
5095	6106394
5096	-1
5097	-1
5098	6109437
5099	-1
5100	-1
5101	6112479
5102	-1
5103	-1
5104	6115522
5105	-1
5106	-1
5107	6118565
5108	-1
5109	-1
5110	6121607
5111	-1
5112	-1
5113	6124650
5114	-1
5115	-1
5116	6127693
5117	-1
5118	-1
5119	6130735
5120	-1
5121	-1
5122	6133778
5123	-1
5124	-1
5125	6136821
5126	-1
5127	-1
5128	6139863
5129	-1
5130	-1
5131	6142906
5132	-1
5133	-1
5134	6145949
5135	-1
5136	-1
5137	6148991
5138	-1
5139	-1
5140	6152034
5141	-1
5142	-1
5143	6155077
5144	-1
5145	-1
5146	6158119
5147	-1
5148	-1
5149	6161162
5150	-1
5151	-1
5152	6164205
5153	-1
5154	-1
5155	6167247
5156	-1
5157	-1
5158	-1
5159	6170290
5160	-1
5161	-1
5162	6173333
5163	-1
5164	-1
5165	6176375
5166	-1
5167	-1
5168	6179418
5169	-1
5170	-1
5171	6182461
5172	-1
5173	-1
5174	6185503
5175	-1
5176	-1
5177	6188546
5178	-1
5179	-1
5180	6191589
5181	-1
5182	-1
5183	6194631
5184	-1
5185	-1
5186	6197674
5187	-1
5188	-1
5189	6200717
5190	-1
5191	-1
5192	6203759
5193	-1
5194	-1
5195	6206802
5196	-1
5197	-1
5198	6209845
5199	-1
5200	-1
5201	6212887
5202	-1
5203	-1
5204	6215930
5205	-1
5206	-1
5207	6218973
5208	-1
5209	-1
5210	6222015
5211	-1
5212	-1
5213	6225058
5214	-1
5215	-1
5216	6228101
5217	-1
5218	-1
5219	6231143
5220	-1
5221	-1
5222	6234186
5223	-1
5224	-1
5225	6237229
5226	-1
5227	-1
5228	-1
5229	6240271
5230	-1
5231	-1
5232	6243314
5233	-1
5234	-1
5235	6246357
5236	-1
5237	-1
5238	6249399
5239	-1
5240	-1
5241	6252442
5242	-1
5243	-1
5244	6255485
5245	-1
5246	-1
5247	6258527
5248	-1
5249	-1
5250	6261570
5251	-1
5252	-1
5253	6264613
5254	-1
5255	-1
5256	6267655
5257	-1
5258	-1
5259	6270698
5260	-1
5261	-1
5262	6273741
5263	-1
5264	-1
5265	6276783
5266	-1
5267	-1
5268	6279826
5269	-1
5270	-1
5271	6282869
5272	-1
5273	-1
5274	6285911
5275	-1
5276	-1
5277	6288954
5278	-1
5279	-1
5280	6291997
5281	-1
5282	-1
5283	6295039
5284	-1
5285	-1
5286	6298082
5287	-1
5288	-1
5289	6301125
5290	-1
5291	-1
5292	6304167
5293	-1
5294	-1
5295	6307210
5296	-1
5297	-1
5298	6310253
5299	-1
5300	-1
5301	-1
5302	6313295
5303	-1
5304	-1
5305	6316338
5306	-1
5307	-1
5308	6319381
5309	-1
5310	-1
5311	6322423
5312	-1
5313	-1
5314	6325466
5315	-1
5316	-1
5317	6328509
5318	-1
5319	-1
5320	6331551
5321	-1
5322	-1
5323	6334594
5324	-1
5325	-1
5326	6337637
5327	-1
5328	-1
5329	6340679
5330	-1
5331	-1
5332	6343722
5333	-1
5334	-1
5335	6346765
5336	-1
5337	-1
5338	6349807
5339	-1
5340	-1
5341	6352850
5342	-1
5343	-1
5344	6355893
5345	-1
5346	-1
5347	6358935
5348	-1
5349	-1
5350	6361978
5351	-1
5352	-1
5353	6365021
5354	-1
5355	-1
5356	6368063
5357	-1
5358	-1
5359	6371106
5360	-1
5361	-1
5362	6374149
5363	-1
5364	-1
5365	6377191
5366	-1
5367	-1
5368	6380234
5369	-1
5370	-1
5371	-1
5372	6383277
5373	-1
5374	-1
5375	6386319
5376	-1
5377	-1
5378	6389362
5379	-1
5380	-1
5381	6392405
5382	-1
5383	-1
5384	6395447
5385	-1
5386	-1
5387	6398490
5388	-1
5389	-1
5390	6401533
5391	-1
5392	-1
5393	6404575
5394	-1
5395	-1
5396	6407618
5397	-1
5398	-1
5399	6410661
5400	-1
5401	-1
5402	6413703
5403	-1
5404	-1
5405	6416746
5406	-1
5407	-1
5408	6419789
5409	-1
5410	-1
5411	6422831
5412	-1
5413	-1
5414	6425874
5415	-1
5416	-1
5417	6428917
5418	-1
5419	-1
5420	6431959
5421	-1
5422	-1
5423	6435002
5424	-1
5425	-1
5426	6438045
5427	-1
5428	-1
5429	6441087
5430	-1
5431	-1
5432	6444130
5433	-1
5434	-1
5435	6447173
5436	-1
5437	-1
5438	6450215
5439	-1
5440	-1
5441	6453258
5442	-1
5443	-1
5444	-1
5445	6456301
5446	-1
5447	-1
5448	6459343
5449	-1
5450	-1
5451	6462386
5452	-1
5453	-1
5454	6465429
5455	-1
5456	-1
5457	6468471
5458	-1
5459	-1
5460	6471514
5461	-1
5462	-1
5463	6474557
5464	-1
5465	-1
5466	6477599
5467	-1
5468	-1
5469	6480642
5470	-1
5471	-1
5472	6483685
5473	-1
5474	-1
5475	6486727
5476	-1
5477	-1
5478	6489770
5479	-1
5480	-1
5481	6492813
5482	-1
5483	-1
5484	6495855
5485	-1
5486	-1
5487	6498898
5488	-1
5489	-1
5490	6501941
5491	-1
5492	-1
5493	6504983
5494	-1
5495	-1
5496	6508026
5497	-1
5498	-1
5499	6511069
5500	-1
5501	-1
5502	6514111
5503	-1
5504	-1
5505	6517154
5506	-1
5507	-1
5508	6520197
5509	-1
5510	-1
5511	6523239
5512	-1
5513	-1
5514	-1
5515	6526282
5516	-1
5517	-1
5518	6529325
5519	-1
5520	-1
5521	6532367
5522	-1
5523	-1
5524	6535410
5525	-1
5526	-1
5527	6538453
5528	-1
5529	-1
5530	6541495
5531	-1
5532	-1
5533	6544538
5534	-1
5535	-1
5536	6547581
5537	-1
5538	-1
5539	6550623
5540	-1
5541	-1
5542	6553666
5543	-1
5544	-1
5545	6556709
5546	-1
5547	-1
5548	6559751
5549	-1
5550	-1
5551	6562794
5552	-1
5553	-1
5554	6565837
5555	-1
5556	-1
5557	6568879
5558	-1
5559	-1
5560	6571922
5561	-1
5562	-1
5563	6574965
5564	-1
5565	-1
5566	6578007
5567	-1
5568	-1
5569	6581050
5570	-1
5571	-1
5572	6584093
5573	-1
5574	-1
5575	6587135
5576	-1
5577	-1
5578	6590178
5579	-1
5580	-1
5581	6593221
5582	-1
5583	-1
5584	6596263
5585	-1
5586	-1
5587	-1
5588	6599306
5589	-1
5590	-1
5591	6602349
5592	-1
5593	-1
5594	6605391
5595	-1
5596	-1
5597	6608434
5598	-1
5599	-1
5600	6611477
5601	-1
5602	-1
5603	6614519
5604	-1
5605	-1
5606	6617562
5607	-1
5608	-1
5609	6620605
5610	-1
5611	-1
5612	6623647
5613	-1
5614	-1
5615	6626690
5616	-1
5617	-1
5618	6629733
5619	-1
5620	-1
5621	6632775
5622	-1
5623	-1
5624	6635818
5625	-1
5626	-1
5627	6638861
5628	-1
5629	-1
5630	6641903
5631	-1
5632	-1
5633	6644946
5634	-1
5635	-1
5636	6647989
5637	-1
5638	-1
5639	6651031
5640	-1
5641	-1
5642	6654074
5643	-1
5644	-1
5645	6657117
5646	-1
5647	-1
5648	6660159
5649	-1
5650	-1
5651	6663202
5652	-1
5653	-1
5654	6666245
5655	-1
5656	-1
5657	-1
5658	6669287
5659	-1
5660	-1
5661	6672330
5662	-1
5663	-1
5664	6675373
5665	-1
5666	-1
5667	6678415
5668	-1
5669	-1
5670	6681458
5671	-1
5672	-1
5673	6684501
5674	-1
5675	-1
5676	6687543
5677	-1
5678	-1
5679	6690586
5680	-1
5681	-1
5682	6693629
5683	-1
5684	-1
5685	6696671
5686	-1
5687	-1
5688	6699714
5689	-1
5690	-1
5691	6702757
5692	-1
5693	-1
5694	6705799
5695	-1
5696	-1
5697	6708842
5698	-1
5699	-1
5700	6711885
5701	-1
5702	-1
5703	6714927
5704	-1
5705	-1
5706	6717970
5707	-1
5708	-1
5709	6721013
5710	-1
5711	-1
5712	6724055
5713	-1
5714	-1
5715	6727098
5716	-1
5717	-1
5718	6730141
5719	-1
5720	-1
5721	6733183
5722	-1
5723	-1
5724	6736226
5725	-1
5726	-1
5727	-1
5728	6739269
5729	-1
5730	-1
5731	6742311
5732	-1
5733	-1
5734	6745354
5735	-1
5736	-1
5737	6748397
5738	-1
5739	-1
5740	6751439
5741	-1
5742	-1
5743	6754482
5744	-1
5745	-1
5746	6757525
5747	-1
5748	-1
5749	6760567
5750	-1
5751	-1
5752	6763610
5753	-1
5754	-1
5755	6766653
5756	-1
5757	-1
5758	6769695
5759	-1
5760	-1
5761	6772738
5762	-1
5763	-1
5764	6775781
5765	-1
5766	-1
5767	6778823
5768	-1
5769	-1
5770	6781866
5771	-1
5772	-1
5773	6784909
5774	-1
5775	-1
5776	6787951
5777	-1
5778	-1
5779	6790994
5780	-1
5781	-1
5782	6794037
5783	-1
5784	-1
5785	6797079
5786	-1
5787	-1
5788	6800122
5789	-1
5790	-1
5791	6803165
5792	-1
5793	-1
5794	6806207
5795	-1
5796	-1
5797	6809250
5798	-1
5799	-1
5800	-1
5801	6812293
5802	-1
5803	-1
5804	6815335
5805	-1
5806	-1
5807	6818378
5808	-1
5809	-1
5810	6821421
5811	-1
5812	-1
5813	6824463
5814	-1
5815	-1
5816	6827506
5817	-1
5818	-1
5819	6830549
5820	-1
5821	-1
5822	6833591
5823	-1
5824	-1
5825	6836634
5826	-1
5827	-1
5828	6839677
5829	-1
5830	-1
5831	6842719
5832	-1
5833	-1
5834	6845762
5835	-1
5836	-1
5837	6848805
5838	-1
5839	-1
5840	6851847
5841	-1
5842	-1
5843	6854890
5844	-1
5845	-1
5846	6857933
5847	-1
5848	-1
5849	6860975
5850	-1
5851	-1
5852	6864018
5853	-1
5854	-1
5855	6867061
5856	-1
5857	-1
5858	6870103
5859	-1
5860	-1
5861	6873146
5862	-1
5863	-1
5864	6876189
5865	-1
5866	-1
5867	6879231
5868	-1
5869	-1
5870	-1
5871	6882274
5872	-1
5873	-1
5874	6885317
5875	-1
5876	-1
5877	6888359
5878	-1
5879	-1
5880	6891402
5881	-1
5882	-1
5883	6894445
5884	-1
5885	-1
5886	6897487
5887	-1
5888	-1
5889	6900530
5890	-1
5891	-1
5892	6903573
5893	-1
5894	-1
5895	6906615
5896	-1
5897	-1
5898	6909658
5899	-1
5900	-1
5901	6912701
5902	-1
5903	-1
5904	6915743
5905	-1
5906	-1
5907	6918786
5908	-1
5909	-1
5910	6921829
5911	-1
5912	-1
5913	6924871
5914	-1
5915	-1
5916	6927914
5917	-1
5918	-1
5919	6930957
5920	-1
5921	-1
5922	6933999
5923	-1
5924	-1
5925	6937042
5926	-1
5927	-1
5928	6940085
5929	-1
5930	-1
5931	6943127
5932	-1
5933	-1
5934	6946170
5935	-1
5936	-1
5937	6949213
5938	-1
5939	-1
5940	6952255
5941	-1
5942	-1
5943	-1
5944	6955298
5945	-1
5946	-1
5947	6958341
5948	-1
5949	-1
5950	6961383
5951	-1
5952	-1
5953	6964426
5954	-1
5955	-1
5956	6967469
5957	-1
5958	-1
5959	6970511
5960	-1
5961	-1
5962	6973554
5963	-1
5964	-1
5965	6976597
5966	-1
5967	-1
5968	6979639
5969	-1
5970	-1
5971	6982682
5972	-1
5973	-1
5974	6985725
5975	-1
5976	-1
5977	6988767
5978	-1
5979	-1
5980	6991810
5981	-1
5982	-1
5983	6994853
5984	-1
5985	-1
5986	6997895
5987	-1
5988	-1
5989	7000938
5990	-1
5991	-1
5992	7003981
5993	-1
5994	-1
5995	7007023
5996	-1
5997	-1
5998	7010066
5999	-1
