0	1007326
1	1008467
2	1009608
3	1010749
4	1011890
5	1013031
6	1014172
7	1015313
8	1016454
9	1017595
10	1018736
11	1019877
12	1021018
13	1022159
14	1023300
15	1024441
16	1025582
17	1026723
18	1027864
19	1029005
20	1030146
21	1031287
22	1032428
23	1033569
24	1034710
25	1035851
26	1036992
27	1038133
28	1039274
29	1040415
30	1041556
31	1042697
32	1043838
33	1044979
34	1046120
35	1047261
36	1048402
37	1049543
38	1050684
39	1051825
40	1052966
41	1054107
42	1055248
43	1056389
44	1057530
45	1058671
46	1059812
47	1060953
48	1062094
49	1063235
50	1064376
51	1065517
52	1066658
53	1067799
54	1068940
55	1070081
56	1071222
57	1072363
58	1073504
59	1074645
60	1075786
61	1076927
62	1078068
63	1079209
64	1080350
65	1081491
66	1082632
67	1083773
68	1084914
69	1086055
70	1087196
71	1088337
72	1089478
73	1090619
74	1091760
75	1092901
76	1094042
77	1095183
78	1096324
79	1097465
80	1098606
81	1099747
82	1100888
83	1102029
84	1103170
85	1104311
86	1105452
87	1106593
88	1107734
89	1108875
90	1110016
91	1111157
92	1112298
93	1113439
94	1114580
95	1115721
96	1116862
97	1118003
98	1119144
99	1120285
100	1121426
101	1122567
102	1123708
103	1124849
104	1125990
105	1127131
106	1128272
107	1129413
108	1130554
109	1131695
110	1132836
111	1133977
112	1135118
113	1136259
114	1137400
115	1138541
116	1139682
117	1140823
118	1141964
119	1143105
120	1144246
121	1145387
122	1146528
123	1147669
124	1148810
125	1149951
126	1151092
127	1152233
128	1153374
129	1154515
130	1155656
131	1156797
132	1157938
133	1159079
134	1160220
135	1161361
136	1162502
137	1163643
138	1164784
139	1165925
140	1167066
141	1168207
142	1169348
143	1170489
144	1171630
145	1172771
146	1173912
147	1175053
148	1176194
149	1177335
150	1178476
151	1179617
152	1180758
153	1181899
154	1183040
155	1184181
156	1185322
157	1186463
158	1187604
159	1188745
160	1189886
161	1191027
162	1192168
163	1193309
164	1194450
165	1195591
166	1196732
167	1197873
168	1199014
169	1200155
170	1201296
171	1202437
172	1203578
173	1204719
174	1205860
175	1207001
176	1208142
177	1209283
178	1210424
179	1211565
180	1212706
181	1213847
182	1214988
183	1216129
184	1217270
185	1218411
186	1219552
187	1220693
188	1221834
189	1222975
190	1224116
191	1225257
192	1226398
193	1227539
194	1228680
195	1229821
196	1230962
197	1232103
198	1233244
199	1234385
200	1235526
201	1236667
202	1237808
203	1238949
204	1240090
205	1241231
206	1242372
207	1243513
208	1244654
209	1245795
210	1246936
211	1248077
212	1249218
213	1250359
214	1251500
215	1252641
216	1253782
217	1254923
218	1256064
219	1257205
220	1258346
221	1259487
222	1260628
223	1261769
224	1262910
225	1264051
226	1265192
227	1266333
228	1267474
229	1268615
230	1269756
231	1270897
232	1272038
233	1273179
234	1274320
235	1275461
236	1276602
237	1277743
238	1278884
239	1280025
240	1281166
241	1282307
242	1283448
243	1284589
244	1285730
245	1286871
246	1288012
247	1289153
248	1290294
249	1291435
250	1292576
251	1293717
252	1294858
253	1295999
254	1297140
255	1298281
256	1299422
257	1300563
258	1301704
259	1302845
260	1303986
261	1305127
262	1306268
263	1307409
264	1308550
265	1309691
266	1310832
267	1311973
268	1313114
269	1314255
270	1315396
271	1316537
272	1317678
273	1318819
274	1319960
275	1321101
276	1322242
277	1323383
278	1324524
279	1325665
280	1326806
281	1327947
282	1329088
283	1330229
284	1331370
285	1332511
286	1333652
287	1334793
288	1335934
289	1337075
290	1338216
291	1339357
292	1340498
293	1341639
294	1342780
295	1343921
296	1345062
297	1346203
298	1347344
299	1348485
300	1349626
301	1350767
302	1351908
303	1353049
304	1354190
305	1355331
306	1356472
307	1357613
308	1358754
309	1359895
310	1361036
311	1362177
312	1363318
313	1364459
314	1365600
315	1366741
316	1367882
317	1369023
318	1370164
319	1371305
320	1372446
321	1373587
322	1374728
323	1375869
324	1377010
325	1378151
326	1379292
327	1380433
328	1381574
329	1382715
330	1383856
331	1384997
332	1386138
333	1387279
334	1388420
335	1389561
336	1390702
337	1391843
338	1392984
339	1394125
340	1395266
341	1396407
342	1397548
343	1398689
344	1399830
345	1400971
346	1402112
347	1403253
348	1404394
349	1405535
350	1406676
351	1407817
352	1408958
353	1410099
354	1411240
355	1412381
356	1413522
357	1414663
358	1415804
359	1416945
360	1418086
361	1419227
362	1420368
363	1421509
364	1422650
365	1423791
366	1424932
367	1426073
368	1427214
369	1428355
370	1429496
371	1430637
372	1431778
373	1432919
374	1434060
375	1435201
376	1436342
377	1437483
378	1438624
379	1439765
380	1440906
381	1442047
382	1443188
383	1444329
384	1445470
385	1446611
386	1447752
387	1448893
388	1450034
389	1451175
390	1452316
391	1453457
392	1454598
393	1455739
394	1456880
395	1458021
396	1459162
397	1460303
398	1461444
399	1462585
400	1463726
401	1464867
402	1466008
403	1467149
404	1468290
405	1469431
406	1470572
407	1471713
408	1472854
409	1473995
410	1475136
411	1476277
412	1477418
413	1478559
414	1479700
415	1480841
416	1481982
417	1483123
418	1484264
419	1485405
420	1486546
421	1487687
422	1488828
423	1489969
424	1491110
425	1492251
426	1493392
427	1494533
428	1495674
429	1496815
430	1497956
431	1499097
432	1500238
433	1501379
434	1502520
435	1503661
436	1504802
437	1505943
438	1507084
439	1508225
440	1509366
441	1510507
442	1511648
443	1512789
444	1513930
445	1515071
446	1516212
447	1517353
448	1518494
449	1519635
450	1520776
451	1521917
452	1523058
453	1524199
454	1525340
455	1526481
456	1527622
457	1528763
458	1529904
459	1531045
460	1532186
461	1533327
462	1534468
463	1535609
464	1536750
465	1537891
466	1539032
467	1540173
468	1541314
469	1542455
470	1543596
471	1544737
472	1545878
473	1547019
474	1548160
475	1549301
476	1550442
477	1551583
478	1552724
479	1553865
480	1555006
481	1556147
482	1557288
483	1558429
484	1559570
485	1560711
486	-1
487	1561852
488	1562993
489	1564134
490	1565275
491	1566416
492	1567557
493	1568698
494	-1
495	1569839
496	1570980
497	1572121
498	1573262
499	1574403
500	1575544
501	1576685
502	-1
503	1577826
504	1578967
505	1580108
506	1581249
507	1582390
508	1583531
509	1584672
510	-1
511	1585813
512	1586954
513	1588095
514	1589236
515	1590377
516	1591518
517	1592659
518	-1
519	1593800
520	1594941
521	1596082
522	1597223
523	1598364
524	1599505
525	1600646
526	-1
527	1601787
528	1602928
529	1604069
530	1605210
531	1606351
532	1607492
533	1608633
534	1609774
535	-1
536	1610915
537	1612056
538	1613197
539	1614338
540	1615479
541	1616620
542	1617761
543	-1
544	1618902
545	1620043
546	1621184
547	1622325
548	1623466
549	1624607
550	1625748
551	-1
552	1626889
553	1628030
554	1629171
555	1630312
556	1631453
557	1632594
558	1633735
559	-1
560	1634876
561	1636017
562	1637158
563	1638299
564	1639440
565	1640581
566	1641722
567	-1
568	1642863
569	1644004
570	1645145
571	1646286
572	1647427
573	1648568
574	1649709
575	-1
576	1650850
577	1651991
578	1653132
579	1654273
580	1655414
581	1656555
582	1657696
583	-1
584	1658837
585	1659978
586	1661119
587	1662260
588	1663401
589	1664542
590	1665683
591	-1
592	1666824
593	1667965
594	1669106
595	1670247
596	1671388
597	1672529
598	1673670
599	-1
600	1674811
601	1675952
602	1677093
603	1678234
604	1679375
605	1680516
606	1681657
607	-1
608	1682798
609	1683939
610	1685080
611	1686221
612	1687362
613	1688503
614	1689644
615	-1
616	1690785
617	1691926
618	1693067
619	1694208
620	1695349
621	1696490
622	1697631
623	1698772
624	-1
625	1699913
626	1701054
627	1702195
628	1703336
629	1704477
630	1705618
631	1706759
632	-1
633	1707900
634	1709041
635	1710182
636	1711323
637	1712464
638	1713605
639	1714746
640	-1
641	1715887
642	1717028
643	1718169
644	1719310
645	1720451
646	1721592
647	1722733
648	-1
649	1723874
650	1725015
651	1726156
652	1727297
653	1728438
654	1729579
655	1730720
656	-1
657	1731861
658	1733002
659	1734143
660	1735284
661	1736425
662	1737566
663	1738707
664	-1
665	1739848
666	1740989
667	1742130
668	1743271
669	1744412
670	1745553
671	1746694
672	-1
673	1747835
674	1748976
675	1750117
676	1751258
677	1752399
678	1753540
679	1754681
680	-1
681	1755822
682	1756963
683	1758104
684	1759245
685	1760386
686	1761527
687	1762668
688	-1
689	1763809
690	1764950
691	1766091
692	1767232
693	1768373
694	1769514
695	1770655
696	-1
697	1771796
698	1772937
699	1774078
700	1775219
701	1776360
702	1777501
703	1778642
704	-1
705	1779783
706	1780924
707	1782065
708	1783206
709	1784347
710	1785488
711	1786629
712	1787770
713	-1
714	1788911
715	1790052
716	1791193
717	1792334
718	1793475
719	1794616
720	1795757
721	-1
722	1796898
723	1798039
724	1799180
725	1800321
726	1801462
727	1802603
728	1803744
729	-1
730	1804885
731	1806026
732	1807167
733	1808308
734	1809449
735	1810590
736	1811731
737	-1
738	1812872
739	1814013
740	1815154
741	1816295
742	1817436
743	1818577
744	1819718
745	-1
746	1820859
747	1822000
748	1823141
749	1824282
750	1825423
751	1826564
752	1827705
753	-1
754	1828846
755	1829987
756	1831128
757	1832269
758	1833410
759	1834551
760	1835692
761	-1
762	1836833
763	1837974
764	1839115
765	1840256
766	1841397
767	1842538
768	1843679
769	-1
770	1844820
771	1845961
772	1847102
773	1848243
774	1849384
775	1850525
776	1851666
777	-1
778	1852807
779	1853948
780	1855089
781	1856230
782	1857371
783	1858512
784	1859653
785	-1
786	1860794
787	1861935
788	1863076
789	1864217
790	1865358
791	1866499
792	1867640
793	1868781
794	-1
795	1869922
796	1871063
797	1872204
798	1873345
799	1874486
800	1875627
801	1876768
802	-1
803	1877909
804	1879050
805	1880191
806	1881332
807	1882473
808	1883614
809	1884755
810	-1
811	1885896
812	1887037
813	1888178
814	1889319
815	1890460
816	1891601
817	1892742
818	-1
819	1893883
820	1895024
821	1896165
822	1897306
823	1898447
824	1899588
825	1900729
826	-1
827	1901870
828	1903011
829	1904152
830	1905293
831	1906434
832	1907575
833	1908716
834	-1
835	1909857
836	1910998
837	1912139
838	1913280
839	1914421
840	1915562
841	1916703
842	-1
843	1917844
844	1918985
845	1920126
846	1921267
847	1922408
848	1923549
849	1924690
850	-1
851	1925831
852	1926972
853	1928113
854	1929254
855	1930395
856	1931536
857	1932677
858	-1
859	1933818
860	1934959
861	1936100
862	1937241
863	1938382
864	1939523
865	1940664
866	-1
867	1941805
868	1942946
869	1944087
870	1945228
871	1946369
872	1947510
873	1948651
874	-1
875	1949792
876	1950933
877	1952074
878	1953215
879	1954356
880	1955497
881	1956638
882	1957779
883	-1
884	1958920
885	1960061
886	1961202
887	1962343
888	1963484
889	1964625
890	1965766
891	-1
892	1966907
893	1968048
894	1969189
895	1970330
896	1971471
897	1972612
898	1973753
899	-1
900	1974894
901	1976035
902	1977176
903	1978317
904	1979458
905	1980599
906	1981740
907	-1
908	1982881
909	1984022
910	1985163
911	1986304
912	1987445
913	1988586
914	1989727
915	-1
916	1990868
917	1992009
918	1993150
919	1994291
920	1995432
921	1996573
922	1997714
923	-1
924	1998855
925	1999996
926	2001137
927	2002278
928	2003419
929	2004560
930	2005701
931	-1
932	2006842
933	2007983
934	2009124
935	2010265
936	2011406
937	2012547
938	2013688
939	-1
940	2014829
941	2015970
942	2017111
943	2018252
944	2019393
945	2020534
946	2021675
947	-1
948	2022816
949	2023957
950	2025098
951	2026239
952	2027380
953	2028521
954	2029662
955	-1
956	2030803
957	2031944
958	2033085
959	2034226
960	2035367
961	2036508
962	2037649
963	-1
964	2038790
965	2039931
966	2041072
967	2042213
968	2043354
969	2044495
970	2045636
971	2046777
972	-1
973	2047918
974	2049059
975	2050200
976	2051341
977	2052482
978	2053623
979	2054764
980	-1
981	2055905
982	2057046
983	2058187
984	2059328
985	2060469
986	2061610
987	2062751
988	-1
989	2063892
990	2065033
991	2066174
992	2067315
993	2068456
994	2069597
995	2070738
996	-1
997	2071879
998	2073020
999	2074161
1000	2075302
1001	2076443
1002	2077584
1003	2078725
1004	-1
1005	2079866
1006	2081007
1007	2082148
1008	2083289
1009	2084430
1010	2085571
1011	2086712
1012	-1
1013	2087853
1014	2088994
1015	2090135
1016	2091276
1017	2092417
1018	2093558
1019	2094699
1020	-1
1021	2095840
1022	2096981
1023	2098122
1024	2099263
1025	2100404
1026	2101545
1027	2102686
1028	-1
1029	2103827
1030	2104968
1031	2106109
1032	2107250
1033	2108391
1034	2109532
1035	2110673
1036	-1
1037	2111814
1038	2112955
1039	2114096
1040	2115237
1041	2116378
1042	2117519
1043	2118660
1044	-1
1045	2119801
1046	2120942
1047	2122083
1048	2123224
1049	2124365
1050	2125506
1051	2126647
1052	-1
1053	2127788
1054	2128929
1055	2130070
1056	2131211
1057	2132352
1058	2133493
1059	2134634
1060	2135775
1061	-1
1062	2136916
1063	2138057
1064	2139198
1065	2140339
1066	2141480
1067	2142621
1068	2143762
1069	-1
1070	2144903
1071	2146044
1072	2147185
1073	2148326
1074	2149467
1075	2150608
1076	2151749
1077	-1
1078	2152890
1079	2154031
1080	2155172
1081	2156313
1082	2157454
1083	2158595
1084	2159736
1085	-1
1086	2160877
1087	2162018
1088	2163159
1089	2164300
1090	2165441
1091	2166582
1092	2167723
1093	-1
1094	2168864
1095	2170005
1096	2171146
1097	2172287
1098	2173428
1099	2174569
1100	2175710
1101	-1
1102	2176851
1103	2177992
1104	2179133
1105	2180274
1106	2181415
1107	2182556
1108	2183697
1109	-1
1110	2184838
1111	2185979
1112	2187120
1113	2188261
1114	2189402
1115	2190543
1116	2191684
1117	-1
1118	2192825
1119	2193966
1120	2195107
1121	2196248
1122	2197389
1123	2198530
1124	2199671
1125	-1
1126	2200812
1127	2201953
1128	2203094
1129	2204235
1130	2205376
1131	2206517
1132	2207658
1133	-1
1134	2208799
1135	2209940
1136	2211081
1137	2212222
1138	2213363
1139	2214504
1140	2215645
1141	-1
1142	2216786
1143	2217927
1144	2219068
1145	2220209
1146	2221350
1147	2222491
1148	2223632
1149	2224773
1150	-1
1151	2225914
1152	2227055
1153	2228196
1154	2229337
1155	2230478
1156	2231619
1157	2232760
1158	-1
1159	2233901
1160	2235042
1161	2236183
1162	2237324
1163	2238465
1164	2239606
1165	2240747
1166	-1
1167	2241888
1168	2243029
1169	2244170
1170	2245311
1171	2246452
1172	2247593
1173	2248734
1174	-1
1175	2249875
1176	2251016
1177	2252157
1178	2253298
1179	2254439
1180	2255580
1181	2256721
1182	-1
1183	2257862
1184	2259003
1185	2260144
1186	2261285
1187	2262426
1188	2263567
1189	2264708
1190	-1
1191	2265849
1192	2266990
1193	2268131
1194	2269272
1195	2270413
1196	2271554
1197	2272695
1198	-1
1199	2273836
1200	2274977
1201	2276118
1202	2277259
1203	2278400
1204	2279541
1205	2280682
1206	-1
1207	2281823
1208	2282964
1209	2284105
1210	2285246
1211	2286387
1212	2287528
1213	2288669
1214	-1
1215	2289810
1216	2290951
1217	2292092
1218	2293233
1219	2294374
1220	2295515
1221	2296656
1222	-1
1223	2297797
1224	2298938
1225	2300079
1226	2301220
1227	2302361
1228	2303502
1229	2304643
1230	-1
1231	2305784
1232	2306925
1233	2308066
1234	2309207
1235	2310348
1236	2311489
1237	2312630
1238	2313771
1239	-1
1240	2314912
1241	2316053
1242	2317194
1243	2318335
1244	2319476
1245	2320617
1246	2321758
1247	-1
1248	2322899
1249	2324040
1250	2325181
1251	2326322
1252	2327463
1253	2328604
1254	2329745
1255	-1
1256	2330886
1257	2332027
1258	2333168
1259	2334309
1260	2335450
1261	2336591
1262	2337732
1263	-1
1264	2338873
1265	2340014
1266	2341155
1267	2342296
1268	2343437
1269	2344578
1270	2345719
1271	-1
1272	2346860
1273	2348001
1274	2349142
1275	2350283
1276	2351424
1277	2352565
1278	2353706
1279	-1
1280	2354847
1281	2355988
1282	2357129
1283	2358270
1284	2359411
1285	2360552
1286	2361693
1287	-1
1288	2362834
1289	2363975
1290	2365116
1291	2366257
1292	2367398
1293	2368539
1294	2369680
1295	-1
1296	2370821
1297	2371962
1298	2373103
1299	2374244
1300	2375385
1301	2376526
1302	2377667
1303	-1
1304	2378808
1305	2379949
1306	2381090
1307	2382231
1308	2383372
1309	2384513
1310	2385654
1311	-1
1312	2386795
1313	2387936
1314	2389077
1315	2390218
1316	2391359
1317	2392500
1318	2393641
1319	-1
1320	2394782
1321	2395923
1322	2397064
1323	2398205
1324	2399346
1325	2400487
1326	2401628
1327	2402769
1328	-1
1329	2403910
1330	2405051
1331	2406192
1332	2407333
1333	2408474
1334	2409615
1335	2410756
1336	-1
1337	2411897
1338	2413038
1339	2414179
1340	2415320
1341	2416461
1342	2417602
1343	2418743
1344	-1
1345	2419884
1346	2421025
1347	2422166
1348	2423307
1349	2424448
1350	2425589
1351	2426730
1352	-1
1353	2427871
1354	2429012
1355	2430153
1356	2431294
1357	2432435
1358	2433576
1359	2434717
1360	-1
1361	2435858
1362	2436999
1363	2438140
1364	2439281
1365	2440422
1366	2441563
1367	2442704
1368	-1
1369	2443845
1370	2444986
1371	2446127
1372	2447268
1373	2448409
1374	2449550
1375	2450691
1376	-1
1377	2451832
1378	2452973
1379	2454114
1380	2455255
1381	2456396
1382	2457537
1383	2458678
1384	-1
1385	2459819
1386	2460960
1387	2462101
1388	2463242
1389	2464383
1390	2465524
1391	2466665
1392	-1
1393	2467806
1394	2468947
1395	2470088
1396	2471229
1397	2472370
1398	2473511
1399	2474652
1400	-1
1401	2475793
1402	2476934
1403	2478075
1404	2479216
1405	2480357
1406	2481498
1407	2482639
1408	2483780
1409	-1
1410	2484921
1411	2486062
1412	2487203
1413	2488344
1414	2489485
1415	2490626
1416	2491767
1417	-1
1418	2492908
1419	2494049
1420	2495190
1421	2496331
1422	2497472
1423	2498613
1424	2499754
1425	-1
1426	2500895
1427	2502036
1428	2503177
1429	2504318
1430	2505459
1431	2506600
1432	2507741
1433	-1
1434	2508882
1435	2510023
1436	2511164
1437	2512305
1438	2513446
1439	2514587
1440	2515728
1441	-1
1442	2516869
1443	2518010
1444	2519151
1445	2520292
1446	2521433
1447	2522574
1448	2523715
1449	-1
1450	2524856
1451	2525997
1452	2527138
1453	2528279
1454	2529420
1455	2530561
1456	2531702
1457	-1
1458	2532843
1459	2533984
1460	2535125
1461	2536266
1462	2537407
1463	2538548
1464	2539689
1465	-1
1466	2540830
1467	2541971
1468	2543112
1469	2544253
1470	2545394
1471	2546535
1472	2547676
1473	-1
1474	2548817
1475	2549958
1476	2551099
1477	2552240
1478	2553381
1479	2554522
1480	2555663
1481	-1
1482	2556804
1483	2557945
1484	2559086
1485	2560227
1486	2561368
1487	2562509
1488	2563650
1489	-1
1490	2564791
1491	2565932
1492	2567073
1493	2568214
1494	2569355
1495	2570496
1496	2571637
1497	2572778
1498	-1
1499	2573919
1500	2575060
1501	2576201
1502	2577342
1503	2578483
1504	2579624
1505	2580765
1506	-1
1507	2581906
1508	2583047
1509	2584188
1510	2585329
1511	2586470
1512	2587611
1513	2588752
1514	-1
1515	2589893
1516	2591034
1517	2592175
1518	2593316
1519	2594457
1520	2595598
1521	2596739
1522	-1
1523	2597880
1524	2599021
1525	2600162
1526	2601303
1527	2602444
1528	2603585
1529	2604726
1530	-1
1531	2605867
1532	2607008
1533	2608149
1534	2609290
1535	2610431
1536	2611572
1537	2612713
1538	-1
1539	2613854
1540	2614995
1541	2616136
1542	2617277
1543	2618418
1544	2619559
1545	2620700
1546	-1
1547	2621841
1548	2622982
1549	2624123
1550	2625264
1551	2626405
1552	2627546
1553	2628687
1554	-1
1555	2629828
1556	2630969
1557	2632110
1558	2633251
1559	2634392
1560	2635533
1561	2636674
1562	-1
1563	2637815
1564	2638956
1565	2640097
1566	2641238
1567	2642379
1568	2643520
1569	2644661
1570	-1
1571	2645802
1572	2646943
1573	2648084
1574	2649225
1575	2650366
1576	2651507
1577	2652648
1578	-1
1579	2653789
1580	2654930
1581	2656071
1582	2657212
1583	2658353
1584	2659494
1585	2660635
1586	2661776
1587	-1
1588	2662917
1589	2664058
1590	2665199
1591	2666340
1592	2667481
1593	2668622
1594	2669763
1595	-1
1596	2670904
1597	2672045
1598	2673186
1599	2674327
1600	2675468
1601	2676609
1602	2677750
1603	-1
1604	2678891
1605	2680032
1606	2681173
1607	2682314
1608	2683455
1609	2684596
1610	2685737
1611	-1
1612	2686878
1613	2688019
1614	2689160
1615	2690301
1616	2691442
1617	2692583
1618	2693724
1619	-1
1620	2694865
1621	2696006
1622	2697147
1623	2698288
1624	2699429
1625	2700570
1626	2701711
1627	-1
1628	2702852
1629	2703993
1630	2705134
1631	2706275
1632	2707416
1633	2708557
1634	2709698
1635	-1
1636	2710839
1637	2711980
1638	2713121
1639	2714262
1640	2715403
1641	2716544
1642	2717685
1643	-1
1644	2718826
1645	2719967
1646	2721108
1647	2722249
1648	2723390
1649	2724531
1650	2725672
1651	-1
1652	2726813
1653	2727954
1654	2729095
1655	2730236
1656	2731377
1657	2732518
1658	2733659
1659	-1
1660	2734800
1661	2735941
1662	2737082
1663	2738223
1664	2739364
1665	2740505
1666	2741646
1667	-1
1668	2742787
1669	2743928
1670	2745069
1671	2746210
1672	2747351
1673	2748492
1674	2749633
1675	2750774
1676	-1
1677	2751915
1678	2753056
1679	2754197
1680	2755338
1681	2756479
1682	2757620
1683	2758761
1684	-1
1685	2759902
1686	2761043
1687	2762184
1688	2763325
1689	2764466
1690	2765607
1691	2766748
1692	-1
1693	2767889
1694	2769030
1695	2770171
1696	2771312
1697	2772453
1698	2773594
1699	2774735
1700	-1
1701	2775876
1702	2777017
1703	2778158
1704	2779299
1705	2780440
1706	2781581
1707	2782722
1708	-1
1709	2783863
1710	2785004
1711	2786145
1712	2787286
1713	2788427
1714	2789568
1715	2790709
1716	-1
1717	2791850
1718	2792991
1719	2794132
1720	2795273
1721	2796414
1722	2797555
1723	2798696
1724	-1
1725	2799837
1726	2800978
1727	2802119
1728	2803260
1729	2804401
1730	2805542
1731	2806683
1732	-1
1733	2807824
1734	2808965
1735	2810106
1736	2811247
1737	2812388
1738	2813529
1739	2814670
1740	-1
1741	2815811
1742	2816952
1743	2818093
1744	2819234
1745	2820375
1746	2821516
1747	2822657
1748	-1
1749	2823798
1750	2824939
1751	2826080
1752	2827221
1753	2828362
1754	2829503
1755	2830644
1756	-1
1757	2831785
1758	2832926
1759	2834067
1760	2835208
1761	2836349
1762	2837490
1763	2838631
1764	2839772
1765	-1
1766	2840913
1767	2842054
1768	2843195
1769	2844336
1770	2845477
1771	2846618
1772	2847759
1773	-1
1774	2848900
1775	2850041
1776	2851182
1777	2852323
1778	2853464
1779	2854605
1780	2855746
1781	-1
1782	2856887
1783	2858028
1784	2859169
1785	2860310
1786	2861451
1787	2862592
1788	2863733
1789	-1
1790	2864874
1791	2866015
1792	2867156
1793	2868297
1794	2869438
1795	2870579
1796	2871720
1797	-1
1798	2872861
1799	2874002
1800	2875143
1801	2876284
1802	2877425
1803	2878566
1804	2879707
1805	-1
1806	2880848
1807	2881989
1808	2883130
1809	2884271
1810	2885412
1811	2886553
1812	2887694
1813	-1
1814	2888835
1815	2889976
1816	2891117
1817	2892258
1818	2893399
1819	2894540
1820	2895681
1821	-1
1822	2896822
1823	2897963
1824	2899104
1825	2900245
1826	2901386
1827	2902527
1828	2903668
1829	-1
1830	2904809
1831	2905950
1832	2907091
1833	2908232
1834	2909373
1835	2910514
1836	2911655
1837	-1
1838	2912796
1839	2913937
1840	2915078
1841	2916219
1842	2917360
1843	2918501
1844	2919642
1845	-1
1846	2920783
1847	2921924
1848	2923065
1849	2924206
1850	2925347
1851	2926488
1852	2927629
1853	2928770
1854	-1
1855	2929911
1856	2931052
1857	2932193
1858	2933334
1859	2934475
1860	2935616
1861	2936757
1862	-1
1863	2937898
1864	2939039
1865	2940180
1866	2941321
1867	2942462
1868	2943603
1869	2944744
1870	-1
1871	2945885
1872	2947026
1873	2948167
1874	2949308
1875	2950449
1876	2951590
1877	2952731
1878	-1
1879	2953872
1880	2955013
1881	2956154
1882	2957295
1883	2958436
1884	2959577
1885	2960718
1886	-1
1887	2961859
1888	2963000
1889	2964141
1890	2965282
1891	2966423
1892	2967564
1893	2968705
1894	-1
1895	2969846
1896	2970987
1897	2972128
1898	2973269
1899	2974410
1900	2975551
1901	2976692
1902	-1
1903	2977833
1904	2978974
1905	2980115
1906	2981256
1907	2982397
1908	2983538
1909	2984679
1910	-1
1911	2985820
1912	2986961
1913	2988102
1914	2989243
1915	2990384
1916	2991525
1917	2992666
1918	-1
1919	2993807
1920	2994948
1921	2996089
1922	2997230
1923	2998371
1924	2999512
1925	3000653
1926	-1
1927	3001794
1928	3002935
1929	3004076
1930	3005217
1931	3006358
1932	3007499
1933	3008640
1934	3009781
1935	-1
1936	3010922
1937	3012063
1938	3013204
1939	3014345
1940	3015486
1941	3016627
1942	3017768
1943	-1
1944	3018909
1945	3020050
1946	3021191
1947	3022332
1948	3023473
1949	3024614
1950	3025755
1951	-1
1952	3026896
1953	3028037
1954	3029178
1955	3030319
1956	3031460
1957	3032601
1958	3033742
1959	-1
1960	3034883
1961	3036024
1962	3037165
1963	3038306
1964	3039447
1965	3040588
1966	3041729
1967	-1
1968	3042870
1969	3044011
1970	3045152
1971	3046293
1972	3047434
1973	3048575
1974	3049716
1975	-1
1976	3050857
1977	3051998
1978	3053139
1979	3054280
1980	3055421
1981	3056562
1982	3057703
1983	-1
1984	3058844
1985	3059985
1986	3061126
1987	3062267
1988	3063408
1989	3064549
1990	3065690
1991	-1
1992	3066831
1993	3067972
1994	3069113
1995	3070254
1996	3071395
1997	3072536
1998	3073677
1999	-1
2000	3074818
2001	3075959
2002	3077100
2003	3078241
2004	3079382
2005	3080523
2006	3081664
2007	-1
2008	3082805
2009	3083946
2010	3085087
2011	3086228
2012	3087369
2013	3088510
2014	3089651
2015	-1
2016	3090792
2017	3091933
2018	3093074
2019	3094215
2020	3095356
2021	3096497
2022	3097638
2023	3098779
2024	-1
2025	3099920
2026	3101061
2027	3102202
2028	3103343
2029	3104484
2030	3105625
2031	3106766
2032	-1
2033	3107907
2034	3109048
2035	3110189
2036	3111330
2037	3112471
2038	3113612
2039	3114753
2040	-1
2041	3115894
2042	3117035
2043	3118176
2044	3119317
2045	3120458
2046	3121599
2047	3122740
2048	-1
2049	3123881
2050	3125022
2051	3126163
2052	3127304
2053	3128445
2054	3129586
2055	3130727
2056	-1
2057	3131868
2058	3133009
2059	3134150
2060	3135291
2061	3136432
2062	3137573
2063	3138714
2064	-1
2065	3139855
2066	3140996
2067	3142137
2068	3143278
2069	3144419
2070	3145560
2071	3146701
2072	-1
2073	3147842
2074	3148983
2075	3150124
2076	3151265
2077	3152406
2078	3153547
2079	3154688
2080	-1
2081	3155829
2082	3156970
2083	3158111
2084	3159252
2085	3160393
2086	3161534
2087	3162675
2088	-1
2089	3163816
2090	3164957
2091	3166098
2092	3167239
2093	3168380
2094	3169521
2095	3170662
2096	-1
2097	3171803
2098	3172944
2099	3174085
2100	3175226
2101	3176367
2102	3177508
2103	3178649
2104	-1
2105	3179790
2106	3180931
2107	3182072
2108	3183213
2109	3184354
2110	3185495
2111	3186636
2112	3187777
2113	-1
2114	3188918
2115	3190059
2116	3191200
2117	3192341
2118	3193482
2119	3194623
2120	3195764
2121	-1
2122	3196905
2123	3198046
2124	3199187
2125	3200328
2126	3201469
2127	3202610
2128	3203751
2129	-1
2130	3204892
2131	3206033
2132	3207174
2133	3208315
2134	3209456
2135	3210597
2136	3211738
2137	-1
2138	3212879
2139	3214020
2140	3215161
2141	3216302
2142	3217443
2143	3218584
2144	3219725
2145	-1
2146	3220866
2147	3222007
2148	3223148
2149	3224289
2150	3225430
2151	3226571
2152	3227712
2153	-1
2154	3228853
2155	3229994
2156	3231135
2157	3232276
2158	3233417
2159	3234558
2160	3235699
2161	-1
2162	3236840
2163	3237981
2164	3239122
2165	3240263
2166	3241404
2167	3242545
2168	3243686
2169	-1
2170	3244827
2171	3245968
2172	3247109
2173	3248250
2174	3249391
2175	3250532
2176	3251673
2177	-1
2178	3252814
2179	3253955
2180	3255096
2181	3256237
2182	3257378
2183	3258519
2184	3259660
2185	-1
2186	3260801
2187	3261942
2188	3263083
2189	3264224
2190	3265365
2191	3266506
2192	3267647
2193	-1
2194	3268788
2195	3269929
2196	3271070
2197	3272211
2198	3273352
2199	3274493
2200	3275634
2201	3276775
2202	-1
2203	3277916
2204	3279057
2205	3280198
2206	3281339
2207	3282480
2208	3283621
2209	3284762
2210	-1
2211	3285903
2212	3287044
2213	3288185
2214	3289326
2215	3290467
2216	3291608
2217	3292749
2218	-1
2219	3293890
2220	3295031
2221	3296172
2222	3297313
2223	3298454
2224	3299595
2225	3300736
2226	-1
2227	3301877
2228	3303018
2229	3304159
2230	3305300
2231	3306441
2232	3307582
2233	3308723
2234	-1
2235	3309864
2236	3311005
2237	3312146
2238	3313287
2239	3314428
2240	3315569
2241	3316710
2242	-1
2243	3317851
2244	3318992
2245	3320133
2246	3321274
2247	3322415
2248	3323556
2249	3324697
2250	-1
2251	3325838
2252	3326979
2253	3328120
2254	3329261
2255	3330402
2256	3331543
2257	3332684
2258	-1
2259	3333825
2260	3334966
2261	3336107
2262	3337248
2263	3338389
2264	3339530
2265	3340671
2266	-1
2267	3341812
2268	3342953
2269	3344094
2270	3345235
2271	3346376
2272	3347517
2273	3348658
2274	-1
2275	3349799
2276	3350940
2277	3352081
2278	3353222
2279	3354363
2280	3355504
2281	3356645
2282	-1
2283	3357786
2284	3358927
2285	3360068
2286	3361209
2287	3362350
2288	3363491
2289	3364632
2290	3365773
2291	-1
2292	3366914
2293	3368055
2294	3369196
2295	3370337
2296	3371478
2297	3372619
2298	3373760
2299	-1
2300	3374901
2301	3376042
2302	3377183
2303	3378324
2304	3379465
2305	3380606
2306	3381747
2307	-1
2308	3382888
2309	3384029
2310	3385170
2311	3386311
2312	3387452
2313	3388593
2314	3389734
2315	-1
2316	3390875
2317	3392016
2318	3393157
2319	3394298
2320	3395439
2321	3396580
2322	3397721
2323	-1
2324	3398862
2325	3400003
2326	3401144
2327	3402285
2328	3403426
2329	3404567
2330	3405708
2331	-1
2332	3406849
2333	3407990
2334	3409131
2335	3410272
2336	3411413
2337	3412554
2338	3413695
2339	-1
2340	3414836
2341	3415977
2342	3417118
2343	3418259
2344	3419400
2345	3420541
2346	3421682
2347	-1
2348	3422823
2349	3423964
2350	3425105
2351	3426246
2352	3427387
2353	3428528
2354	3429669
2355	-1
2356	3430810
2357	3431951
2358	3433092
2359	3434233
2360	3435374
2361	3436515
2362	3437656
2363	-1
2364	3438797
2365	3439938
2366	3441079
2367	3442220
2368	3443361
2369	3444502
2370	3445643
2371	-1
2372	3446784
2373	3447925
2374	3449066
2375	3450207
2376	3451348
2377	3452489
2378	3453630
2379	3454771
2380	-1
2381	3455912
2382	3457053
2383	3458194
2384	3459335
2385	3460476
2386	3461617
2387	3462758
2388	-1
2389	3463899
2390	3465040
2391	3466181
2392	3467322
2393	3468463
2394	3469604
2395	3470745
2396	-1
2397	3471886
2398	3473027
2399	3474168
2400	3475309
2401	3476450
2402	3477591
2403	3478732
2404	-1
2405	3479873
2406	3481014
2407	3482155
2408	3483296
2409	3484437
2410	3485578
2411	3486719
2412	-1
2413	3487860
2414	3489001
2415	3490142
2416	3491283
2417	3492424
2418	3493565
2419	3494706
2420	-1
2421	3495847
2422	3496988
2423	3498129
2424	3499270
2425	3500411
2426	3501552
2427	3502693
2428	-1
2429	3503834
2430	3504975
2431	3506116
2432	3507257
2433	3508398
2434	3509539
2435	3510680
2436	-1
2437	3511821
2438	3512962
2439	3514103
2440	3515244
2441	3516385
2442	3517526
2443	3518667
2444	-1
2445	3519808
2446	3520949
2447	3522090
2448	3523231
2449	3524372
2450	3525513
2451	3526654
2452	-1
2453	3527795
2454	3528936
2455	3530077
2456	3531218
2457	3532359
2458	3533500
2459	3534641
2460	-1
2461	3535782
2462	3536923
2463	3538064
2464	3539205
2465	3540346
2466	3541487
2467	3542628
2468	3543769
2469	-1
2470	3544910
2471	3546051
2472	3547192
2473	3548333
2474	3549474
2475	3550615
2476	3551756
2477	-1
2478	3552897
2479	3554038
2480	3555179
2481	3556320
2482	3557461
2483	3558602
2484	3559743
2485	-1
2486	3560884
2487	3562025
2488	3563166
2489	3564307
2490	3565448
2491	3566589
2492	3567730
2493	-1
2494	3568871
2495	3570012
2496	3571153
2497	3572294
2498	3573435
2499	3574576
2500	3575717
2501	-1
2502	3576858
2503	3577999
2504	3579140
2505	3580281
2506	3581422
2507	3582563
2508	3583704
2509	-1
2510	3584845
2511	3585986
2512	3587127
2513	3588268
2514	3589409
2515	3590550
2516	3591691
2517	-1
2518	3592832
2519	3593973
2520	3595114
2521	3596255
2522	3597396
2523	3598537
2524	3599678
2525	-1
2526	3600819
2527	3601960
2528	3603101
2529	3604242
2530	3605383
2531	3606524
2532	3607665
2533	-1
2534	3608806
2535	3609947
2536	3611088
2537	3612229
2538	3613370
2539	3614511
2540	3615652
2541	-1
2542	3616793
2543	3617934
2544	3619075
2545	3620216
2546	3621357
2547	3622498
2548	3623639
2549	3624780
2550	-1
2551	3625921
2552	3627062
2553	3628203
2554	3629344
2555	3630485
2556	3631626
2557	3632767
2558	-1
2559	3633908
2560	3635049
2561	3636190
2562	3637331
2563	3638472
2564	3639613
2565	3640754
2566	-1
2567	3641895
2568	3643036
2569	3644177
2570	3645318
2571	3646459
2572	3647600
2573	3648741
2574	-1
2575	3649882
2576	3651023
2577	3652164
2578	3653305
2579	3654446
2580	3655587
2581	3656728
2582	-1
2583	3657869
2584	3659010
2585	3660151
2586	3661292
2587	3662433
2588	3663574
2589	3664715
2590	-1
2591	3665856
2592	3666997
2593	3668138
2594	3669279
2595	3670420
2596	3671561
2597	3672702
2598	-1
2599	3673843
2600	3674984
2601	3676125
2602	3677266
2603	3678407
2604	3679548
2605	3680689
2606	-1
2607	3681830
2608	3682971
2609	3684112
2610	3685253
2611	3686394
2612	3687535
2613	3688676
2614	-1
2615	3689817
2616	3690958
2617	3692099
2618	3693240
2619	3694381
2620	3695522
2621	3696663
2622	-1
2623	3697804
2624	3698945
2625	3700086
2626	3701227
2627	3702368
2628	3703509
2629	3704650
2630	-1
2631	3705791
2632	3706932
2633	3708073
2634	3709214
2635	3710355
2636	3711496
2637	3712637
2638	3713778
2639	-1
2640	3714919
2641	3716060
2642	3717201
2643	3718342
2644	3719483
2645	3720624
2646	3721765
2647	-1
2648	3722906
2649	3724047
2650	3725188
2651	3726329
2652	3727470
2653	3728611
2654	3729752
2655	-1
2656	3730893
2657	3732034
2658	3733175
2659	3734316
2660	3735457
2661	3736598
2662	3737739
2663	-1
2664	3738880
2665	3740021
2666	3741162
2667	3742303
2668	3743444
2669	3744585
2670	3745726
2671	-1
2672	3746867
2673	3748008
2674	3749149
2675	3750290
2676	3751431
2677	3752572
2678	3753713
2679	-1
2680	3754854
2681	3755995
2682	3757136
2683	3758277
2684	3759418
2685	3760559
2686	3761700
2687	-1
2688	3762841
2689	3763982
2690	3765123
2691	3766264
2692	3767405
2693	3768546
2694	3769687
2695	-1
2696	3770828
2697	3771969
2698	3773110
2699	3774251
2700	3775392
2701	3776533
2702	3777674
2703	-1
2704	3778815
2705	3779956
2706	3781097
2707	3782238
2708	3783379
2709	3784520
2710	3785661
2711	-1
2712	3786802
2713	3787943
2714	3789084
2715	3790225
2716	3791366
2717	3792507
2718	3793648
2719	-1
2720	3794789
2721	3795930
2722	3797071
2723	3798212
2724	3799353
2725	3800494
2726	3801635
2727	3802776
2728	-1
2729	3803917
2730	3805058
2731	3806199
2732	3807340
2733	3808481
2734	3809622
2735	3810763
2736	-1
2737	3811904
2738	3813045
2739	3814186
2740	3815327
2741	3816468
2742	3817609
2743	3818750
2744	-1
2745	3819891
2746	3821032
2747	3822173
2748	3823314
2749	3824455
2750	3825596
2751	3826737
2752	-1
2753	3827878
2754	3829019
2755	3830160
2756	3831301
2757	3832442
2758	3833583
2759	3834724
2760	-1
2761	3835865
2762	3837006
2763	3838147
2764	3839288
2765	3840429
2766	3841570
2767	3842711
2768	-1
2769	3843852
2770	3844993
2771	3846134
2772	3847275
2773	3848416
2774	3849557
2775	3850698
2776	-1
2777	3851839
2778	3852980
2779	3854121
2780	3855262
2781	3856403
2782	3857544
2783	3858685
2784	-1
2785	3859826
2786	3860967
2787	3862108
2788	3863249
2789	3864390
2790	3865531
2791	3866672
2792	-1
2793	3867813
2794	3868954
2795	3870095
2796	3871236
2797	3872377
2798	3873518
2799	3874659
2800	-1
2801	3875800
2802	3876941
2803	3878082
2804	3879223
2805	3880364
2806	3881505
2807	3882646
2808	-1
2809	3883787
2810	3884928
2811	3886069
2812	3887210
2813	3888351
2814	3889492
2815	3890633
2816	3891774
2817	-1
2818	3892915
2819	3894056
2820	3895197
2821	3896338
2822	3897479
2823	3898620
2824	3899761
2825	-1
2826	3900902
2827	3902043
2828	3903184
2829	3904325
2830	3905466
2831	3906607
2832	3907748
2833	-1
2834	3908889
2835	3910030
2836	3911171
2837	3912312
2838	3913453
2839	3914594
2840	3915735
2841	-1
2842	3916876
2843	3918017
2844	3919158
2845	3920299
2846	3921440
2847	3922581
2848	3923722
2849	-1
2850	3924863
2851	3926004
2852	3927145
2853	3928286
2854	3929427
2855	3930568
2856	3931709
2857	-1
2858	3932850
2859	3933991
2860	3935132
2861	3936273
2862	3937414
2863	3938555
2864	3939696
2865	-1
2866	3940837
2867	3941978
2868	3943119
2869	3944260
2870	3945401
2871	3946542
2872	3947683
2873	-1
2874	3948824
2875	3949965
2876	3951106
2877	3952247
2878	3953388
2879	3954529
2880	3955670
2881	-1
2882	3956811
2883	3957952
2884	3959093
2885	3960234
2886	3961375
2887	3962516
2888	3963657
2889	-1
2890	3964798
2891	3965939
2892	3967080
2893	3968221
2894	3969362
2895	3970503
2896	3971644
2897	-1
2898	3972785
2899	3973926
2900	3975067
2901	3976208
2902	3977349
2903	3978490
2904	3979631
2905	3980772
2906	-1
2907	3981913
2908	3983054
2909	3984195
2910	3985336
2911	3986477
2912	3987618
2913	3988759
2914	-1
2915	3989900
2916	3991041
2917	3992182
2918	3993323
2919	3994464
2920	3995605
2921	3996746
2922	-1
2923	3997887
2924	3999028
2925	4000169
2926	4001310
2927	4002451
2928	4003592
2929	4004733
2930	-1
2931	4005874
2932	4007015
2933	4008156
2934	4009297
2935	4010438
2936	4011579
2937	4012720
2938	-1
2939	4013861
2940	4015002
2941	4016143
2942	4017284
2943	4018425
2944	4019566
2945	4020707
2946	-1
2947	4021848
2948	4022989
2949	4024130
2950	4025271
2951	4026412
2952	4027553
2953	4028694
2954	-1
2955	4029835
2956	4030976
2957	4032117
2958	4033258
2959	4034399
2960	4035540
2961	4036681
2962	-1
2963	4037822
2964	4038963
2965	4040104
2966	4041245
2967	4042386
2968	4043527
2969	4044668
2970	-1
2971	4045809
2972	4046950
2973	4048091
2974	4049232
2975	4050373
2976	4051514
2977	4052655
2978	-1
2979	4053796
2980	4054937
2981	4056078
2982	4057219
2983	4058360
2984	4059501
2985	4060642
2986	-1
2987	4061783
2988	4062924
2989	4064065
2990	4065206
2991	4066347
2992	4067488
2993	4068629
2994	4069770
2995	-1
2996	4070911
2997	4072052
2998	4073193
2999	4074334
3000	4075475
3001	4076616
3002	4077757
3003	-1
3004	4078898
3005	4080039
3006	4081180
3007	4082321
3008	4083462
3009	4084603
3010	4085744
3011	-1
3012	4086885
3013	4088026
3014	4089167
3015	4090308
3016	4091449
3017	4092590
3018	4093731
3019	-1
3020	4094872
3021	4096013
3022	4097154
3023	4098295
3024	4099436
3025	4100577
3026	4101718
3027	-1
3028	4102859
3029	4104000
3030	4105141
3031	4106282
3032	4107423
3033	4108564
3034	4109705
3035	-1
3036	4110846
3037	4111987
3038	4113128
3039	4114269
3040	4115410
3041	4116551
3042	4117692
3043	-1
3044	4118833
3045	4119974
3046	4121115
3047	4122256
3048	4123397
3049	4124538
3050	4125679
3051	-1
3052	4126820
3053	4127961
3054	4129102
3055	4130243
3056	4131384
3057	4132525
3058	4133666
3059	-1
3060	4134807
3061	4135948
3062	4137089
3063	4138230
3064	4139371
3065	4140512
3066	4141653
3067	-1
3068	4142794
3069	4143935
3070	4145076
3071	4146217
3072	4147358
3073	4148499
3074	4149640
3075	4150781
3076	-1
3077	4151922
3078	4153063
3079	4154204
3080	4155345
3081	4156486
3082	4157627
3083	4158768
3084	-1
3085	4159909
3086	4161050
3087	4162191
3088	4163332
3089	4164473
3090	4165614
3091	4166755
3092	-1
3093	4167896
3094	4169037
3095	4170178
3096	4171319
3097	4172460
3098	4173601
3099	4174742
3100	-1
3101	4175883
3102	4177024
3103	4178165
3104	4179306
3105	4180447
3106	4181588
3107	4182729
3108	-1
3109	4183870
3110	4185011
3111	4186152
3112	4187293
3113	4188434
3114	4189575
3115	4190716
3116	-1
3117	4191857
3118	4192998
3119	4194139
3120	4195280
3121	4196421
3122	4197562
3123	4198703
3124	-1
3125	4199844
3126	4200985
3127	4202126
3128	4203267
3129	4204408
3130	4205549
3131	4206690
3132	-1
3133	4207831
3134	4208972
3135	4210113
3136	4211254
3137	4212395
3138	4213536
3139	4214677
3140	-1
3141	4215818
3142	4216959
3143	4218100
3144	4219241
3145	4220382
3146	4221523
3147	4222664
3148	-1
3149	4223805
3150	4224946
3151	4226087
3152	4227228
3153	4228369
3154	4229510
3155	4230651
3156	-1
3157	4231792
3158	4232933
3159	4234074
3160	4235215
3161	4236356
3162	4237497
3163	4238638
3164	4239779
3165	-1
3166	4240920
3167	4242061
3168	4243202
3169	4244343
3170	4245484
3171	4246625
3172	4247766
3173	-1
3174	4248907
3175	4250048
3176	4251189
3177	4252330
3178	4253471
3179	4254612
3180	4255753
3181	-1
3182	4256894
3183	4258035
3184	4259176
3185	4260317
3186	4261458
3187	4262599
3188	4263740
3189	-1
3190	4264881
3191	4266022
3192	4267163
3193	4268304
3194	4269445
3195	4270586
3196	4271727
3197	-1
3198	4272868
3199	4274009
3200	4275150
3201	4276291
3202	4277432
3203	4278573
3204	4279714
3205	-1
3206	4280855
3207	4281996
3208	4283137
3209	4284278
3210	4285419
3211	4286560
3212	4287701
3213	-1
3214	4288842
3215	4289983
3216	4291124
3217	4292265
3218	4293406
3219	4294547
3220	4295688
3221	-1
3222	4296829
3223	4297970
3224	4299111
3225	4300252
3226	4301393
3227	4302534
3228	4303675
3229	-1
3230	4304816
3231	4305957
3232	4307098
3233	4308239
3234	4309380
3235	4310521
3236	4311662
3237	-1
3238	4312803
3239	4313944
3240	4315085
3241	4316226
3242	4317367
3243	4318508
3244	4319649
3245	-1
3246	4320790
3247	4321931
3248	4323072
3249	4324213
3250	4325354
3251	4326495
3252	4327636
3253	4328777
3254	-1
3255	4329918
3256	4331059
3257	4332200
3258	4333341
3259	4334482
3260	4335623
3261	4336764
3262	-1
3263	4337905
3264	4339046
3265	4340187
3266	4341328
3267	4342469
3268	4343610
3269	4344751
3270	-1
3271	4345892
3272	4347033
3273	4348174
3274	4349315
3275	4350456
3276	4351597
3277	4352738
3278	-1
3279	4353879
3280	4355020
3281	4356161
3282	4357302
3283	4358443
3284	4359584
3285	4360725
3286	-1
3287	4361866
3288	4363007
3289	4364148
3290	4365289
3291	4366430
3292	4367571
3293	4368712
3294	-1
3295	4369853
3296	4370994
3297	4372135
3298	4373276
3299	4374417
3300	4375558
3301	4376699
3302	-1
3303	4377840
3304	4378981
3305	4380122
3306	4381263
3307	4382404
3308	4383545
3309	4384686
3310	-1
3311	4385827
3312	4386968
3313	4388109
3314	4389250
3315	4390391
3316	4391532
3317	4392673
3318	-1
3319	4393814
3320	4394955
3321	4396096
3322	4397237
3323	4398378
3324	4399519
3325	4400660
3326	-1
3327	4401801
3328	4402942
3329	4404083
3330	4405224
3331	4406365
3332	4407506
3333	4408647
3334	-1
3335	4409788
3336	4410929
3337	4412070
3338	4413211
3339	4414352
3340	4415493
3341	4416634
3342	4417775
3343	-1
3344	4418916
3345	4420057
3346	4421198
3347	4422339
3348	4423480
3349	4424621
3350	4425762
3351	-1
3352	4426903
3353	4428044
3354	4429185
3355	4430326
3356	4431467
3357	4432608
3358	4433749
3359	-1
3360	4434890
3361	4436031
3362	4437172
3363	4438313
3364	4439454
3365	4440595
3366	4441736
3367	-1
3368	4442877
3369	4444018
3370	4445159
3371	4446300
3372	4447441
3373	4448582
3374	4449723
3375	-1
3376	4450864
3377	4452005
3378	4453146
3379	4454287
3380	4455428
3381	4456569
3382	4457710
3383	-1
3384	4458851
3385	4459992
3386	4461133
3387	4462274
3388	4463415
3389	4464556
3390	4465697
3391	-1
3392	4466838
3393	4467979
3394	4469120
3395	4470261
3396	4471402
3397	4472543
3398	4473684
3399	-1
3400	4474825
3401	4475966
3402	4477107
3403	4478248
3404	4479389
3405	4480530
3406	4481671
3407	-1
3408	4482812
3409	4483953
3410	4485094
3411	4486235
3412	4487376
3413	4488517
3414	4489658
3415	-1
3416	4490799
3417	4491940
3418	4493081
3419	4494222
3420	4495363
3421	4496504
3422	4497645
3423	-1
3424	4498786
3425	4499927
3426	4501068
3427	4502209
3428	4503350
3429	4504491
3430	4505632
3431	4506773
3432	-1
3433	4507914
3434	4509055
3435	4510196
3436	4511337
3437	4512478
3438	4513619
3439	4514760
3440	-1
3441	4515901
3442	4517042
3443	4518183
3444	4519324
3445	4520465
3446	4521606
3447	4522747
3448	-1
3449	4523888
3450	4525029
3451	4526170
3452	4527311
3453	4528452
3454	4529593
3455	4530734
3456	-1
3457	4531875
3458	4533016
3459	4534157
3460	4535298
3461	4536439
3462	4537580
3463	4538721
3464	-1
3465	4539862
3466	4541003
3467	4542144
3468	4543285
3469	4544426
3470	4545567
3471	4546708
3472	-1
3473	4547849
3474	4548990
3475	4550131
3476	4551272
3477	4552413
3478	4553554
3479	4554695
3480	-1
3481	4555836
3482	4556977
3483	4558118
3484	4559259
3485	4560400
3486	4561541
3487	4562682
3488	-1
3489	4563823
3490	4564964
3491	4566105
3492	4567246
3493	4568387
3494	4569528
3495	4570669
3496	-1
3497	4571810
3498	4572951
3499	4574092
3500	4575233
3501	4576374
3502	4577515
3503	4578656
3504	-1
3505	4579797
3506	4580938
3507	4582079
3508	4583220
3509	4584361
3510	4585502
3511	4586643
3512	-1
3513	4587784
3514	4588925
3515	4590066
3516	4591207
3517	4592348
3518	4593489
3519	4594630
3520	4595771
3521	-1
3522	4596912
3523	4598053
3524	4599194
3525	4600335
3526	4601476
3527	4602617
3528	4603758
3529	-1
3530	4604899
3531	4606040
3532	4607181
3533	4608322
3534	4609463
3535	4610604
3536	4611745
3537	-1
3538	4612886
3539	4614027
3540	4615168
3541	4616309
3542	4617450
3543	4618591
3544	4619732
3545	-1
3546	4620873
3547	4622014
3548	4623155
3549	4624296
3550	4625437
3551	4626578
3552	4627719
3553	-1
3554	4628860
3555	4630001
3556	4631142
3557	4632283
3558	4633424
3559	4634565
3560	4635706
3561	-1
3562	4636847
3563	4637988
3564	4639129
3565	4640270
3566	4641411
3567	4642552
3568	4643693
3569	-1
3570	4644834
3571	4645975
3572	4647116
3573	4648257
3574	4649398
3575	4650539
3576	4651680
3577	-1
3578	4652821
3579	4653962
3580	4655103
3581	4656244
3582	4657385
3583	4658526
3584	4659667
3585	-1
3586	4660808
3587	4661949
3588	4663090
3589	4664231
3590	4665372
3591	4666513
3592	4667654
3593	-1
3594	4668795
3595	4669936
3596	4671077
3597	4672218
3598	4673359
3599	4674500
3600	4675641
3601	-1
3602	4676782
3603	4677923
3604	4679064
3605	4680205
3606	4681346
3607	4682487
3608	4683628
3609	4684769
3610	-1
3611	4685910
3612	4687051
3613	4688192
3614	4689333
3615	4690474
3616	4691615
3617	4692756
3618	-1
3619	4693897
3620	4695038
3621	4696179
3622	4697320
3623	4698461
3624	4699602
3625	4700743
3626	-1
3627	4701884
3628	4703025
3629	4704166
3630	4705307
3631	4706448
3632	4707589
3633	4708730
3634	-1
3635	4709871
3636	4711012
3637	4712153
3638	4713294
3639	4714435
3640	4715576
3641	4716717
3642	-1
3643	4717858
3644	4718999
3645	4720140
3646	4721281
3647	4722422
3648	4723563
3649	4724704
3650	-1
3651	4725845
3652	4726986
3653	4728127
3654	4729268
3655	4730409
3656	4731550
3657	4732691
3658	-1
3659	4733832
3660	4734973
3661	4736114
3662	4737255
3663	4738396
3664	4739537
3665	4740678
3666	-1
3667	4741819
3668	4742960
3669	4744101
3670	4745242
3671	4746383
3672	4747524
3673	4748665
3674	-1
3675	4749806
3676	4750947
3677	4752088
3678	4753229
3679	4754370
3680	4755511
3681	4756652
3682	-1
3683	4757793
3684	4758934
3685	4760075
3686	4761216
3687	4762357
3688	4763498
3689	4764639
3690	4765780
3691	-1
3692	4766921
3693	4768062
3694	4769203
3695	4770344
3696	4771485
3697	4772626
3698	4773767
3699	-1
3700	4774908
3701	4776049
3702	4777190
3703	4778331
3704	4779472
3705	4780613
3706	4781754
3707	-1
3708	4782895
3709	4784036
3710	4785177
3711	4786318
3712	4787459
3713	4788600
3714	4789741
3715	-1
3716	4790882
3717	4792023
3718	4793164
3719	4794305
3720	4795446
3721	4796587
3722	4797728
3723	-1
3724	4798869
3725	4800010
3726	4801151
3727	4802292
3728	4803433
3729	4804574
3730	4805715
3731	-1
3732	4806856
3733	4807997
3734	4809138
3735	4810279
3736	4811420
3737	4812561
3738	4813702
3739	-1
3740	4814843
3741	4815984
3742	4817125
3743	4818266
3744	4819407
3745	4820548
3746	4821689
3747	-1
3748	4822830
3749	4823971
3750	4825112
3751	4826253
3752	4827394
3753	4828535
3754	4829676
3755	-1
3756	4830817
3757	4831958
3758	4833099
3759	4834240
3760	4835381
3761	4836522
3762	4837663
3763	-1
3764	4838804
3765	4839945
3766	4841086
3767	4842227
3768	4843368
3769	4844509
3770	4845650
3771	-1
3772	4846791
3773	4847932
3774	4849073
3775	4850214
3776	4851355
3777	4852496
3778	4853637
3779	4854778
3780	-1
3781	4855919
3782	4857060
3783	4858201
3784	4859342
3785	4860483
3786	4861624
3787	4862765
3788	-1
3789	4863906
3790	4865047
3791	4866188
3792	4867329
3793	4868470
3794	4869611
3795	4870752
3796	-1
3797	4871893
3798	4873034
3799	4874175
3800	4875316
3801	4876457
3802	4877598
3803	4878739
3804	-1
3805	4879880
3806	4881021
3807	4882162
3808	4883303
3809	4884444
3810	4885585
3811	4886726
3812	-1
3813	4887867
3814	4889008
3815	4890149
3816	4891290
3817	4892431
3818	4893572
3819	4894713
3820	-1
3821	4895854
3822	4896995
3823	4898136
3824	4899277
3825	4900418
3826	4901559
3827	4902700
3828	-1
3829	4903841
3830	4904982
3831	4906123
3832	4907264
3833	4908405
3834	4909546
3835	4910687
3836	-1
3837	4911828
3838	4912969
3839	4914110
3840	4915251
3841	4916392
3842	4917533
3843	4918674
3844	-1
3845	4919815
3846	4920956
3847	4922097
3848	4923238
3849	4924379
3850	4925520
3851	4926661
3852	-1
3853	4927802
3854	4928943
3855	4930084
3856	4931225
3857	4932366
3858	4933507
3859	4934648
3860	-1
3861	4935789
3862	4936930
3863	4938071
3864	4939212
3865	4940353
3866	4941494
3867	4942635
3868	4943776
3869	-1
3870	4944917
3871	4946058
3872	4947199
3873	4948340
3874	4949481
3875	4950622
3876	4951763
3877	-1
3878	4952904
3879	4954045
3880	4955186
3881	4956327
3882	4957468
3883	4958609
3884	4959750
3885	-1
3886	4960891
3887	4962032
3888	4963173
3889	4964314
3890	4965455
3891	4966596
3892	4967737
3893	-1
3894	4968878
3895	4970019
3896	4971160
3897	4972301
3898	4973442
3899	4974583
3900	4975724
3901	-1
3902	4976865
3903	4978006
3904	4979147
3905	4980288
3906	4981429
3907	4982570
3908	4983711
3909	-1
3910	4984852
3911	4985993
3912	4987134
3913	4988275
3914	4989416
3915	4990557
3916	4991698
3917	-1
3918	4992839
3919	4993980
3920	4995121
3921	4996262
3922	4997403
3923	4998544
3924	4999685
3925	-1
3926	5000826
3927	5001967
3928	5003108
3929	5004249
3930	5005390
3931	5006531
3932	5007672
3933	-1
3934	5008813
3935	5009954
3936	5011095
3937	5012236
3938	5013377
3939	5014518
3940	5015659
3941	-1
3942	5016800
3943	5017941
3944	5019082
3945	5020223
3946	5021364
3947	5022505
3948	5023646
3949	-1
3950	5024787
3951	5025928
3952	5027069
3953	5028210
3954	5029351
3955	5030492
3956	5031633
3957	5032774
3958	-1
3959	5033915
3960	5035056
3961	5036197
3962	5037338
3963	5038479
3964	5039620
3965	5040761
3966	-1
3967	5041902
3968	5043043
3969	5044184
3970	5045325
3971	5046466
3972	5047607
3973	5048748
3974	-1
3975	5049889
3976	5051030
3977	5052171
3978	5053312
3979	5054453
3980	5055594
3981	5056735
3982	-1
3983	5057876
3984	5059017
3985	5060158
3986	5061299
3987	5062440
3988	5063581
3989	5064722
3990	-1
3991	5065863
3992	5067004
3993	5068145
3994	5069286
3995	5070427
3996	5071568
3997	5072709
3998	-1
3999	5073850
4000	5074991
4001	5076132
4002	5077273
4003	5078414
4004	5079555
4005	5080696
4006	-1
4007	5081837
4008	5082978
4009	5084119
4010	5085260
4011	5086401
4012	5087542
4013	5088683
4014	-1
4015	5089824
4016	5090965
4017	5092106
4018	5093247
4019	5094388
4020	5095529
4021	5096670
4022	-1
4023	5097811
4024	5098952
4025	5100093
4026	5101234
4027	5102375
4028	5103516
4029	5104657
4030	-1
4031	5105798
4032	5106939
4033	5108080
4034	5109221
4035	5110362
4036	5111503
4037	5112644
4038	-1
4039	5113785
4040	5114926
4041	5116067
4042	5117208
4043	5118349
4044	5119490
4045	5120631
4046	5121772
4047	-1
4048	5122913
4049	5124054
4050	5125195
4051	5126336
4052	5127477
4053	5128618
4054	5129759
4055	-1
4056	5130900
4057	5132041
4058	5133182
4059	5134323
4060	5135464
4061	5136605
4062	5137746
4063	-1
4064	5138887
4065	5140028
4066	5141169
4067	5142310
4068	5143451
4069	5144592
4070	5145733
4071	-1
4072	5146874
4073	5148015
4074	5149156
4075	5150297
4076	5151438
4077	5152579
4078	5153720
4079	-1
4080	5154861
4081	5156002
4082	5157143
4083	5158284
4084	5159425
4085	5160566
4086	5161707
4087	-1
4088	5162848
4089	5163989
4090	5165130
4091	5166271
4092	5167412
4093	5168553
4094	5169694
4095	-1
4096	5170835
4097	5171976
4098	5173117
4099	5174258
4100	5175399
4101	5176540
4102	5177681
4103	-1
4104	5178822
4105	5179963
4106	5181104
4107	5182245
4108	5183386
4109	5184527
4110	5185668
4111	-1
4112	5186809
4113	5187950
4114	5189091
4115	5190232
4116	5191373
4117	5192514
4118	5193655
4119	-1
4120	5194796
4121	5195937
4122	5197078
4123	5198219
4124	5199360
4125	5200501
4126	5201642
4127	-1
4128	5202783
4129	5203924
4130	5205065
4131	5206206
4132	5207347
4133	5208488
4134	5209629
4135	5210770
4136	-1
4137	5211911
4138	5213052
4139	5214193
4140	5215334
4141	5216475
4142	5217616
4143	5218757
4144	-1
4145	5219898
4146	5221039
4147	5222180
4148	5223321
4149	5224462
4150	5225603
4151	5226744
4152	-1
4153	5227885
4154	5229026
4155	5230167
4156	5231308
4157	5232449
4158	5233590
4159	5234731
4160	-1
4161	5235872
4162	5237013
4163	5238154
4164	5239295
4165	5240436
4166	5241577
4167	5242718
4168	-1
4169	5243859
4170	5245000
4171	5246141
4172	5247282
4173	5248423
4174	5249564
4175	5250705
4176	-1
4177	5251846
4178	5252987
4179	5254128
4180	5255269
4181	5256410
4182	5257551
4183	5258692
4184	-1
4185	5259833
4186	5260974
4187	5262115
4188	5263256
4189	5264397
4190	5265538
4191	5266679
4192	-1
4193	5267820
4194	5268961
4195	5270102
4196	5271243
4197	5272384
4198	5273525
4199	5274666
4200	-1
4201	5275807
4202	5276948
4203	5278089
4204	5279230
4205	5280371
4206	5281512
4207	5282653
4208	-1
4209	5283794
4210	5284935
4211	5286076
4212	5287217
4213	5288358
4214	5289499
4215	5290640
4216	5291781
4217	-1
4218	5292922
4219	5294063
4220	5295204
4221	5296345
4222	5297486
4223	5298627
4224	5299768
4225	-1
4226	5300909
4227	5302050
4228	5303191
4229	5304332
4230	5305473
4231	5306614
4232	5307755
4233	-1
4234	5308896
4235	5310037
4236	5311178
4237	5312319
4238	5313460
4239	5314601
4240	5315742
4241	-1
4242	5316883
4243	5318024
4244	5319165
4245	5320306
4246	5321447
4247	5322588
4248	5323729
4249	-1
4250	5324870
4251	5326011
4252	5327152
4253	5328293
4254	5329434
4255	5330575
4256	5331716
4257	-1
4258	5332857
4259	5333998
4260	5335139
4261	5336280
4262	5337421
4263	5338562
4264	5339703
4265	-1
4266	5340844
4267	5341985
4268	5343126
4269	5344267
4270	5345408
4271	5346549
4272	5347690
4273	-1
4274	5348831
4275	5349972
4276	5351113
4277	5352254
4278	5353395
4279	5354536
4280	5355677
4281	-1
4282	5356818
4283	5357959
4284	5359100
4285	5360241
4286	5361382
4287	5362523
4288	5363664
4289	-1
4290	5364805
4291	5365946
4292	5367087
4293	5368228
4294	5369369
4295	5370510
4296	5371651
4297	-1
4298	5372792
4299	5373933
4300	5375074
4301	5376215
4302	5377356
4303	5378497
4304	5379638
4305	5380779
4306	-1
4307	5381920
4308	5383061
4309	5384202
4310	5385343
4311	5386484
4312	5387625
4313	5388766
4314	-1
4315	5389907
4316	5391048
4317	5392189
4318	5393330
4319	5394471
4320	5395612
4321	5396753
4322	-1
4323	5397894
4324	5399035
4325	5400176
4326	5401317
4327	5402458
4328	5403599
4329	5404740
4330	-1
4331	5405881
4332	5407022
4333	5408163
4334	5409304
4335	5410445
4336	5411586
4337	5412727
4338	-1
4339	5413868
4340	5415009
4341	5416150
4342	5417291
4343	5418432
4344	5419573
4345	5420714
4346	-1
4347	5421855
4348	5422996
4349	5424137
4350	5425278
4351	5426419
4352	5427560
4353	5428701
4354	-1
4355	5429842
4356	5430983
4357	5432124
4358	5433265
4359	5434406
4360	5435547
4361	5436688
4362	-1
4363	5437829
4364	5438970
4365	5440111
4366	5441252
4367	5442393
4368	5443534
4369	5444675
4370	-1
4371	5445816
4372	5446957
4373	5448098
4374	5449239
4375	5450380
4376	5451521
4377	5452662
4378	-1
4379	5453803
4380	5454944
4381	5456085
4382	5457226
4383	5458367
4384	5459508
4385	5460649
4386	-1
4387	5461790
4388	5462931
4389	5464072
4390	5465213
4391	5466354
4392	5467495
4393	5468636
4394	5469777
4395	-1
4396	5470918
4397	5472059
4398	5473200
4399	5474341
4400	5475482
4401	5476623
4402	5477764
4403	-1
4404	5478905
4405	5480046
4406	5481187
4407	5482328
4408	5483469
4409	5484610
4410	5485751
4411	-1
4412	5486892
4413	5488033
4414	5489174
4415	5490315
4416	5491456
4417	5492597
4418	5493738
4419	-1
4420	5494879
4421	5496020
4422	5497161
4423	5498302
4424	5499443
4425	5500584
4426	5501725
4427	-1
4428	5502866
4429	5504007
4430	5505148
4431	5506289
4432	5507430
4433	5508571
4434	5509712
4435	-1
4436	5510853
4437	5511994
4438	5513135
4439	5514276
4440	5515417
4441	5516558
4442	5517699
4443	-1
4444	5518840
4445	5519981
4446	5521122
4447	5522263
4448	5523404
4449	5524545
4450	5525686
4451	-1
4452	5526827
4453	5527968
4454	5529109
4455	5530250
4456	5531391
4457	5532532
4458	5533673
4459	-1
4460	5534814
4461	5535955
4462	5537096
4463	5538237
4464	5539378
4465	5540519
4466	5541660
4467	-1
4468	5542801
4469	5543942
4470	5545083
4471	5546224
4472	5547365
4473	5548506
4474	5549647
4475	-1
4476	5550788
4477	5551929
4478	5553070
4479	5554211
4480	5555352
4481	5556493
4482	5557634
4483	5558775
4484	-1
4485	5559916
4486	5561057
4487	5562198
4488	5563339
4489	5564480
4490	5565621
4491	5566762
4492	-1
4493	5567903
4494	5569044
4495	5570185
4496	5571326
4497	5572467
4498	5573608
4499	5574749
4500	-1
4501	5575890
4502	5577031
4503	5578172
4504	5579313
4505	5580454
4506	5581595
4507	5582736
4508	-1
4509	5583877
4510	5585018
4511	5586159
4512	5587300
4513	5588441
4514	5589582
4515	5590723
4516	-1
4517	5591864
4518	5593005
4519	5594146
4520	5595287
4521	5596428
4522	5597569
4523	5598710
4524	-1
4525	5599851
4526	5600992
4527	5602133
4528	5603274
4529	5604415
4530	5605556
4531	5606697
4532	-1
4533	5607838
4534	5608979
4535	5610120
4536	5611261
4537	5612402
4538	5613543
4539	5614684
4540	-1
4541	5615825
4542	5616966
4543	5618107
4544	5619248
4545	5620389
4546	5621530
4547	5622671
4548	-1
4549	5623812
4550	5624953
4551	5626094
4552	5627235
4553	5628376
4554	5629517
4555	5630658
4556	-1
4557	5631799
4558	5632940
4559	5634081
4560	5635222
4561	5636363
4562	5637504
4563	5638645
4564	-1
4565	5639786
4566	5640927
4567	5642068
4568	5643209
4569	5644350
4570	5645491
4571	5646632
4572	5647773
4573	-1
4574	5648914
4575	5650055
4576	5651196
4577	5652337
4578	5653478
4579	5654619
4580	5655760
4581	-1
4582	5656901
4583	5658042
4584	5659183
4585	5660324
4586	5661465
4587	5662606
4588	5663747
4589	-1
4590	5664888
4591	5666029
4592	5667170
4593	5668311
4594	5669452
4595	5670593
4596	5671734
4597	-1
4598	5672875
4599	5674016
4600	5675157
4601	5676298
4602	5677439
4603	5678580
4604	5679721
4605	-1
4606	5680862
4607	5682003
4608	5683144
4609	5684285
4610	5685426
4611	5686567
4612	5687708
4613	-1
4614	5688849
4615	5689990
4616	5691131
4617	5692272
4618	5693413
4619	5694554
4620	5695695
4621	-1
4622	5696836
4623	5697977
4624	5699118
4625	5700259
4626	5701400
4627	5702541
4628	5703682
4629	-1
4630	5704823
4631	5705964
4632	5707105
4633	5708246
4634	5709387
4635	5710528
4636	5711669
4637	-1
4638	5712810
4639	5713951
4640	5715092
4641	5716233
4642	5717374
4643	5718515
4644	5719656
4645	-1
4646	5720797
4647	5721938
4648	5723079
4649	5724220
4650	5725361
4651	5726502
4652	5727643
4653	-1
4654	5728784
4655	5729925
4656	5731066
4657	5732207
4658	5733348
4659	5734489
4660	5735630
4661	5736771
4662	-1
4663	5737912
4664	5739053
4665	5740194
4666	5741335
4667	5742476
4668	5743617
4669	5744758
4670	-1
4671	5745899
4672	5747040
4673	5748181
4674	5749322
4675	5750463
4676	5751604
4677	5752745
4678	-1
4679	5753886
4680	5755027
4681	5756168
4682	5757309
4683	5758450
4684	5759591
4685	5760732
4686	-1
4687	5761873
4688	5763014
4689	5764155
4690	5765296
4691	5766437
4692	5767578
4693	5768719
4694	-1
4695	5769860
4696	5771001
4697	5772142
4698	5773283
4699	5774424
4700	5775565
4701	5776706
4702	-1
4703	5777847
4704	5778988
4705	5780129
4706	5781270
4707	5782411
4708	5783552
4709	5784693
4710	-1
4711	5785834
4712	5786975
4713	5788116
4714	5789257
4715	5790398
4716	5791539
4717	5792680
4718	-1
4719	5793821
4720	5794962
4721	5796103
4722	5797244
4723	5798385
4724	5799526
4725	5800667
4726	-1
4727	5801808
4728	5802949
4729	5804090
4730	5805231
4731	5806372
4732	5807513
4733	5808654
4734	-1
4735	5809795
4736	5810936
4737	5812077
4738	5813218
4739	5814359
4740	5815500
4741	5816641
4742	-1
4743	5817782
4744	5818923
4745	5820064
4746	5821205
4747	5822346
4748	5823487
4749	5824628
4750	5825769
4751	-1
4752	5826910
4753	5828051
4754	5829192
4755	5830333
4756	5831474
4757	5832615
4758	5833756
4759	-1
4760	5834897
4761	5836038
4762	5837179
4763	5838320
4764	5839461
4765	5840602
4766	5841743
4767	-1
4768	5842884
4769	5844025
4770	5845166
4771	5846307
4772	5847448
4773	5848589
4774	5849730
4775	-1
4776	5850871
4777	5852012
4778	5853153
4779	5854294
4780	5855435
4781	5856576
4782	5857717
4783	-1
4784	5858858
4785	5859999
4786	5861140
4787	5862281
4788	5863422
4789	5864563
4790	5865704
4791	-1
4792	5866845
4793	5867986
4794	5869127
4795	5870268
4796	5871409
4797	5872550
4798	5873691
4799	-1
4800	5874832
4801	5875973
4802	5877114
4803	5878255
4804	5879396
4805	5880537
4806	5881678
4807	-1
4808	5882819
4809	5883960
4810	5885101
4811	5886242
4812	5887383
4813	5888524
4814	5889665
4815	-1
4816	5890806
4817	5891947
4818	5893088
4819	5894229
4820	5895370
4821	5896511
4822	5897652
4823	-1
4824	5898793
4825	5899934
4826	5901075
4827	5902216
4828	5903357
4829	5904498
4830	5905639
4831	5906780
4832	-1
4833	5907921
4834	5909062
4835	5910203
4836	5911344
4837	5912485
4838	5913626
4839	5914767
4840	-1
4841	5915908
4842	5917049
4843	5918190
4844	5919331
4845	5920472
4846	5921613
4847	5922754
4848	-1
4849	5923895
4850	5925036
4851	5926177
4852	5927318
4853	5928459
4854	5929600
4855	5930741
4856	-1
4857	5931882
4858	5933023
4859	5934164
4860	5935305
4861	5936446
4862	5937587
4863	5938728
4864	-1
4865	5939869
4866	5941010
4867	5942151
4868	5943292
4869	5944433
4870	5945574
4871	5946715
4872	-1
4873	5947856
4874	5948997
4875	5950138
4876	5951279
4877	5952420
4878	5953561
4879	5954702
4880	-1
4881	5955843
4882	5956984
4883	5958125
4884	5959266
4885	5960407
4886	5961548
4887	5962689
4888	-1
4889	5963830
4890	5964971
4891	5966112
4892	5967253
4893	5968394
4894	5969535
4895	5970676
4896	-1
4897	5971817
4898	5972958
4899	5974099
4900	5975240
4901	5976381
4902	5977522
4903	5978663
4904	-1
4905	5979804
4906	5980945
4907	5982086
4908	5983227
4909	5984368
4910	5985509
4911	5986650
4912	-1
4913	5987791
4914	5988932
4915	5990073
4916	5991214
4917	5992355
4918	5993496
4919	5994637
4920	5995778
4921	-1
4922	5996919
4923	5998060
4924	5999201
4925	6000342
4926	6001483
4927	6002624
4928	6003765
4929	-1
4930	6004906
4931	6006047
4932	6007188
4933	6008329
4934	6009470
4935	6010611
4936	6011752
4937	-1
4938	6012893
4939	6014034
4940	6015175
4941	6016316
4942	6017457
4943	6018598
4944	6019739
4945	-1
4946	6020880
4947	6022021
4948	6023162
4949	6024303
4950	6025444
4951	6026585
4952	6027726
4953	-1
4954	6028867
4955	6030008
4956	6031149
4957	6032290
4958	6033431
4959	6034572
4960	6035713
4961	-1
4962	6036854
4963	6037995
4964	6039136
4965	6040277
4966	6041418
4967	6042559
4968	6043700
4969	-1
4970	6044841
4971	6045982
4972	6047123
4973	6048264
4974	6049405
4975	6050546
4976	6051687
4977	-1
4978	6052828
4979	6053969
4980	6055110
4981	6056251
4982	6057392
4983	6058533
4984	6059674
4985	-1
4986	6060815
4987	6061956
4988	6063097
4989	6064238
4990	6065379
4991	6066520
4992	6067661
4993	-1
4994	6068802
4995	6069943
4996	6071084
4997	6072225
4998	6073366
4999	6074507
5000	6075648
5001	-1
5002	6076789
5003	6077930
5004	6079071
5005	6080212
5006	6081353
5007	6082494
5008	6083635
5009	6084776
5010	-1
5011	6085917
5012	6087058
5013	6088199
5014	6089340
5015	6090481
5016	6091622
5017	6092763
5018	-1
5019	6093904
5020	6095045
5021	6096186
5022	6097327
5023	6098468
5024	6099609
5025	6100750
5026	-1
5027	6101891
5028	6103032
5029	6104173
5030	6105314
5031	6106455
5032	6107596
5033	6108737
5034	-1
5035	6109878
5036	6111019
5037	6112160
5038	6113301
5039	6114442
5040	6115583
5041	6116724
5042	-1
5043	6117865
5044	6119006
5045	6120147
5046	6121288
5047	6122429
5048	6123570
5049	6124711
5050	-1
5051	6125852
5052	6126993
5053	6128134
5054	6129275
5055	6130416
5056	6131557
5057	6132698
5058	-1
5059	6133839
5060	6134980
5061	6136121
5062	6137262
5063	6138403
5064	6139544
5065	6140685
5066	-1
5067	6141826
5068	6142967
5069	6144108
5070	6145249
5071	6146390
5072	6147531
5073	6148672
5074	-1
5075	6149813
5076	6150954
5077	6152095
5078	6153236
5079	6154377
5080	6155518
5081	6156659
5082	-1
5083	6157800
5084	6158941
5085	6160082
5086	6161223
5087	6162364
5088	6163505
5089	6164646
5090	-1
5091	6165787
5092	6166928
5093	6168069
5094	6169210
5095	6170351
5096	6171492
5097	6172633
5098	6173774
5099	-1
5100	6174915
5101	6176056
5102	6177197
5103	6178338
5104	6179479
5105	6180620
5106	6181761
5107	-1
5108	6182902
5109	6184043
5110	6185184
5111	6186325
5112	6187466
5113	6188607
5114	6189748
5115	-1
5116	6190889
5117	6192030
5118	6193171
5119	6194312
5120	6195453
5121	6196594
5122	6197735
5123	-1
5124	6198876
5125	6200017
5126	6201158
5127	6202299
5128	6203440
5129	6204581
5130	6205722
5131	-1
5132	6206863
5133	6208004
5134	6209145
5135	6210286
5136	6211427
5137	6212568
5138	6213709
5139	-1
5140	6214850
5141	6215991
5142	6217132
5143	6218273
5144	6219414
5145	6220555
5146	6221696
5147	-1
5148	6222837
5149	6223978
5150	6225119
5151	6226260
5152	6227401
5153	6228542
5154	6229683
5155	-1
5156	6230824
5157	6231965
5158	6233106
5159	6234247
5160	6235388
5161	6236529
5162	6237670
5163	-1
5164	6238811
5165	6239952
5166	6241093
5167	6242234
5168	6243375
5169	6244516
5170	6245657
5171	-1
5172	6246798
5173	6247939
5174	6249080
5175	6250221
5176	6251362
5177	6252503
5178	6253644
5179	-1
5180	6254785
5181	6255926
5182	6257067
5183	6258208
5184	6259349
5185	6260490
5186	6261631
5187	6262772
5188	-1
5189	6263913
5190	6265054
5191	6266195
5192	6267336
5193	6268477
5194	6269618
5195	6270759
5196	-1
5197	6271900
5198	6273041
5199	6274182
5200	6275323
5201	6276464
5202	6277605
5203	6278746
5204	-1
5205	6279887
5206	6281028
5207	6282169
5208	6283310
5209	6284451
5210	6285592
5211	6286733
5212	-1
5213	6287874
5214	6289015
5215	6290156
5216	6291297
5217	6292438
5218	6293579
5219	6294720
5220	-1
5221	6295861
5222	6297002
5223	6298143
5224	6299284
5225	6300425
5226	6301566
5227	6302707
5228	-1
5229	6303848
5230	6304989
5231	6306130
5232	6307271
5233	6308412
5234	6309553
5235	6310694
5236	-1
5237	6311835
5238	6312976
5239	6314117
5240	6315258
5241	6316399
5242	6317540
5243	6318681
5244	-1
5245	6319822
5246	6320963
5247	6322104
5248	6323245
5249	6324386
5250	6325527
5251	6326668
5252	-1
5253	6327809
5254	6328950
5255	6330091
5256	6331232
5257	6332373
5258	6333514
5259	6334655
5260	-1
5261	6335796
5262	6336937
5263	6338078
5264	6339219
5265	6340360
5266	6341501
5267	6342642
5268	-1
5269	6343783
5270	6344924
5271	6346065
5272	6347206
5273	6348347
5274	6349488
5275	6350629
5276	6351770
5277	-1
5278	6352911
5279	6354052
5280	6355193
5281	6356334
5282	6357475
5283	6358616
5284	6359757
5285	-1
5286	6360898
5287	6362039
5288	6363180
5289	6364321
5290	6365462
5291	6366603
5292	6367744
5293	-1
5294	6368885
5295	6370026
5296	6371167
5297	6372308
5298	6373449
5299	6374590
5300	6375731
5301	-1
5302	6376872
5303	6378013
5304	6379154
5305	6380295
5306	6381436
5307	6382577
5308	6383718
5309	-1
5310	6384859
5311	6386000
5312	6387141
5313	6388282
5314	6389423
5315	6390564
5316	6391705
5317	-1
5318	6392846
5319	6393987
5320	6395128
5321	6396269
5322	6397410
5323	6398551
5324	6399692
5325	-1
5326	6400833
5327	6401974
5328	6403115
5329	6404256
5330	6405397
5331	6406538
5332	6407679
5333	-1
5334	6408820
5335	6409961
5336	6411102
5337	6412243
5338	6413384
5339	6414525
5340	6415666
5341	-1
5342	6416807
5343	6417948
5344	6419089
5345	6420230
5346	6421371
5347	6422512
5348	6423653
5349	-1
5350	6424794
5351	6425935
5352	6427076
5353	6428217
5354	6429358
5355	6430499
5356	6431640
5357	6432781
5358	-1
5359	6433922
5360	6435063
5361	6436204
5362	6437345
5363	6438486
5364	6439627
5365	6440768
5366	-1
5367	6441909
5368	6443050
5369	6444191
5370	6445332
5371	6446473
5372	6447614
5373	6448755
5374	-1
5375	6449896
5376	6451037
5377	6452178
5378	6453319
5379	6454460
5380	6455601
5381	6456742
5382	-1
5383	6457883
5384	6459024
5385	6460165
5386	6461306
5387	6462447
5388	6463588
5389	6464729
5390	-1
5391	6465870
5392	6467011
5393	6468152
5394	6469293
5395	6470434
5396	6471575
5397	6472716
5398	-1
5399	6473857
5400	6474998
5401	6476139
5402	6477280
5403	6478421
5404	6479562
5405	6480703
5406	-1
5407	6481844
5408	6482985
5409	6484126
5410	6485267
5411	6486408
5412	6487549
5413	6488690
5414	-1
5415	6489831
5416	6490972
5417	6492113
5418	6493254
5419	6494395
5420	6495536
5421	6496677
5422	-1
5423	6497818
5424	6498959
5425	6500100
5426	6501241
5427	6502382
5428	6503523
5429	6504664
5430	-1
5431	6505805
5432	6506946
5433	6508087
5434	6509228
5435	6510369
5436	6511510
5437	6512651
5438	-1
5439	6513792
5440	6514933
5441	6516074
5442	6517215
5443	6518356
5444	6519497
5445	6520638
5446	6521779
5447	-1
5448	6522920
5449	6524061
5450	6525202
5451	6526343
5452	6527484
5453	6528625
5454	6529766
5455	-1
5456	6530907
5457	6532048
5458	6533189
5459	6534330
5460	6535471
5461	6536612
5462	6537753
5463	-1
5464	6538894
5465	6540035
5466	6541176
5467	6542317
5468	6543458
5469	6544599
5470	6545740
5471	-1
5472	6546881
5473	6548022
5474	6549163
5475	6550304
5476	6551445
5477	6552586
5478	6553727
5479	-1
5480	6554868
5481	6556009
5482	6557150
5483	6558291
5484	6559432
5485	6560573
5486	6561714
5487	-1
5488	6562855
5489	6563996
5490	6565137
5491	6566278
5492	6567419
5493	6568560
5494	6569701
5495	-1
5496	6570842
5497	6571983
5498	6573124
5499	6574265
5500	6575406
5501	6576547
5502	6577688
5503	-1
5504	6578829
5505	6579970
5506	6581111
5507	6582252
5508	6583393
5509	6584534
5510	6585675
5511	-1
5512	6586816
5513	6587957
5514	6589098
5515	6590239
5516	6591380
5517	6592521
5518	6593662
5519	-1
5520	6594803
5521	6595944
5522	6597085
5523	6598226
5524	6599367
5525	6600508
5526	6601649
5527	-1
5528	6602790
5529	6603931
5530	6605072
5531	6606213
5532	6607354
5533	6608495
5534	6609636
5535	6610777
5536	-1
5537	6611918
5538	6613059
5539	6614200
5540	6615341
5541	6616482
5542	6617623
5543	6618764
5544	-1
5545	6619905
5546	6621046
5547	6622187
5548	6623328
5549	6624469
5550	6625610
5551	6626751
5552	-1
5553	6627892
5554	6629033
5555	6630174
5556	6631315
5557	6632456
5558	6633597
5559	6634738
5560	-1
5561	6635879
5562	6637020
5563	6638161
5564	6639302
5565	6640443
5566	6641584
5567	6642725
5568	-1
5569	6643866
5570	6645007
5571	6646148
5572	6647289
5573	6648430
5574	6649571
5575	6650712
5576	-1
5577	6651853
5578	6652994
5579	6654135
5580	6655276
5581	6656417
5582	6657558
5583	6658699
5584	-1
5585	6659840
5586	6660981
5587	6662122
5588	6663263
5589	6664404
5590	6665545
5591	6666686
5592	-1
5593	6667827
5594	6668968
5595	6670109
5596	6671250
5597	6672391
5598	6673532
5599	6674673
5600	-1
5601	6675814
5602	6676955
5603	6678096
5604	6679237
5605	6680378
5606	6681519
5607	6682660
5608	-1
5609	6683801
5610	6684942
5611	6686083
5612	6687224
5613	6688365
5614	6689506
5615	6690647
5616	-1
5617	6691788
5618	6692929
5619	6694070
5620	6695211
5621	6696352
5622	6697493
5623	6698634
5624	6699775
5625	-1
5626	6700916
5627	6702057
5628	6703198
5629	6704339
5630	6705480
5631	6706621
5632	6707762
5633	-1
5634	6708903
5635	6710044
5636	6711185
5637	6712326
5638	6713467
5639	6714608
5640	6715749
5641	-1
5642	6716890
5643	6718031
5644	6719172
5645	6720313
5646	6721454
5647	6722595
5648	6723736
5649	-1
5650	6724877
5651	6726018
5652	6727159
5653	6728300
5654	6729441
5655	6730582
5656	6731723
5657	-1
5658	6732864
5659	6734005
5660	6735146
5661	6736287
5662	6737428
5663	6738569
5664	6739710
5665	-1
5666	6740851
5667	6741992
5668	6743133
5669	6744274
5670	6745415
5671	6746556
5672	6747697
5673	-1
5674	6748838
5675	6749979
5676	6751120
5677	6752261
5678	6753402
5679	6754543
5680	6755684
5681	-1
5682	6756825
5683	6757966
5684	6759107
5685	6760248
5686	6761389
5687	6762530
5688	6763671
5689	-1
5690	6764812
5691	6765953
5692	6767094
5693	6768235
5694	6769376
5695	6770517
5696	6771658
5697	-1
5698	6772799
5699	6773940
5700	6775081
5701	6776222
5702	6777363
5703	6778504
5704	6779645
5705	-1
5706	6780786
5707	6781927
5708	6783068
5709	6784209
5710	6785350
5711	6786491
5712	6787632
5713	6788773
5714	-1
5715	6789914
5716	6791055
5717	6792196
5718	6793337
5719	6794478
5720	6795619
5721	6796760
5722	-1
5723	6797901
5724	6799042
5725	6800183
5726	6801324
5727	6802465
5728	6803606
5729	6804747
5730	-1
5731	6805888
5732	6807029
5733	6808170
5734	6809311
5735	6810452
5736	6811593
5737	6812734
5738	-1
5739	6813875
5740	6815016
5741	6816157
5742	6817298
5743	6818439
5744	6819580
5745	6820721
5746	-1
5747	6821862
5748	6823003
5749	6824144
5750	6825285
5751	6826426
5752	6827567
5753	6828708
5754	-1
5755	6829849
5756	6830990
5757	6832131
5758	6833272
5759	6834413
5760	6835554
5761	6836695
5762	-1
5763	6837836
5764	6838977
5765	6840118
5766	6841259
5767	6842400
5768	6843541
5769	6844682
5770	-1
5771	6845823
5772	6846964
5773	6848105
5774	6849246
5775	6850387
5776	6851528
5777	6852669
5778	-1
5779	6853810
5780	6854951
5781	6856092
5782	6857233
5783	6858374
5784	6859515
5785	6860656
5786	-1
5787	6861797
5788	6862938
5789	6864079
5790	6865220
5791	6866361
5792	6867502
5793	6868643
5794	-1
5795	6869784
5796	6870925
5797	6872066
5798	6873207
5799	6874348
5800	6875489
5801	6876630
5802	6877771
5803	-1
5804	6878912
5805	6880053
5806	6881194
5807	6882335
5808	6883476
5809	6884617
5810	6885758
5811	-1
5812	6886899
5813	6888040
5814	6889181
5815	6890322
5816	6891463
5817	6892604
5818	6893745
5819	-1
5820	6894886
5821	6896027
5822	6897168
5823	6898309
5824	6899450
5825	6900591
5826	6901732
5827	-1
5828	6902873
5829	6904014
5830	6905155
5831	6906296
5832	6907437
5833	6908578
5834	6909719
5835	-1
5836	6910860
5837	6912001
5838	6913142
5839	6914283
5840	6915424
5841	6916565
5842	6917706
5843	-1
5844	6918847
5845	6919988
5846	6921129
5847	6922270
5848	6923411
5849	6924552
5850	6925693
5851	-1
5852	6926834
5853	6927975
5854	6929116
5855	6930257
5856	6931398
5857	6932539
5858	6933680
5859	-1
5860	6934821
5861	6935962
5862	6937103
5863	6938244
5864	6939385
5865	6940526
5866	6941667
5867	-1
5868	6942808
5869	6943949
5870	6945090
5871	6946231
5872	6947372
5873	6948513
5874	6949654
5875	-1
5876	6950795
5877	6951936
5878	6953077
5879	6954218
5880	6955359
5881	6956500
5882	6957641
5883	-1
5884	6958782
5885	6959923
5886	6961064
5887	6962205
5888	6963346
5889	6964487
5890	6965628
5891	6966769
5892	-1
5893	6967910
5894	6969051
5895	6970192
5896	6971333
5897	6972474
5898	6973615
5899	6974756
5900	-1
5901	6975897
5902	6977038
5903	6978179
5904	6979320
5905	6980461
5906	6981602
5907	6982743
5908	-1
5909	6983884
5910	6985025
5911	6986166
5912	6987307
5913	6988448
5914	6989589
5915	6990730
5916	-1
5917	6991871
5918	6993012
5919	6994153
5920	6995294
5921	6996435
5922	6997576
5923	6998717
5924	-1
5925	6999858
5926	7000999
5927	7002140
5928	7003281
5929	7004422
5930	7005563
5931	7006704
5932	-1
5933	7007845
5934	7008986
5935	7010127
5936	7011268
5937	7012409
5938	7013550
5939	7014691
5940	-1
5941	7015832
5942	7016973
5943	7018114
5944	7019255
5945	7020396
5946	7021537
5947	7022678
5948	-1
5949	7023819
5950	7024960
5951	7026101
5952	7027242
5953	7028383
5954	7029524
5955	7030665
5956	-1
5957	7031806
5958	7032947
5959	7034088
5960	7035229
5961	7036370
5962	7037511
5963	7038652
5964	-1
5965	7039793
5966	7040934
5967	7042075
5968	7043216
5969	7044357
5970	7045498
5971	7046639
5972	7047780
5973	-1
5974	7048921
5975	7050062
5976	7051203
5977	7052344
5978	7053485
5979	7054626
5980	7055767
5981	-1
5982	7056908
5983	7058049
5984	7059190
5985	7060331
5986	7061472
5987	7062613
5988	7063754
5989	-1
5990	7064895
5991	7066036
5992	7067177
5993	7068318
5994	7069459
5995	7070600
5996	7071741
5997	-1
5998	7072882
5999	7074023
