0	1006311
1	1007294
2	1008294
3	1009294
4	1010292
5	1011294
6	1012294
7	1013294
8	1014294
9	1015292
10	1016292
11	1017294
12	1018294
13	1019292
14	1020292
15	1021294
16	1022294
17	1023290
18	1024294
19	1025294
20	1026294
21	1027294
22	1028294
23	1029294
24	1030292
25	1031292
26	1032292
27	1033294
28	1034292
29	1035292
30	1036292
31	1037294
32	1038292
33	1039294
34	1040294
35	1041294
36	1042294
37	1043294
38	1044294
39	1045294
40	1046294
41	1047292
42	1048294
43	1049294
44	1050292
45	1051292
46	1052294
47	1053294
48	1054292
49	1055292
50	1056294
51	1057294
52	1058294
53	1059294
54	1060294
55	1061294
56	1062294
57	1063292
58	1064294
59	1065294
60	1066292
61	1067294
62	1068294
63	1069292
64	1070292
65	1071294
66	1072294
67	1073294
68	1074294
69	1075294
70	1076294
71	1077294
72	1078294
73	1079294
74	1080294
75	1081294
76	1082292
77	1083294
78	1084294
79	1085294
80	1086292
81	1087294
82	1088292
83	1089294
84	1090290
85	1091294
86	1092294
87	1093294
88	1094294
89	1095294
90	1096294
91	1097294
92	1098294
93	1099294
94	1100292
95	1101294
96	1102294
97	1103294
98	1104292
99	1105294
100	1106294
101	1107294
102	1108294
103	1109294
104	1110294
105	1111294
106	1112294
107	1113294
108	1114294
109	1115294
110	1116292
111	1117294
112	1118294
113	1119292
114	1120292
115	1121294
116	1122294
117	1123294
118	1124294
119	1125294
120	1126294
121	1127294
122	1128294
123	1129294
124	1130294
125	1131292
126	1132292
127	1133294
128	1134294
129	1135292
130	1136292
131	1137294
132	1138294
133	1139292
134	1140294
135	1141294
136	1142294
137	1143294
138	1144294
139	1145294
140	1146294
141	1147292
142	1148292
143	1149294
144	1150294
145	1151294
146	1152294
147	1153294
148	1154294
149	1155294
150	1156294
151	1157294
152	1158294
153	1159294
154	1160294
155	1161294
156	1162294
157	1163294
158	1164294
159	1165294
160	1166294
161	1167294
162	1168294
163	1169294
164	1170294
165	1171294
166	1172294
167	1173294
168	1174294
169	1175294
170	1176294
171	1177294
172	1178294
173	1179294
174	1180294
175	1181294
176	1182294
177	1183294
178	1184294
179	1185294
180	1186294
181	1187294
182	1188294
183	1189294
184	1190294
185	1191294
186	1192294
187	1193294
188	1194294
189	1195294
190	1196294
191	1197294
192	1198294
193	1199294
194	1200294
195	1201294
196	1202294
197	1203294
198	1204294
199	1205294
200	1206294
201	1207294
202	1208294
203	1209294
204	1210294
205	1211294
206	1212294
207	1213294
208	1214294
209	1215294
210	1216294
211	1217294
212	1218294
213	1219294
214	1220294
215	1221294
216	1222294
217	1223294
218	1224294
219	1225294
220	1226294
221	1227294
222	1228294
223	1229294
224	1230294
225	1231294
226	1232294
227	1233294
228	1234294
229	1235294
230	1236294
231	1237294
232	1238294
233	1239294
234	1240294
235	1241294
236	1242294
237	1243294
238	1244294
239	1245294
240	1246294
241	1247294
242	1248294
243	1249294
244	1250294
245	1251294
246	1252294
247	1253294
248	1254294
249	1255294
250	1256294
251	1257294
252	1258294
253	1259294
254	1260294
255	1261294
256	1262296
257	1263296
258	1264296
259	1265296
260	1266294
261	1267296
262	1268296
263	1269296
264	1270296
265	1271296
266	1272296
267	1273296
268	1274296
269	1275296
270	1276296
271	1277296
272	1278296
273	1279292
274	1280296
275	1281296
276	1282296
277	1283296
278	1284296
279	1285296
280	1286296
281	1287296
282	1288296
283	1289296
284	1290296
285	1291296
286	1292296
287	1293296
288	1294296
289	1295296
290	1296296
291	1297296
292	1298296
293	1299296
294	1300296
295	1301296
296	1302296
297	1303296
298	1304296
299	1305296
300	1306296
301	1307296
302	1308296
303	1309296
304	1310296
305	1311296
306	1312296
307	1313296
308	1314296
309	1315296
310	1316296
311	1317296
312	1318296
313	1319296
314	1320296
315	1321296
316	1322296
317	1323296
318	1324296
319	1325296
320	1326296
321	1327296
322	1328296
323	1329296
324	1330296
325	1331296
326	1332296
327	1333296
328	1334296
329	1335296
330	1336296
331	1337296
332	1338296
333	1339296
334	1340296
335	1341296
336	1342296
337	1343296
338	1344296
339	1345296
340	1346294
341	1347296
342	1348296
343	1349296
344	1350296
345	1351296
346	1352296
347	1353296
348	1354296
349	1355296
350	1356296
351	1357296
352	1358296
353	1359296
354	1360296
355	1361296
356	1362296
357	1363296
358	1364296
359	1365296
360	1366296
361	1367296
362	1368296
363	1369296
364	1370296
365	1371296
366	1372296
367	1373296
368	1374296
369	1375296
370	1376296
371	1377296
372	1378296
373	1379296
374	1380296
375	1381296
376	1382296
377	1383296
378	1384296
379	1385296
380	1386296
381	1387296
382	1388296
383	1389296
384	1390296
385	1391296
386	1392296
387	1393296
388	1394296
389	1395296
390	1396296
391	1397296
392	1398296
393	1399296
394	1400296
395	1401296
396	1402296
397	1403296
398	1404296
399	1405296
400	1406296
401	1407296
402	1408296
403	1409296
404	1410296
405	1411296
406	1412296
407	1413296
408	1414296
409	1415296
410	1416296
411	1417296
412	1418296
413	1419296
414	1420296
415	1421296
416	1422296
417	1423296
418	1424296
419	1425296
420	1426296
421	1427296
422	1428296
423	1429296
424	1430296
425	1431296
426	1432296
427	1433296
428	1434296
429	1435296
430	1436296
431	1437296
432	1438296
433	1439296
434	1440296
435	1441296
436	1442296
437	1443296
438	1444296
439	1445296
440	1446296
441	1447296
442	1448296
443	1449296
444	1450296
445	1451296
446	1452296
447	1453296
448	1454296
449	1455296
450	1456296
451	1457296
452	1458296
453	1459296
454	1460296
455	1461296
456	1462296
457	1463296
458	1464296
459	1465296
460	1466296
461	1467296
462	1468296
463	1469296
464	1470296
465	1471296
466	1472296
467	1473296
468	1474296
469	1475296
470	1476296
471	1477296
472	1478296
473	1479296
474	1480296
475	1481296
476	1482296
477	1483296
478	1484296
479	1485296
480	1486296
481	1487296
482	1488296
483	1489296
484	1490296
485	1491296
486	1492296
487	1493296
488	1494296
489	1495296
490	1496296
491	1497296
492	1498296
493	1499296
494	1500296
495	1501296
496	1502296
497	1503296
498	1504296
499	1505296
500	1506296
501	1507296
502	1508296
503	1509296
504	1510296
505	1511296
506	1512296
507	1513296
508	1514296
509	1515296
510	1516296
511	1517296
512	1518296
513	1519296
514	1520296
515	1521296
516	1522294
517	1523296
518	1524296
519	1525296
520	1526296
521	1527296
522	1528296
523	1529296
524	1530296
525	1531296
526	1532296
527	1533296
528	1534296
529	1535292
530	1536296
531	1537296
532	1538296
533	1539296
534	1540296
535	1541296
536	1542296
537	1543296
538	1544296
539	1545296
540	1546296
541	1547296
542	1548296
543	1549296
544	1550296
545	1551296
546	1552296
547	1553296
548	1554296
549	1555296
550	1556296
551	1557296
552	1558296
553	1559296
554	1560296
555	1561296
556	1562296
557	1563296
558	1564296
559	1565296
560	1566296
561	1567296
562	1568296
563	1569296
564	1570296
565	1571296
566	1572296
567	1573296
568	1574296
569	1575296
570	1576296
571	1577296
572	1578296
573	1579296
574	1580296
575	1581296
576	1582296
577	1583296
578	1584296
579	1585296
580	1586296
581	1587296
582	1588296
583	1589296
584	1590296
585	1591296
586	1592296
587	1593296
588	1594296
589	1595296
590	1596296
591	1597296
592	1598296
593	1599296
594	1600296
595	1601296
596	1602294
597	1603296
598	1604296
599	1605296
600	1606296
601	1607296
602	1608296
603	1609296
604	1610296
605	1611296
606	1612296
607	1613296
608	1614296
609	1615296
610	1616296
611	1617296
612	1618296
613	1619296
614	1620296
615	1621296
616	1622296
617	1623296
618	1624296
619	1625296
620	1626296
621	1627296
622	1628296
623	1629296
624	1630296
625	1631296
626	1632296
627	1633296
628	1634296
629	1635296
630	1636296
631	1637296
632	1638296
633	1639296
634	1640296
635	1641296
636	1642296
637	1643296
638	1644296
639	1645296
640	1646296
641	1647296
642	1648296
643	1649296
644	1650296
645	1651296
646	1652296
647	1653296
648	1654296
649	1655296
650	1656296
651	1657296
652	1658296
653	1659296
654	1660296
655	1661296
656	1662296
657	1663296
658	1664296
659	1665296
660	1666296
661	1667296
662	1668296
663	1669296
664	1670296
665	1671296
666	1672296
667	1673296
668	1674296
669	1675296
670	1676296
671	1677296
672	1678296
673	1679296
674	1680296
675	1681296
676	1682296
677	1683296
678	1684296
679	1685296
680	1686296
681	1687296
682	1688296
683	1689296
684	1690296
685	1691296
686	1692296
687	1693296
688	1694296
689	1695296
690	1696296
691	1697296
692	1698296
693	1699296
694	1700296
695	1701296
696	1702296
697	1703296
698	1704296
699	1705296
700	1706296
701	1707296
702	1708296
703	1709296
704	1710296
705	1711296
706	1712296
707	1713296
708	1714296
709	1715296
710	1716296
711	1717296
712	1718296
713	1719296
714	1720296
715	1721296
716	1722296
717	1723296
718	1724296
719	1725296
720	1726296
721	1727296
722	1728296
723	1729296
724	1730296
725	1731296
726	1732296
727	1733296
728	1734296
729	1735296
730	1736296
731	1737296
732	1738296
733	1739296
734	1740296
735	1741296
736	1742296
737	1743296
738	1744296
739	1745296
740	1746296
741	1747296
742	1748296
743	1749296
744	1750296
745	1751296
746	1752296
747	1753296
748	1754296
749	1755296
750	1756296
751	1757296
752	1758296
753	1759296
754	1760296
755	1761296
756	1762296
757	1763296
758	1764296
759	1765296
760	1766296
761	1767296
762	1768296
763	1769296
764	1770296
765	1771296
766	1772296
767	1773296
768	1774296
769	1775296
770	1776296
771	1777296
772	1778296
773	1779296
774	1780296
775	1781296
776	1782296
777	1783296
778	1784296
779	1785296
780	1786296
781	1787296
782	1788296
783	1789296
784	1790296
785	1791292
786	1792296
787	1793296
788	1794296
789	1795296
790	1796296
791	1797296
792	1798296
793	1799296
794	1800296
795	1801296
796	1802296
797	1803296
798	1804296
799	1805296
800	1806296
801	1807296
802	1808296
803	1809296
804	1810296
805	1811296
806	1812296
807	1813296
808	1814296
809	1815296
810	1816296
811	1817296
812	1818296
813	1819296
814	1820296
815	1821296
816	1822296
817	1823296
818	1824296
819	1825296
820	1826296
821	1827296
822	1828296
823	1829296
824	1830296
825	1831296
826	1832296
827	1833296
828	1834296
829	1835296
830	1836296
831	1837296
832	1838296
833	1839296
834	1840296
835	1841296
836	1842296
837	1843296
838	1844296
839	1845296
840	1846296
841	1847296
842	1848296
843	1849296
844	1850296
845	1851296
846	1852296
847	1853296
848	1854296
849	1855296
850	1856296
851	1857296
852	1858294
853	1859296
854	1860296
855	1861296
856	1862296
857	1863296
858	1864296
859	1865296
860	1866296
861	1867296
862	1868296
863	1869296
864	1870296
865	1871296
866	1872296
867	1873296
868	1874296
869	1875296
870	1876296
871	1877296
872	1878296
873	1879296
874	1880296
875	1881296
876	1882296
877	1883296
878	1884296
879	1885296
880	1886296
881	1887296
882	1888296
883	1889296
884	1890296
885	1891296
886	1892296
887	1893296
888	1894296
889	1895296
890	1896296
891	1897296
892	1898296
893	1899296
894	1900296
895	1901296
896	1902296
897	1903296
898	1904296
899	1905296
900	1906296
901	1907296
902	1908296
903	1909296
904	1910296
905	1911296
906	1912296
907	1913296
908	1914296
909	1915296
910	1916296
911	1917296
912	1918296
913	1919296
914	1920296
915	1921296
916	1922296
917	1923296
918	1924296
919	1925296
920	1926296
921	1927296
922	1928296
923	1929296
924	1930296
925	1931296
926	1932296
927	1933296
928	1934296
929	1935296
930	1936296
931	1937296
932	1938296
933	1939296
934	1940296
935	1941296
936	1942296
937	1943296
938	1944296
939	1945296
940	1946296
941	1947296
942	1948296
943	1949296
944	1950296
945	1951296
946	1952296
947	1953296
948	1954296
949	1955296
950	1956296
951	1957296
952	1958296
953	1959296
954	1960296
955	1961296
956	1962296
957	1963296
958	1964296
959	1965296
960	1966296
961	1967296
962	1968296
963	1969296
964	1970296
965	1971296
966	1972296
967	1973296
968	1974296
969	1975296
970	1976296
971	1977296
972	1978296
973	1979296
974	1980296
975	1981296
976	1982296
977	1983296
978	1984296
979	1985296
980	1986296
981	1987296
982	1988296
983	1989296
984	1990296
985	1991296
986	1992296
987	1993296
988	1994296
989	1995296
990	1996296
991	1997296
992	1998296
993	1999296
994	2000296
995	2001296
996	2002296
997	2003296
998	2004296
999	2005296
1000	2006296
1001	2007296
1002	2008296
1003	2009296
1004	2010296
1005	2011296
1006	2012296
1007	2013296
1008	2014296
1009	2015296
1010	2016296
1011	2017296
1012	2018296
1013	2019296
1014	2020296
1015	2021296
1016	2022296
1017	2023296
1018	2024296
1019	2025296
1020	2026296
1021	2027296
1022	2028296
1023	2029296
1024	2030296
1025	2031296
1026	2032296
1027	2033296
1028	2034296
1029	2035296
1030	2036296
1031	2037296
1032	2038296
1033	2039296
1034	2040296
1035	2041296
1036	2042296
1037	2043296
1038	2044296
1039	2045296
1040	2046296
1041	2047292
1042	2048296
1043	2049296
1044	2050296
1045	2051296
1046	2052296
1047	2053296
1048	2054296
1049	2055296
1050	2056296
1051	2057296
1052	2058296
1053	2059296
1054	2060296
1055	2061296
1056	2062296
1057	2063296
1058	2064296
1059	2065296
1060	2066296
1061	2067296
1062	2068296
1063	2069296
1064	2070296
1065	2071296
1066	2072296
1067	2073296
1068	2074296
1069	2075296
1070	2076296
1071	2077296
1072	2078296
1073	2079296
1074	2080296
1075	2081296
1076	2082296
1077	2083296
1078	2084296
1079	2085296
1080	2086296
1081	2087296
1082	2088296
1083	2089296
1084	2090296
1085	2091296
1086	2092296
1087	2093296
1088	2094296
1089	2095296
1090	2096296
1091	2097296
1092	2098296
1093	2099296
1094	2100296
1095	2101296
1096	2102296
1097	2103296
1098	2104296
1099	2105296
1100	2106296
1101	2107296
1102	2108296
1103	2109296
1104	2110296
1105	2111296
1106	2112296
1107	2113296
1108	2114290
1109	2115296
1110	2116296
1111	2117296
1112	2118296
1113	2119296
1114	2120296
1115	2121296
1116	2122296
1117	2123296
1118	2124296
1119	2125296
1120	2126296
1121	2127296
1122	2128296
1123	2129296
1124	2130296
1125	2131296
1126	2132296
1127	2133296
1128	2134296
1129	2135296
1130	2136296
1131	2137296
1132	2138296
1133	2139296
1134	2140296
1135	2141296
1136	2142296
1137	2143296
1138	2144296
1139	2145296
1140	2146296
1141	2147296
1142	2148296
1143	2149296
1144	2150296
1145	2151296
1146	2152296
1147	2153296
1148	2154296
1149	2155296
1150	2156296
1151	2157296
1152	2158296
1153	2159296
1154	2160296
1155	2161296
1156	2162296
1157	2163296
1158	2164296
1159	2165296
1160	2166296
1161	2167296
1162	2168296
1163	2169296
1164	2170296
1165	2171296
1166	2172296
1167	2173296
1168	2174296
1169	2175296
1170	2176296
1171	2177296
1172	2178296
1173	2179296
1174	2180296
1175	2181296
1176	2182296
1177	2183296
1178	2184296
1179	2185296
1180	2186296
1181	2187296
1182	2188296
1183	2189296
1184	2190296
1185	2191296
1186	2192296
1187	2193296
1188	2194296
1189	2195296
1190	2196296
1191	2197296
1192	2198296
1193	2199296
1194	2200296
1195	2201296
1196	2202296
1197	2203296
1198	2204296
1199	2205296
1200	2206296
1201	2207296
1202	2208296
1203	2209296
1204	2210296
1205	2211296
1206	2212296
1207	2213296
1208	2214296
1209	2215296
1210	2216296
1211	2217296
1212	2218296
1213	2219296
1214	2220296
1215	2221296
1216	2222296
1217	2223296
1218	2224296
1219	2225296
1220	2226296
1221	2227296
1222	2228296
1223	2229296
1224	2230296
1225	2231296
1226	2232296
1227	2233296
1228	2234296
1229	2235296
1230	2236296
1231	2237296
1232	2238296
1233	2239296
1234	2240296
1235	2241296
1236	2242296
1237	2243296
1238	2244296
1239	2245296
1240	2246296
1241	2247296
1242	2248296
1243	2249296
1244	2250296
1245	2251296
1246	2252296
1247	2253296
1248	2254296
1249	2255296
1250	2256296
1251	2257296
1252	2258296
1253	2259296
1254	2260296
1255	2261296
1256	2262296
1257	2263296
1258	2264296
1259	2265296
1260	2266296
1261	2267296
1262	2268296
1263	2269296
1264	2270296
1265	2271296
1266	2272296
1267	2273296
1268	2274296
1269	2275296
1270	2276296
1271	2277296
1272	2278296
1273	2279296
1274	2280296
1275	2281296
1276	2282296
1277	2283296
1278	2284296
1279	2285296
1280	2286296
1281	2287296
1282	2288296
1283	2289296
1284	2290294
1285	2291296
1286	2292296
1287	2293296
1288	2294296
1289	2295296
1290	2296296
1291	2297296
1292	2298296
1293	2299296
1294	2300296
1295	2301296
1296	2302296
1297	2303292
1298	2304296
1299	2305296
1300	2306296
1301	2307296
1302	2308296
1303	2309296
1304	2310296
1305	2311296
1306	2312296
1307	2313296
1308	2314296
1309	2315296
1310	2316296
1311	2317296
1312	2318296
1313	2319296
1314	2320296
1315	2321296
1316	2322296
1317	2323296
1318	2324296
1319	2325296
1320	2326296
1321	2327296
1322	2328296
1323	2329296
1324	2330296
1325	2331296
1326	2332296
1327	2333296
1328	2334296
1329	2335296
1330	2336296
1331	2337296
1332	2338296
1333	2339296
1334	2340296
1335	2341296
1336	2342296
1337	2343296
1338	2344296
1339	2345296
1340	2346296
1341	2347296
1342	2348296
1343	2349296
1344	2350296
1345	2351296
1346	2352296
1347	2353296
1348	2354296
1349	2355296
1350	2356296
1351	2357296
1352	2358296
1353	2359296
1354	2360296
1355	2361296
1356	2362296
1357	2363296
1358	2364296
1359	2365296
1360	2366296
1361	2367296
1362	2368296
1363	2369296
1364	2370294
1365	2371296
1366	2372296
1367	2373296
1368	2374296
1369	2375296
1370	2376296
1371	2377296
1372	2378296
1373	2379296
1374	2380296
1375	2381296
1376	2382296
1377	2383296
1378	2384296
1379	2385296
1380	2386296
1381	2387296
1382	2388296
1383	2389296
1384	2390296
1385	2391296
1386	2392296
1387	2393296
1388	2394296
1389	2395296
1390	2396296
1391	2397296
1392	2398296
1393	2399296
1394	2400296
1395	2401296
1396	2402296
1397	2403296
1398	2404296
1399	2405296
1400	2406296
1401	2407296
1402	2408296
1403	2409296
1404	2410296
1405	2411296
1406	2412296
1407	2413296
1408	2414296
1409	2415296
1410	2416296
1411	2417296
1412	2418296
1413	2419296
1414	2420296
1415	2421296
1416	2422296
1417	2423296
1418	2424296
1419	2425296
1420	2426296
1421	2427296
1422	2428296
1423	2429296
1424	2430296
1425	2431296
1426	2432296
1427	2433296
1428	2434296
1429	2435296
1430	2436296
1431	2437296
1432	2438296
1433	2439296
1434	2440296
1435	2441296
1436	2442296
1437	2443296
1438	2444296
1439	2445296
1440	2446296
1441	2447296
1442	2448296
1443	2449296
1444	2450296
1445	2451296
1446	2452296
1447	2453296
1448	2454296
1449	2455296
1450	2456296
1451	2457296
1452	2458296
1453	2459296
1454	2460296
1455	2461296
1456	2462296
1457	2463296
1458	2464296
1459	2465296
1460	2466296
1461	2467296
1462	2468296
1463	2469296
1464	2470296
1465	2471296
1466	2472296
1467	2473296
1468	2474296
1469	2475296
1470	2476296
1471	2477296
1472	2478296
1473	2479296
1474	2480296
1475	2481296
1476	2482296
1477	2483296
1478	2484296
1479	2485296
1480	2486296
1481	2487296
1482	2488296
1483	2489296
1484	2490296
1485	2491296
1486	2492296
1487	2493296
1488	2494296
1489	2495296
1490	2496296
1491	2497296
1492	2498296
1493	2499296
1494	2500296
1495	2501296
1496	2502296
1497	2503296
1498	2504296
1499	2505296
1500	2506296
1501	2507296
1502	2508296
1503	2509296
1504	2510296
1505	2511296
1506	2512296
1507	2513296
1508	2514296
1509	2515296
1510	2516296
1511	2517296
1512	2518296
1513	2519296
1514	2520296
1515	2521296
1516	2522296
1517	2523296
1518	2524296
1519	2525296
1520	2526296
1521	2527296
1522	2528296
1523	2529296
1524	2530296
1525	2531296
1526	2532296
1527	2533296
1528	2534296
1529	2535296
1530	2536296
1531	2537296
1532	2538296
1533	2539296
1534	2540296
1535	2541296
1536	2542296
1537	2543296
1538	2544296
1539	2545296
1540	2546296
1541	2547296
1542	2548296
1543	2549296
1544	2550296
1545	2551296
1546	2552296
1547	2553296
1548	2554296
1549	2555296
1550	2556296
1551	2557296
1552	2558296
1553	2559292
1554	2560296
1555	2561296
1556	2562296
1557	2563296
1558	2564296
1559	2565296
1560	2566296
1561	2567296
1562	2568296
1563	2569296
1564	2570296
1565	2571296
1566	2572296
1567	2573296
1568	2574296
1569	2575296
1570	2576296
1571	2577296
1572	2578296
1573	2579296
1574	2580296
1575	2581296
1576	2582296
1577	2583296
1578	2584296
1579	2585296
1580	2586296
1581	2587296
1582	2588296
1583	2589296
1584	2590296
1585	2591296
1586	2592296
1587	2593296
1588	2594296
1589	2595296
1590	2596296
1591	2597296
1592	2598296
1593	2599296
1594	2600296
1595	2601296
1596	2602296
1597	2603296
1598	2604296
1599	2605296
1600	2606296
1601	2607296
1602	2608296
1603	2609296
1604	2610296
1605	2611296
1606	2612296
1607	2613296
1608	2614296
1609	2615296
1610	2616296
1611	2617296
1612	2618296
1613	2619296
1614	2620296
1615	2621296
1616	2622296
1617	2623296
1618	2624296
1619	2625296
1620	2626294
1621	2627296
1622	2628296
1623	2629296
1624	2630296
1625	2631296
1626	2632296
1627	2633296
1628	2634296
1629	2635296
1630	2636296
1631	2637296
1632	2638296
1633	2639296
1634	2640296
1635	2641296
1636	2642296
1637	2643296
1638	2644296
1639	2645296
1640	2646296
1641	2647296
1642	2648296
1643	2649296
1644	2650296
1645	2651296
1646	2652296
1647	2653296
1648	2654296
1649	2655296
1650	2656296
1651	2657296
1652	2658296
1653	2659296
1654	2660296
1655	2661296
1656	2662296
1657	2663296
1658	2664296
1659	2665296
1660	2666296
1661	2667296
1662	2668296
1663	2669296
1664	2670296
1665	2671296
1666	2672296
1667	2673296
1668	2674296
1669	2675296
1670	2676296
1671	2677296
1672	2678296
1673	2679296
1674	2680296
1675	2681296
1676	2682296
1677	2683296
1678	2684296
1679	2685296
1680	2686296
1681	2687296
1682	2688296
1683	2689296
1684	2690296
1685	2691296
1686	2692296
1687	2693296
1688	2694296
1689	2695296
1690	2696296
1691	2697296
1692	2698296
1693	2699296
1694	2700296
1695	2701296
1696	2702296
1697	2703296
1698	2704296
1699	2705296
1700	2706296
1701	2707296
1702	2708296
1703	2709296
1704	2710296
1705	2711296
1706	2712296
1707	2713296
1708	2714296
1709	2715296
1710	2716296
1711	2717296
1712	2718296
1713	2719296
1714	2720296
1715	2721296
1716	2722296
1717	2723296
1718	2724296
1719	2725296
1720	2726296
1721	2727296
1722	2728296
1723	2729296
1724	2730296
1725	2731296
1726	2732296
1727	2733296
1728	2734296
1729	2735296
1730	2736296
1731	2737296
1732	2738296
1733	2739296
1734	2740296
1735	2741296
1736	2742296
1737	2743296
1738	2744296
1739	2745296
1740	2746296
1741	2747296
1742	2748296
1743	2749296
1744	2750296
1745	2751296
1746	2752296
1747	2753296
1748	2754296
1749	2755296
1750	2756296
1751	2757296
1752	2758296
1753	2759296
1754	2760296
1755	2761296
1756	2762296
1757	2763296
1758	2764296
1759	2765296
1760	2766296
1761	2767296
1762	2768296
1763	2769296
1764	2770296
1765	2771296
1766	2772296
1767	2773296
1768	2774296
1769	2775296
1770	2776296
1771	2777296
1772	2778296
1773	2779296
1774	2780296
1775	2781296
1776	2782296
1777	2783296
1778	2784296
1779	2785296
1780	2786296
1781	2787296
1782	2788296
1783	2789296
1784	2790296
1785	2791296
1786	2792296
1787	2793296
1788	2794296
1789	2795296
1790	2796296
1791	2797296
1792	2798296
1793	2799296
1794	2800296
1795	2801296
1796	2802296
1797	2803296
1798	2804296
1799	2805296
1800	2806296
1801	2807296
1802	2808296
1803	2809296
1804	2810296
1805	2811296
1806	2812296
1807	2813296
1808	2814296
1809	2815292
1810	2816296
1811	2817296
1812	2818296
1813	2819296
1814	2820296
1815	2821296
1816	2822296
1817	2823296
1818	2824296
1819	2825296
1820	2826296
1821	2827296
1822	2828296
1823	2829296
1824	2830296
1825	2831296
1826	2832296
1827	2833296
1828	2834296
1829	2835296
1830	2836296
1831	2837296
1832	2838296
1833	2839296
1834	2840296
1835	2841296
1836	2842296
1837	2843296
1838	2844296
1839	2845296
1840	2846296
1841	2847296
1842	2848296
1843	2849296
1844	2850296
1845	2851296
1846	2852296
1847	2853296
1848	2854296
1849	2855296
1850	2856296
1851	2857296
1852	2858294
1853	2859296
1854	2860296
1855	2861296
1856	2862296
1857	2863296
1858	2864296
1859	2865296
1860	2866296
1861	2867296
1862	2868296
1863	2869296
1864	2870296
1865	2871296
1866	2872296
1867	2873296
1868	2874296
1869	2875296
1870	2876296
1871	2877296
1872	2878296
1873	2879296
1874	2880296
1875	2881296
1876	2882294
1877	2883296
1878	2884296
1879	2885296
1880	2886296
1881	2887296
1882	2888296
1883	2889296
1884	2890296
1885	2891296
1886	2892296
1887	2893296
1888	2894296
1889	2895296
1890	2896296
1891	2897296
1892	2898296
1893	2899296
1894	2900296
1895	2901296
1896	2902296
1897	2903296
1898	2904296
1899	2905296
1900	2906296
1901	2907296
1902	2908296
1903	2909296
1904	2910296
1905	2911296
1906	2912296
1907	2913296
1908	2914296
1909	2915296
1910	2916296
1911	2917296
1912	2918296
1913	2919296
1914	2920296
1915	2921296
1916	2922296
1917	2923296
1918	2924296
1919	2925296
1920	2926296
1921	2927296
1922	2928296
1923	2929296
1924	2930296
1925	2931296
1926	2932296
1927	2933296
1928	2934296
1929	2935296
1930	2936296
1931	2937296
1932	2938296
1933	2939296
1934	2940296
1935	2941296
1936	2942296
1937	2943296
1938	2944296
1939	2945296
1940	2946296
1941	2947296
1942	2948296
1943	2949296
1944	2950296
1945	2951296
1946	2952296
1947	2953296
1948	2954296
1949	2955296
1950	2956296
1951	2957296
1952	2958296
1953	2959296
1954	2960296
1955	2961296
1956	2962296
1957	2963296
1958	2964296
1959	2965296
1960	2966296
1961	2967296
1962	2968296
1963	2969296
1964	2970296
1965	2971296
1966	2972296
1967	2973296
1968	2974296
1969	2975296
1970	2976296
1971	2977296
1972	2978296
1973	2979296
1974	2980296
1975	2981296
1976	2982296
1977	2983296
1978	2984296
1979	2985296
1980	2986296
1981	2987296
1982	2988296
1983	2989296
1984	2990296
1985	2991296
1986	2992296
1987	2993296
1988	2994296
1989	2995296
1990	2996296
1991	2997296
1992	2998296
1993	2999296
1994	3000296
1995	3001296
1996	3002296
1997	3003296
1998	3004296
1999	3005296
2000	3006296
2001	3007296
2002	3008296
2003	3009296
2004	3010296
2005	3011296
2006	3012296
2007	3013296
2008	3014296
2009	3015296
2010	3016296
2011	3017296
2012	3018296
2013	3019296
2014	3020296
2015	3021296
2016	3022296
2017	3023296
2018	3024296
2019	3025296
2020	3026296
2021	3027296
2022	3028296
2023	3029296
2024	3030296
2025	3031296
2026	3032296
2027	3033296
2028	3034296
2029	3035296
2030	3036296
2031	3037296
2032	3038296
2033	3039296
2034	3040296
2035	3041296
2036	3042296
2037	3043296
2038	3044296
2039	3045296
2040	3046296
2041	3047296
2042	3048296
2043	3049296
2044	3050296
2045	3051296
2046	3052296
2047	3053296
2048	3054296
2049	3055296
2050	3056296
2051	3057296
2052	3058296
2053	3059296
2054	3060296
2055	3061296
2056	3062296
2057	3063296
2058	3064296
2059	3065296
2060	3066296
2061	3067296
2062	3068296
2063	3069296
2064	3070296
2065	3071292
2066	3072296
2067	3073296
2068	3074296
2069	3075296
2070	3076296
2071	3077296
2072	3078296
2073	3079296
2074	3080296
2075	3081296
2076	3082296
2077	3083296
2078	3084296
2079	3085296
2080	3086296
2081	3087296
2082	3088296
2083	3089296
2084	3090296
2085	3091296
2086	3092296
2087	3093296
2088	3094296
2089	3095296
2090	3096296
2091	3097296
2092	3098296
2093	3099296
2094	3100296
2095	3101296
2096	3102296
2097	3103296
2098	3104296
2099	3105296
2100	3106296
2101	3107296
2102	3108296
2103	3109296
2104	3110296
2105	3111296
2106	3112296
2107	3113296
2108	3114296
2109	3115296
2110	3116296
2111	3117296
2112	3118296
2113	3119296
2114	3120296
2115	3121296
2116	3122296
2117	3123296
2118	3124296
2119	3125296
2120	3126296
2121	3127296
2122	3128296
2123	3129296
2124	3130296
2125	3131296
2126	3132296
2127	3133296
2128	3134296
2129	3135296
2130	3136296
2131	3137296
2132	3138294
2133	3139296
2134	3140296
2135	3141296
2136	3142296
2137	3143296
2138	3144296
2139	3145296
2140	3146296
2141	3147296
2142	3148296
2143	3149296
2144	3150296
2145	3151296
2146	3152296
2147	3153296
2148	3154296
2149	3155296
2150	3156296
2151	3157296
2152	3158296
2153	3159296
2154	3160296
2155	3161296
2156	3162296
2157	3163296
2158	3164296
2159	3165296
2160	3166296
2161	3167296
2162	3168296
2163	3169296
2164	3170296
2165	3171296
2166	3172296
2167	3173296
2168	3174296
2169	3175296
2170	3176296
2171	3177296
2172	3178296
2173	3179296
2174	3180296
2175	3181296
2176	3182296
2177	3183296
2178	3184296
2179	3185296
2180	3186296
2181	3187296
2182	3188296
2183	3189296
2184	3190296
2185	3191296
2186	3192296
2187	3193296
2188	3194296
2189	3195296
2190	3196296
2191	3197296
2192	3198296
2193	3199296
2194	3200296
2195	3201296
2196	3202296
2197	3203296
2198	3204296
2199	3205296
2200	3206296
2201	3207296
2202	3208296
2203	3209296
2204	3210296
2205	3211296
2206	3212296
2207	3213296
2208	3214296
2209	3215296
2210	3216296
2211	3217296
2212	3218296
2213	3219296
2214	3220296
2215	3221296
2216	3222296
2217	3223296
2218	3224296
2219	3225296
2220	3226296
2221	3227296
2222	3228296
2223	3229296
2224	3230296
2225	3231296
2226	3232296
2227	3233296
2228	3234296
2229	3235296
2230	3236296
2231	3237296
2232	3238296
2233	3239296
2234	3240296
2235	3241296
2236	3242296
2237	3243296
2238	3244296
2239	3245296
2240	3246296
2241	3247296
2242	3248296
2243	3249296
2244	3250296
2245	3251296
2246	3252296
2247	3253296
2248	3254296
2249	3255296
2250	3256296
2251	3257296
2252	3258296
2253	3259296
2254	3260296
2255	3261296
2256	3262296
2257	3263296
2258	3264296
2259	3265296
2260	3266296
2261	3267296
2262	3268296
2263	3269296
2264	3270296
2265	3271296
2266	3272296
2267	3273296
2268	3274296
2269	3275296
2270	3276296
2271	3277296
2272	3278296
2273	3279296
2274	3280296
2275	3281296
2276	3282296
2277	3283296
2278	3284296
2279	3285296
2280	3286296
2281	3287296
2282	3288296
2283	3289296
2284	3290296
2285	3291296
2286	3292296
2287	3293296
2288	3294296
2289	3295296
2290	3296296
2291	3297296
2292	3298296
2293	3299296
2294	3300296
2295	3301296
2296	3302296
2297	3303296
2298	3304296
2299	3305296
2300	3306296
2301	3307296
2302	3308296
2303	3309296
2304	3310296
2305	3311296
2306	3312296
2307	3313296
2308	3314296
2309	3315296
2310	3316296
2311	3317296
2312	3318296
2313	3319296
2314	3320296
2315	3321296
2316	3322296
2317	3323296
2318	3324296
2319	3325296
2320	3326296
2321	3327292
2322	3328296
2323	3329296
2324	3330296
2325	3331296
2326	3332296
2327	3333296
2328	3334296
2329	3335296
2330	3336296
2331	3337296
2332	3338296
2333	3339296
2334	3340296
2335	3341296
2336	3342296
2337	3343296
2338	3344296
2339	3345296
2340	3346296
2341	3347296
2342	3348296
2343	3349296
2344	3350296
2345	3351296
2346	3352296
2347	3353296
2348	3354296
2349	3355296
2350	3356296
2351	3357296
2352	3358296
2353	3359296
2354	3360296
2355	3361296
2356	3362296
2357	3363296
2358	3364296
2359	3365296
2360	3366296
2361	3367296
2362	3368296
2363	3369296
2364	3370296
2365	3371296
2366	3372296
2367	3373296
2368	3374296
2369	3375296
2370	3376296
2371	3377296
2372	3378296
2373	3379296
2374	3380296
2375	3381296
2376	3382296
2377	3383296
2378	3384296
2379	3385296
2380	3386296
2381	3387296
2382	3388296
2383	3389296
2384	3390296
2385	3391296
2386	3392296
2387	3393296
2388	3394294
2389	3395296
2390	3396296
2391	3397296
2392	3398296
2393	3399296
2394	3400296
2395	3401296
2396	3402296
2397	3403296
2398	3404296
2399	3405296
2400	3406296
2401	3407296
2402	3408296
2403	3409296
2404	3410296
2405	3411296
2406	3412296
2407	3413296
2408	3414296
2409	3415296
2410	3416296
2411	3417296
2412	3418296
2413	3419296
2414	3420296
2415	3421296
2416	3422296
2417	3423296
2418	3424296
2419	3425296
2420	3426296
2421	3427296
2422	3428296
2423	3429296
2424	3430296
2425	3431296
2426	3432296
2427	3433296
2428	3434296
2429	3435296
2430	3436296
2431	3437296
2432	3438296
2433	3439296
2434	3440296
2435	3441296
2436	3442296
2437	3443296
2438	3444296
2439	3445296
2440	3446296
2441	3447296
2442	3448296
2443	3449296
2444	3450296
2445	3451296
2446	3452296
2447	3453296
2448	3454296
2449	3455296
2450	3456296
2451	3457296
2452	3458296
2453	3459296
2454	3460296
2455	3461296
2456	3462296
2457	3463296
2458	3464296
2459	3465296
2460	3466296
2461	3467296
2462	3468296
2463	3469296
2464	3470296
2465	3471296
2466	3472296
2467	3473296
2468	3474296
2469	3475296
2470	3476296
2471	3477296
2472	3478296
2473	3479296
2474	3480296
2475	3481296
2476	3482296
2477	3483296
2478	3484296
2479	3485296
2480	3486296
2481	3487296
2482	3488296
2483	3489296
2484	3490296
2485	3491296
2486	3492296
2487	3493296
2488	3494296
2489	3495296
2490	3496296
2491	3497296
2492	3498296
2493	3499296
2494	3500296
2495	3501296
2496	3502296
2497	3503296
2498	3504296
2499	3505296
2500	3506296
2501	3507296
2502	3508296
2503	3509296
2504	3510296
2505	3511296
2506	3512296
2507	3513296
2508	3514296
2509	3515296
2510	3516296
2511	3517296
2512	3518296
2513	3519296
2514	3520296
2515	3521296
2516	3522296
2517	3523296
2518	3524296
2519	3525296
2520	3526296
2521	3527296
2522	3528296
2523	3529296
2524	3530296
2525	3531296
2526	3532296
2527	3533296
2528	3534296
2529	3535296
2530	3536296
2531	3537296
2532	3538296
2533	3539296
2534	3540296
2535	3541296
2536	3542296
2537	3543296
2538	3544296
2539	3545296
2540	3546296
2541	3547296
2542	3548296
2543	3549296
2544	3550296
2545	3551296
2546	3552296
2547	3553296
2548	3554296
2549	3555296
2550	3556296
2551	3557296
2552	3558296
2553	3559296
2554	3560296
2555	3561296
2556	3562296
2557	3563296
2558	3564296
2559	3565296
2560	3566296
2561	3567294
2562	3568296
2563	3569296
2564	3570296
2565	3571296
2566	3572296
2567	3573296
2568	3574296
2569	3575296
2570	3576296
2571	3577296
2572	3578296
2573	3579296
2574	3580296
2575	3581296
2576	3582296
2577	3583292
2578	3584296
2579	3585296
2580	3586296
2581	3587296
2582	3588296
2583	3589296
2584	3590296
2585	3591296
2586	3592296
2587	3593296
2588	3594296
2589	3595296
2590	3596296
2591	3597296
2592	3598296
2593	3599296
2594	3600296
2595	3601296
2596	3602296
2597	3603296
2598	3604296
2599	3605296
2600	3606296
2601	3607296
2602	3608296
2603	3609296
2604	3610296
2605	3611296
2606	3612296
2607	3613296
2608	3614296
2609	3615296
2610	3616296
2611	3617296
2612	3618296
2613	3619296
2614	3620296
2615	3621296
2616	3622296
2617	3623296
2618	3624296
2619	3625296
2620	3626296
2621	3627296
2622	3628296
2623	3629296
2624	3630296
2625	3631296
2626	3632296
2627	3633296
2628	3634296
2629	3635296
2630	3636296
2631	3637296
2632	3638296
2633	3639296
2634	3640296
2635	3641296
2636	3642296
2637	3643296
2638	3644296
2639	3645296
2640	3646296
2641	3647296
2642	3648296
2643	3649296
2644	3650292
2645	3651296
2646	3652296
2647	3653296
2648	3654296
2649	3655296
2650	3656296
2651	3657296
2652	3658296
2653	3659296
2654	3660296
2655	3661296
2656	3662296
2657	3663296
2658	3664296
2659	3665296
2660	3666296
2661	3667296
2662	3668296
2663	3669296
2664	3670296
2665	3671296
2666	3672296
2667	3673296
2668	3674296
2669	3675296
2670	3676296
2671	3677296
2672	3678296
2673	3679296
2674	3680296
2675	3681296
2676	3682296
2677	3683296
2678	3684296
2679	3685296
2680	3686296
2681	3687296
2682	3688296
2683	3689296
2684	3690296
2685	3691296
2686	3692296
2687	3693296
2688	3694296
2689	3695296
2690	3696296
2691	3697296
2692	3698296
2693	3699296
2694	3700296
2695	3701296
2696	3702296
2697	3703296
2698	3704296
2699	3705296
2700	3706296
2701	3707296
2702	3708296
2703	3709296
2704	3710296
2705	3711296
2706	3712296
2707	3713296
2708	3714296
2709	3715296
2710	3716296
2711	3717296
2712	3718296
2713	3719296
2714	3720296
2715	3721296
2716	3722296
2717	3723296
2718	3724296
2719	3725296
2720	3726296
2721	3727296
2722	3728296
2723	3729296
2724	3730296
2725	3731296
2726	3732296
2727	3733296
2728	3734296
2729	3735296
2730	3736296
2731	3737296
2732	3738296
2733	3739296
2734	3740296
2735	3741296
2736	3742296
2737	3743296
2738	3744296
2739	3745296
2740	3746296
2741	3747296
2742	3748296
2743	3749296
2744	3750296
2745	3751296
2746	3752296
2747	3753296
2748	3754296
2749	3755296
2750	3756296
2751	3757296
2752	3758296
2753	3759296
2754	3760296
2755	3761296
2756	3762296
2757	3763296
2758	3764296
2759	3765296
2760	3766296
2761	3767296
2762	3768296
2763	3769296
2764	3770296
2765	3771296
2766	3772296
2767	3773296
2768	3774296
2769	3775296
2770	3776296
2771	3777296
2772	3778296
2773	3779296
2774	3780296
2775	3781296
2776	3782296
2777	3783296
2778	3784296
2779	3785296
2780	3786296
2781	3787296
2782	3788296
2783	3789296
2784	3790296
2785	3791296
2786	3792296
2787	3793296
2788	3794296
2789	3795296
2790	3796296
2791	3797296
2792	3798296
2793	3799296
2794	3800296
2795	3801296
2796	3802296
2797	3803296
2798	3804296
2799	3805296
2800	3806308
2801	3807296
2802	3808296
2803	3809296
2804	3810296
2805	3811296
2806	3812296
2807	3813296
2808	3814296
2809	3815296
2810	3816296
2811	3817296
2812	3818296
2813	3819296
2814	3820296
2815	3821296
2816	3822296
2817	3823296
2818	3824296
2819	3825296
2820	3826296
2821	3827296
2822	3828296
2823	3829296
2824	3830296
2825	3831296
2826	3832296
2827	3833296
2828	3834296
2829	3835296
2830	3836296
2831	3837296
2832	3838296
2833	3839292
2834	3840296
2835	3841296
2836	3842296
2837	3843296
2838	3844296
2839	3845296
2840	3846296
2841	3847296
2842	3848296
2843	3849296
2844	3850296
2845	3851296
2846	3852296
2847	3853296
2848	3854296
2849	3855296
2850	3856296
2851	3857296
2852	3858296
2853	3859296
2854	3860296
2855	3861296
2856	3862296
2857	3863296
2858	3864296
2859	3865296
2860	3866296
2861	3867296
2862	3868296
2863	3869296
2864	3870296
2865	3871296
2866	3872296
2867	3873296
2868	3874296
2869	3875296
2870	3876296
2871	3877296
2872	3878296
2873	3879296
2874	3880296
2875	3881296
2876	3882296
2877	3883296
2878	3884296
2879	3885296
2880	3886296
2881	3887296
2882	3888296
2883	3889296
2884	3890296
2885	3891296
2886	3892296
2887	3893296
2888	3894296
2889	3895296
2890	3896296
2891	3897296
2892	3898296
2893	3899296
2894	3900296
2895	3901296
2896	3902296
2897	3903296
2898	3904296
2899	3905296
2900	3906294
2901	3907296
2902	3908296
2903	3909296
2904	3910296
2905	3911296
2906	3912296
2907	3913296
2908	3914296
2909	3915296
2910	3916296
2911	3917296
2912	3918296
2913	3919296
2914	3920296
2915	3921296
2916	3922296
2917	3923296
2918	3924296
2919	3925296
2920	3926296
2921	3927296
2922	3928296
2923	3929296
2924	3930296
2925	3931296
2926	3932296
2927	3933296
2928	3934296
2929	3935296
2930	3936296
2931	3937296
2932	3938296
2933	3939296
2934	3940296
2935	3941296
2936	3942296
2937	3943296
2938	3944296
2939	3945296
2940	3946296
2941	3947296
2942	3948296
2943	3949296
2944	3950296
2945	3951296
2946	3952296
2947	3953296
2948	3954296
2949	3955296
2950	3956296
2951	3957296
2952	3958296
2953	3959296
2954	3960296
2955	3961296
2956	3962296
2957	3963296
2958	3964296
2959	3965296
2960	3966296
2961	3967296
2962	3968296
2963	3969296
2964	3970296
2965	3971296
2966	3972296
2967	3973296
2968	3974296
2969	3975296
2970	3976296
2971	3977296
2972	3978296
2973	3979296
2974	3980296
2975	3981296
2976	3982296
2977	3983296
2978	3984296
2979	3985296
2980	3986296
2981	3987296
2982	3988296
2983	3989296
2984	3990296
2985	3991296
2986	3992296
2987	3993296
2988	3994296
2989	3995296
2990	3996296
2991	3997296
2992	3998296
2993	3999296
2994	4000296
2995	4001296
2996	4002296
2997	4003296
2998	4004296
2999	4005296
3000	4006296
3001	4007296
3002	4008296
3003	4009296
3004	4010296
3005	4011296
3006	4012296
3007	4013296
3008	4014296
3009	4015296
3010	4016296
3011	4017296
3012	4018296
3013	4019296
3014	4020296
3015	4021296
3016	4022296
3017	4023296
3018	4024296
3019	4025296
3020	4026296
3021	4027296
3022	4028296
3023	4029296
3024	4030296
3025	4031296
3026	4032296
3027	4033296
3028	4034296
3029	4035296
3030	4036296
3031	4037296
3032	4038296
3033	4039296
3034	4040296
3035	4041296
3036	4042296
3037	4043296
3038	4044296
3039	4045296
3040	4046296
3041	4047296
3042	4048296
3043	4049296
3044	4050296
3045	4051296
3046	4052296
3047	4053296
3048	4054296
3049	4055296
3050	4056296
3051	4057296
3052	4058296
3053	4059296
3054	4060296
3055	4061296
3056	4062296
3057	4063296
3058	4064296
3059	4065296
3060	4066296
3061	4067296
3062	4068296
3063	4069296
3064	4070296
3065	4071296
3066	4072296
3067	4073296
3068	4074296
3069	4075296
3070	4076296
3071	4077296
3072	4078296
3073	4079296
3074	4080296
3075	4081296
3076	4082296
3077	4083296
3078	4084296
3079	4085296
3080	4086296
3081	4087296
3082	4088296
3083	4089296
3084	4090296
3085	4091296
3086	4092296
3087	4093296
3088	4094296
3089	4095292
3090	4096296
3091	4097296
3092	4098296
3093	4099296
3094	4100296
3095	4101296
3096	4102296
3097	4103296
3098	4104296
3099	4105296
3100	4106296
3101	4107296
3102	4108296
3103	4109296
3104	4110296
3105	4111296
3106	4112296
3107	4113296
3108	4114296
3109	4115296
3110	4116296
3111	4117296
3112	4118296
3113	4119296
3114	4120296
3115	4121296
3116	4122296
3117	4123296
3118	4124296
3119	4125296
3120	4126296
3121	4127296
3122	4128296
3123	4129296
3124	4130296
3125	4131296
3126	4132296
3127	4133296
3128	4134296
3129	4135296
3130	4136296
3131	4137296
3132	4138296
3133	4139296
3134	4140296
3135	4141296
3136	4142296
3137	4143296
3138	4144296
3139	4145296
3140	4146296
3141	4147296
3142	4148296
3143	4149296
3144	4150296
3145	4151296
3146	4152296
3147	4153296
3148	4154296
3149	4155296
3150	4156296
3151	4157296
3152	4158296
3153	4159296
3154	4160296
3155	4161296
3156	4162294
3157	4163296
3158	4164296
3159	4165296
3160	4166296
3161	4167296
3162	4168296
3163	4169296
3164	4170296
3165	4171296
3166	4172296
3167	4173296
3168	4174296
3169	4175296
3170	4176296
3171	4177296
3172	4178296
3173	4179296
3174	4180296
3175	4181296
3176	4182296
3177	4183296
3178	4184296
3179	4185296
3180	4186296
3181	4187296
3182	4188296
3183	4189296
3184	4190296
3185	4191296
3186	4192296
3187	4193296
3188	4194296
3189	4195296
3190	4196296
3191	4197296
3192	4198296
3193	4199296
3194	4200296
3195	4201296
3196	4202296
3197	4203296
3198	4204296
3199	4205296
3200	4206296
3201	4207296
3202	4208296
3203	4209296
3204	4210296
3205	4211296
3206	4212296
3207	4213296
3208	4214296
3209	4215296
3210	4216296
3211	4217296
3212	4218296
3213	4219296
3214	4220296
3215	4221296
3216	4222296
3217	4223296
3218	4224296
3219	4225296
3220	4226296
3221	4227296
3222	4228296
3223	4229296
3224	4230296
3225	4231296
3226	4232296
3227	4233296
3228	4234296
3229	4235296
3230	4236296
3231	4237296
3232	4238296
3233	4239296
3234	4240296
3235	4241296
3236	4242296
3237	4243296
3238	4244296
3239	4245296
3240	4246296
3241	4247296
3242	4248296
3243	4249296
3244	4250296
3245	4251296
3246	4252296
3247	4253296
3248	4254296
3249	4255296
3250	4256296
3251	4257296
3252	4258296
3253	4259296
3254	4260296
3255	4261296
3256	4262296
3257	4263296
3258	4264296
3259	4265296
3260	4266296
3261	4267296
3262	4268294
3263	4269294
3264	4270294
3265	4271294
3266	4272294
3267	4273294
3268	4274294
3269	4275294
3270	4276294
3271	4277294
3272	4278294
3273	4279294
3274	4280294
3275	4281294
3276	4282294
3277	4283294
3278	4284294
3279	4285296
3280	4286296
3281	4287296
3282	4288296
3283	4289296
3284	4290296
3285	4291296
3286	4292296
3287	4293296
3288	4294296
3289	4295296
3290	4296296
3291	4297296
3292	4298296
3293	4299296
3294	4300296
3295	4301296
3296	4302296
3297	4303296
3298	4304296
3299	4305296
3300	4306296
3301	4307296
3302	4308296
3303	4309296
3304	4310296
3305	4311296
3306	4312296
3307	4313296
3308	4314296
3309	4315296
3310	4316296
3311	4317296
3312	4318296
3313	4319296
3314	4320296
3315	4321296
3316	4322296
3317	4323296
3318	4324296
3319	4325296
3320	4326296
3321	4327296
3322	4328296
3323	4329296
3324	4330296
3325	4331296
3326	4332296
3327	4333296
3328	4334296
3329	4335296
3330	4336296
3331	4337296
3332	4338294
3333	4339296
3334	4340296
3335	4341296
3336	4342296
3337	4343296
3338	4344296
3339	4345296
3340	4346296
3341	4347296
3342	4348296
3343	4349296
3344	4350296
3345	4351292
3346	4352296
3347	4353296
3348	4354296
3349	4355296
3350	4356296
3351	4357296
3352	4358296
3353	4359296
3354	4360296
3355	4361296
3356	4362296
3357	4363296
3358	4364296
3359	4365296
3360	4366296
3361	4367296
3362	4368296
3363	4369296
3364	4370296
3365	4371296
3366	4372296
3367	4373296
3368	4374296
3369	4375296
3370	4376296
3371	4377296
3372	4378296
3373	4379296
3374	4380296
3375	4381296
3376	4382296
3377	4383296
3378	4384296
3379	4385296
3380	4386296
3381	4387296
3382	4388296
3383	4389296
3384	4390296
3385	4391296
3386	4392296
3387	4393296
3388	4394296
3389	4395296
3390	4396296
3391	4397296
3392	4398296
3393	4399296
3394	4400296
3395	4401296
3396	4402296
3397	4403296
3398	4404296
3399	4405296
3400	4406296
3401	4407296
3402	4408296
3403	4409296
3404	4410296
3405	4411296
3406	4412296
3407	4413296
3408	4414296
3409	4415296
3410	4416296
3411	4417296
3412	4418296
3413	4419296
3414	4420296
3415	4421296
3416	4422296
3417	4423296
3418	4424296
3419	4425296
3420	4426296
3421	4427296
3422	4428296
3423	4429296
3424	4430296
3425	4431296
3426	4432296
3427	4433296
3428	4434296
3429	4435296
3430	4436296
3431	4437296
3432	4438296
3433	4439296
3434	4440296
3435	4441296
3436	4442296
3437	4443296
3438	4444296
3439	4445296
3440	4446296
3441	4447296
3442	4448296
3443	4449296
3444	4450296
3445	4451296
3446	4452296
3447	4453296
3448	4454296
3449	4455296
3450	4456296
3451	4457296
3452	4458296
3453	4459296
3454	4460296
3455	4461296
3456	4462296
3457	4463296
3458	4464296
3459	4465296
3460	4466296
3461	4467296
3462	4468296
3463	4469296
3464	4470296
3465	4471296
3466	4472296
3467	4473296
3468	4474296
3469	4475296
3470	4476296
3471	4477296
3472	4478296
3473	4479296
3474	4480296
3475	4481296
3476	4482296
3477	4483296
3478	4484296
3479	4485296
3480	4486296
3481	4487296
3482	4488296
3483	4489296
3484	4490296
3485	4491296
3486	4492296
3487	4493296
3488	4494296
3489	4495296
3490	4496296
3491	4497296
3492	4498296
3493	4499296
3494	4500296
3495	4501296
3496	4502296
3497	4503296
3498	4504296
3499	4505296
3500	4506296
3501	4507296
3502	4508296
3503	4509296
3504	4510296
3505	4511296
3506	4512296
3507	4513296
3508	4514296
3509	4515296
3510	4516296
3511	4517296
3512	4518296
3513	4519296
3514	4520296
3515	4521296
3516	4522296
3517	4523296
3518	4524296
3519	4525296
3520	4526296
3521	4527296
3522	4528296
3523	4529296
3524	4530296
3525	4531296
3526	4532296
3527	4533296
3528	4534296
3529	4535296
3530	4536296
3531	4537296
3532	4538296
3533	4539296
3534	4540296
3535	4541296
3536	4542296
3537	4543296
3538	4544296
3539	4545296
3540	4546296
3541	4547296
3542	4548296
3543	4549296
3544	4550296
3545	4551296
3546	4552296
3547	4553296
3548	4554296
3549	4555296
3550	4556296
3551	4557296
3552	4558296
3553	4559296
3554	4560296
3555	4561296
3556	4562296
3557	4563296
3558	4564296
3559	4565296
3560	4566296
3561	4567296
3562	4568296
3563	4569296
3564	4570296
3565	4571296
3566	4572296
3567	4573296
3568	4574296
3569	4575296
3570	4576296
3571	4577296
3572	4578296
3573	4579296
3574	4580296
3575	4581296
3576	4582296
3577	4583296
3578	4584296
3579	4585296
3580	4586296
3581	4587296
3582	4588296
3583	4589296
3584	4590296
3585	4591296
3586	4592296
3587	4593296
3588	4594294
3589	4595296
3590	4596296
3591	4597296
3592	4598296
3593	4599296
3594	4600296
3595	4601296
3596	4602296
3597	4603296
3598	4604296
3599	4605296
3600	4606296
3601	4607292
3602	4608296
3603	4609296
3604	4610296
3605	4611296
3606	4612296
3607	4613296
3608	4614296
3609	4615296
3610	4616296
3611	4617296
3612	4618296
3613	4619296
3614	4620296
3615	4621296
3616	4622296
3617	4623296
3618	4624296
3619	4625296
3620	4626296
3621	4627296
3622	4628296
3623	4629296
3624	4630296
3625	4631296
3626	4632296
3627	4633296
3628	4634296
3629	4635296
3630	4636296
3631	4637296
3632	4638296
3633	4639296
3634	4640296
3635	4641296
3636	4642296
3637	4643296
3638	4644296
3639	4645296
3640	4646296
3641	4647296
3642	4648296
3643	4649296
3644	4650296
3645	4651296
3646	4652296
3647	4653296
3648	4654296
3649	4655296
3650	4656296
3651	4657296
3652	4658296
3653	4659296
3654	4660296
3655	4661296
3656	4662296
3657	4663296
3658	4664296
3659	4665296
3660	4666296
3661	4667296
3662	4668296
3663	4669296
3664	4670296
3665	4671296
3666	4672296
3667	4673296
3668	4674296
3669	4675296
3670	4676296
3671	4677296
3672	4678296
3673	4679296
3674	4680296
3675	4681296
3676	4682296
3677	4683296
3678	4684296
3679	4685296
3680	4686296
3681	4687296
3682	4688296
3683	4689296
3684	4690296
3685	4691296
3686	4692296
3687	4693296
3688	4694296
3689	4695296
3690	4696296
3691	4697296
3692	4698296
3693	4699296
3694	4700296
3695	4701296
3696	4702296
3697	4703296
3698	4704296
3699	4705296
3700	4706296
3701	4707296
3702	4708296
3703	4709296
3704	4710296
3705	4711296
3706	4712296
3707	4713296
3708	4714296
3709	4715296
3710	4716296
3711	4717296
3712	4718296
3713	4719296
3714	4720296
3715	4721296
3716	4722296
3717	4723296
3718	4724296
3719	4725296
3720	4726296
3721	4727296
3722	4728296
3723	4729296
3724	4730296
3725	4731296
3726	4732296
3727	4733296
3728	4734296
3729	4735296
3730	4736296
3731	4737296
3732	4738296
3733	4739296
3734	4740296
3735	4741296
3736	4742296
3737	4743296
3738	4744296
3739	4745296
3740	4746296
3741	4747296
3742	4748296
3743	4749296
3744	4750296
3745	4751296
3746	4752296
3747	4753296
3748	4754296
3749	4755296
3750	4756296
3751	4757296
3752	4758296
3753	4759296
3754	4760296
3755	4761296
3756	4762296
3757	4763296
3758	4764296
3759	4765296
3760	4766296
3761	4767296
3762	4768296
3763	4769296
3764	4770296
3765	4771296
3766	4772296
3767	4773296
3768	4774296
3769	4775296
3770	4776296
3771	4777296
3772	4778296
3773	4779296
3774	4780296
3775	4781296
3776	4782296
3777	4783296
3778	4784296
3779	4785296
3780	4786296
3781	4787296
3782	4788296
3783	4789296
3784	4790296
3785	4791296
3786	4792296
3787	4793296
3788	4794296
3789	4795296
3790	4796296
3791	4797296
3792	4798296
3793	4799296
3794	4800296
3795	4801296
3796	4802296
3797	4803296
3798	4804296
3799	4805296
3800	4806296
3801	4807296
3802	4808296
3803	4809296
3804	4810296
3805	4811296
3806	4812296
3807	4813296
3808	4814296
3809	4815296
3810	4816296
3811	4817296
3812	4818296
3813	4819296
3814	4820296
3815	4821296
3816	4822296
3817	4823296
3818	4824296
3819	4825296
3820	4826296
3821	4827296
3822	4828296
3823	4829296
3824	4830296
3825	4831296
3826	4832296
3827	4833296
3828	4834296
3829	4835296
3830	4836296
3831	4837296
3832	4838296
3833	4839296
3834	4840296
3835	4841296
3836	4842296
3837	4843296
3838	4844296
3839	4845296
3840	4846296
3841	4847296
3842	4848296
3843	4849296
3844	4850296
3845	4851296
3846	4852296
3847	4853296
3848	4854296
3849	4855296
3850	4856296
3851	4857296
3852	4858296
3853	4859296
3854	4860296
3855	4861296
3856	4862296
3857	4863292
3858	4864296
3859	4865296
3860	4866296
3861	4867296
3862	4868296
3863	4869296
3864	4870296
3865	4871296
3866	4872296
3867	4873296
3868	4874296
3869	4875296
3870	4876296
3871	4877296
3872	4878296
3873	4879296
3874	4880296
3875	4881296
3876	4882296
3877	4883296
3878	4884296
3879	4885296
3880	4886296
3881	4887296
3882	4888296
3883	4889296
3884	4890296
3885	4891296
3886	4892296
3887	4893296
3888	4894296
3889	4895296
3890	4896296
3891	4897296
3892	4898296
3893	4899296
3894	4900296
3895	4901296
3896	4902296
3897	4903296
3898	4904296
3899	4905296
3900	4906296
3901	4907296
3902	4908296
3903	4909296
3904	4910296
3905	4911296
3906	4912296
3907	4913296
3908	4914296
3909	4915296
3910	4916296
3911	4917296
3912	4918296
3913	4919296
3914	4920296
3915	4921296
3916	4922296
3917	4923296
3918	4924296
3919	4925296
3920	4926296
3921	4927296
3922	4928296
3923	4929296
3924	4930296
3925	4931296
3926	4932296
3927	4933296
3928	4934296
3929	4935296
3930	4936296
3931	4937296
3932	4938296
3933	4939296
3934	4940296
3935	4941296
3936	4942296
3937	4943296
3938	4944296
3939	4945296
3940	4946296
3941	4947296
3942	4948296
3943	4949296
3944	4950296
3945	4951296
3946	4952296
3947	4953296
3948	4954296
3949	4955296
3950	4956296
3951	4957296
3952	4958296
3953	4959296
3954	4960296
3955	4961296
3956	4962296
3957	4963296
3958	4964296
3959	4965296
3960	4966296
3961	4967296
3962	4968296
3963	4969296
3964	4970296
3965	4971296
3966	4972296
3967	4973296
3968	4974296
3969	4975296
3970	4976296
3971	4977296
3972	4978296
3973	4979296
3974	4980296
3975	4981296
3976	4982296
3977	4983296
3978	4984296
3979	4985296
3980	4986296
3981	4987296
3982	4988296
3983	4989296
3984	4990296
3985	4991296
3986	4992296
3987	4993296
3988	4994296
3989	4995296
3990	4996296
3991	4997296
3992	4998296
3993	4999296
3994	5000296
3995	5001296
3996	5002296
3997	5003296
3998	5004296
3999	5005296
4000	5006296
4001	5007296
4002	5008296
4003	5009296
4004	5010296
4005	5011296
4006	5012296
4007	5013296
4008	5014296
4009	5015296
4010	5016296
4011	5017296
4012	5018296
4013	5019296
4014	5020296
4015	5021296
4016	5022296
4017	5023296
4018	5024296
4019	5025296
4020	5026296
4021	5027296
4022	5028296
4023	5029296
4024	5030296
4025	5031296
4026	5032296
4027	5033296
4028	5034296
4029	5035296
4030	5036296
4031	5037296
4032	5038296
4033	5039296
4034	5040296
4035	5041296
4036	5042296
4037	5043296
4038	5044296
4039	5045296
4040	5046296
4041	5047296
4042	5048296
4043	5049296
4044	5050296
4045	5051296
4046	5052296
4047	5053296
4048	5054296
4049	5055296
4050	5056296
4051	5057296
4052	5058296
4053	5059296
4054	5060296
4055	5061296
4056	5062296
4057	5063296
4058	5064296
4059	5065296
4060	5066296
4061	5067296
4062	5068296
4063	5069296
4064	5070296
4065	5071296
4066	5072296
4067	5073296
4068	5074296
4069	5075296
4070	5076296
4071	5077296
4072	5078296
4073	5079296
4074	5080296
4075	5081296
4076	5082296
4077	5083296
4078	5084296
4079	5085296
4080	5086296
4081	5087296
4082	5088296
4083	5089296
4084	5090296
4085	5091296
4086	5092296
4087	5093296
4088	5094296
4089	5095296
4090	5096296
4091	5097296
4092	5098296
4093	5099296
4094	5100296
4095	5101296
4096	5102296
4097	5103296
4098	5104296
4099	5105296
4100	5106296
4101	5107296
4102	5108296
4103	5109296
4104	5110296
4105	5111296
4106	5112296
4107	5113296
4108	5114296
4109	5115296
4110	5116296
4111	5117296
4112	5118296
4113	5119292
4114	5120296
4115	5121296
4116	5122296
4117	5123296
4118	5124296
4119	5125296
4120	5126296
4121	5127296
4122	5128296
4123	5129296
4124	5130296
4125	5131296
4126	5132296
4127	5133296
4128	5134296
4129	5135296
4130	5136296
4131	5137296
4132	5138296
4133	5139296
4134	5140296
4135	5141296
4136	5142296
4137	5143296
4138	5144296
4139	5145296
4140	5146296
4141	5147296
4142	5148296
4143	5149296
4144	5150296
4145	5151296
4146	5152296
4147	5153296
4148	5154296
4149	5155296
4150	5156296
4151	5157296
4152	5158296
4153	5159296
4154	5160296
4155	5161296
4156	5162296
4157	5163296
4158	5164296
4159	5165296
4160	5166296
4161	5167296
4162	5168296
4163	5169296
4164	5170296
4165	5171296
4166	5172296
4167	5173296
4168	5174296
4169	5175296
4170	5176296
4171	5177296
4172	5178296
4173	5179296
4174	5180296
4175	5181296
4176	5182296
4177	5183296
4178	5184296
4179	5185296
4180	5186296
4181	5187296
4182	5188296
4183	5189296
4184	5190296
4185	5191296
4186	5192296
4187	5193296
4188	5194296
4189	5195296
4190	5196296
4191	5197296
4192	5198296
4193	5199296
4194	5200296
4195	5201296
4196	5202296
4197	5203296
4198	5204296
4199	5205296
4200	5206296
4201	5207296
4202	5208296
4203	5209296
4204	5210296
4205	5211296
4206	5212296
4207	5213296
4208	5214296
4209	5215296
4210	5216296
4211	5217296
4212	5218296
4213	5219296
4214	5220296
4215	5221296
4216	5222296
4217	5223296
4218	5224296
4219	5225296
4220	5226296
4221	5227296
4222	5228296
4223	5229296
4224	5230296
4225	5231296
4226	5232296
4227	5233296
4228	5234296
4229	5235296
4230	5236296
4231	5237296
4232	5238296
4233	5239296
4234	5240296
4235	5241296
4236	5242296
4237	5243296
4238	5244296
4239	5245296
4240	5246296
4241	5247296
4242	5248296
4243	5249296
4244	5250296
4245	5251296
4246	5252296
4247	5253296
4248	5254296
4249	5255296
4250	5256296
4251	5257296
4252	5258296
4253	5259296
4254	5260296
4255	5261296
4256	5262296
4257	5263296
4258	5264296
4259	5265296
4260	5266296
4261	5267296
4262	5268296
4263	5269296
4264	5270296
4265	5271296
4266	5272296
4267	5273296
4268	5274296
4269	5275296
4270	5276296
4271	5277296
4272	5278296
4273	5279296
4274	5280296
4275	5281296
4276	5282296
4277	5283296
4278	5284296
4279	5285296
4280	5286296
4281	5287296
4282	5288296
4283	5289296
4284	5290296
4285	5291296
4286	5292296
4287	5293296
4288	5294296
4289	5295296
4290	5296296
4291	5297296
4292	5298296
4293	5299296
4294	5300296
4295	5301296
4296	5302296
4297	5303296
4298	5304296
4299	5305296
4300	5306296
4301	5307296
4302	5308296
4303	5309296
4304	5310296
4305	5311296
4306	5312296
4307	5313296
4308	5314296
4309	5315296
4310	5316296
4311	5317296
4312	5318296
4313	5319296
4314	5320296
4315	5321296
4316	5322296
4317	5323296
4318	5324296
4319	5325296
4320	5326296
4321	5327296
4322	5328296
4323	5329296
4324	5330296
4325	5331296
4326	5332296
4327	5333296
4328	5334296
4329	5335296
4330	5336296
4331	5337296
4332	5338296
4333	5339296
4334	5340296
4335	5341296
4336	5342296
4337	5343296
4338	5344296
4339	5345296
4340	5346296
4341	5347296
4342	5348296
4343	5349296
4344	5350296
4345	5351296
4346	5352296
4347	5353296
4348	5354296
4349	5355296
4350	5356296
4351	5357296
4352	5358294
4353	5359296
4354	5360296
4355	5361296
4356	5362294
4357	5363296
4358	5364296
4359	5365296
4360	5366296
4361	5367296
4362	5368296
4363	5369296
4364	5370296
4365	5371296
4366	5372296
4367	5373296
4368	5374296
4369	5375292
4370	5376296
4371	5377296
4372	5378296
4373	5379296
4374	5380296
4375	5381296
4376	5382296
4377	5383296
4378	5384296
4379	5385296
4380	5386296
4381	5387296
4382	5388296
4383	5389296
4384	5390296
4385	5391296
4386	5392296
4387	5393296
4388	5394296
4389	5395296
4390	5396296
4391	5397296
4392	5398296
4393	5399296
4394	5400296
4395	5401296
4396	5402296
4397	5403296
4398	5404296
4399	5405296
4400	5406296
4401	5407296
4402	5408296
4403	5409296
4404	5410296
4405	5411296
4406	5412296
4407	5413296
4408	5414296
4409	5415296
4410	5416296
4411	5417296
4412	5418296
4413	5419296
4414	5420296
4415	5421296
4416	5422296
4417	5423296
4418	5424296
4419	5425296
4420	5426296
4421	5427296
4422	5428296
4423	5429296
4424	5430296
4425	5431296
4426	5432296
4427	5433296
4428	5434296
4429	5435296
4430	5436296
4431	5437296
4432	5438296
4433	5439296
4434	5440296
4435	5441296
4436	5442296
4437	5443296
4438	5444296
4439	5445296
4440	5446296
4441	5447296
4442	5448296
4443	5449296
4444	5450296
4445	5451296
4446	5452296
4447	5453296
4448	5454296
4449	5455296
4450	5456296
4451	5457296
4452	5458296
4453	5459296
4454	5460296
4455	5461296
4456	5462296
4457	5463296
4458	5464296
4459	5465296
4460	5466296
4461	5467296
4462	5468296
4463	5469296
4464	5470296
4465	5471296
4466	5472296
4467	5473296
4468	5474296
4469	5475296
4470	5476296
4471	5477296
4472	5478296
4473	5479296
4474	5480296
4475	5481296
4476	5482296
4477	5483296
4478	5484296
4479	5485296
4480	5486296
4481	5487296
4482	5488296
4483	5489296
4484	5490296
4485	5491296
4486	5492296
4487	5493296
4488	5494296
4489	5495296
4490	5496296
4491	5497296
4492	5498296
4493	5499296
4494	5500296
4495	5501296
4496	5502296
4497	5503296
4498	5504296
4499	5505296
4500	5506296
4501	5507296
4502	5508296
4503	5509296
4504	5510296
4505	5511296
4506	5512296
4507	5513296
4508	5514296
4509	5515296
4510	5516296
4511	5517296
4512	5518296
4513	5519296
4514	5520296
4515	5521296
4516	5522296
4517	5523296
4518	5524296
4519	5525296
4520	5526296
4521	5527296
4522	5528296
4523	5529296
4524	5530296
4525	5531296
4526	5532296
4527	5533296
4528	5534296
4529	5535296
4530	5536296
4531	5537296
4532	5538296
4533	5539296
4534	5540296
4535	5541296
4536	5542296
4537	5543296
4538	5544296
4539	5545296
4540	5546296
4541	5547296
4542	5548296
4543	5549296
4544	5550296
4545	5551296
4546	5552296
4547	5553296
4548	5554296
4549	5555296
4550	5556296
4551	5557296
4552	5558296
4553	5559296
4554	5560296
4555	5561296
4556	5562296
4557	5563296
4558	5564296
4559	5565296
4560	5566296
4561	5567296
4562	5568296
4563	5569296
4564	5570296
4565	5571296
4566	5572296
4567	5573296
4568	5574296
4569	5575296
4570	5576296
4571	5577296
4572	5578296
4573	5579296
4574	5580296
4575	5581296
4576	5582296
4577	5583296
4578	5584296
4579	5585296
4580	5586296
4581	5587296
4582	5588296
4583	5589296
4584	5590296
4585	5591296
4586	5592296
4587	5593296
4588	5594296
4589	5595296
4590	5596296
4591	5597296
4592	5598296
4593	5599296
4594	5600296
4595	5601296
4596	5602296
4597	5603296
4598	5604296
4599	5605296
4600	5606296
4601	5607296
4602	5608296
4603	5609296
4604	5610296
4605	5611296
4606	5612296
4607	5613296
4608	5614296
4609	5615296
4610	5616296
4611	5617296
4612	5618294
4613	5619296
4614	5620296
4615	5621296
4616	5622296
4617	5623296
4618	5624296
4619	5625296
4620	5626296
4621	5627296
4622	5628296
4623	5629296
4624	5630296
4625	5631292
4626	5632296
4627	5633296
4628	5634296
4629	5635296
4630	5636296
4631	5637296
4632	5638296
4633	5639296
4634	5640296
4635	5641296
4636	5642296
4637	5643296
4638	5644296
4639	5645296
4640	5646296
4641	5647296
4642	5648296
4643	5649296
4644	5650296
4645	5651296
4646	5652296
4647	5653296
4648	5654296
4649	5655296
4650	5656296
4651	5657296
4652	5658296
4653	5659296
4654	5660296
4655	5661296
4656	5662296
4657	5663296
4658	5664296
4659	5665296
4660	5666296
4661	5667296
4662	5668296
4663	5669296
4664	5670296
4665	5671296
4666	5672296
4667	5673296
4668	5674296
4669	5675296
4670	5676296
4671	5677296
4672	5678296
4673	5679296
4674	5680296
4675	5681296
4676	5682296
4677	5683296
4678	5684296
4679	5685296
4680	5686296
4681	5687296
4682	5688296
4683	5689296
4684	5690296
4685	5691296
4686	5692296
4687	5693296
4688	5694296
4689	5695296
4690	5696296
4691	5697296
4692	5698296
4693	5699296
4694	5700296
4695	5701296
4696	5702296
4697	5703296
4698	5704296
4699	5705296
4700	5706296
4701	5707296
4702	5708296
4703	5709296
4704	5710296
4705	5711296
4706	5712296
4707	5713296
4708	5714296
4709	5715296
4710	5716296
4711	5717296
4712	5718296
4713	5719296
4714	5720296
4715	5721296
4716	5722296
4717	5723296
4718	5724296
4719	5725296
4720	5726296
4721	5727296
4722	5728296
4723	5729296
4724	5730296
4725	5731296
4726	5732296
4727	5733296
4728	5734296
4729	5735296
4730	5736296
4731	5737296
4732	5738296
4733	5739296
4734	5740296
4735	5741296
4736	5742296
4737	5743296
4738	5744296
4739	5745296
4740	5746296
4741	5747296
4742	5748296
4743	5749296
4744	5750296
4745	5751296
4746	5752296
4747	5753296
4748	5754296
4749	5755296
4750	5756296
4751	5757296
4752	5758296
4753	5759296
4754	5760296
4755	5761296
4756	5762296
4757	5763296
4758	5764296
4759	5765296
4760	5766296
4761	5767296
4762	5768296
4763	5769296
4764	5770296
4765	5771296
4766	5772296
4767	5773296
4768	5774296
4769	5775296
4770	5776296
4771	5777296
4772	5778296
4773	5779296
4774	5780296
4775	5781296
4776	5782296
4777	5783296
4778	5784296
4779	5785296
4780	5786296
4781	5787296
4782	5788296
4783	5789296
4784	5790296
4785	5791296
4786	5792296
4787	5793296
4788	5794296
4789	5795296
4790	5796296
4791	5797296
4792	5798296
4793	5799296
4794	5800296
4795	5801296
4796	5802296
4797	5803296
4798	5804296
4799	5805296
4800	5806296
4801	5807296
4802	5808296
4803	5809296
4804	5810296
4805	5811296
4806	5812296
4807	5813296
4808	5814296
4809	5815296
4810	5816296
4811	5817296
4812	5818296
4813	5819296
4814	5820296
4815	5821296
4816	5822296
4817	5823296
4818	5824296
4819	5825296
4820	5826296
4821	5827296
4822	5828296
4823	5829296
4824	5830296
4825	5831296
4826	5832296
4827	5833296
4828	5834296
4829	5835296
4830	5836296
4831	5837296
4832	5838296
4833	5839296
4834	5840296
4835	5841296
4836	5842296
4837	5843296
4838	5844296
4839	5845296
4840	5846296
4841	5847296
4842	5848296
4843	5849296
4844	5850296
4845	5851296
4846	5852296
4847	5853296
4848	5854296
4849	5855296
4850	5856296
4851	5857296
4852	5858296
4853	5859296
4854	5860296
4855	5861296
4856	5862296
4857	5863296
4858	5864296
4859	5865296
4860	5866296
4861	5867296
4862	5868296
4863	5869296
4864	5870296
4865	5871296
4866	5872296
4867	5873296
4868	5874296
4869	5875296
4870	5876296
4871	5877296
4872	5878296
4873	5879296
4874	5880296
4875	5881296
4876	5882296
4877	5883296
4878	5884296
4879	5885296
4880	5886296
4881	5887292
4882	5888296
4883	5889296
4884	5890296
4885	5891296
4886	5892296
4887	5893296
4888	5894296
4889	5895296
4890	5896296
4891	5897296
4892	5898296
4893	5899296
4894	5900296
4895	5901296
4896	5902296
4897	5903296
4898	5904296
4899	5905296
4900	5906296
4901	5907296
4902	5908296
4903	5909296
4904	5910296
4905	5911296
4906	5912296
4907	5913296
4908	5914296
4909	5915296
4910	5916296
4911	5917296
4912	5918296
4913	5919296
4914	5920296
4915	5921296
4916	5922296
4917	5923296
4918	5924296
4919	5925296
4920	5926296
4921	5927296
4922	5928296
4923	5929296
4924	5930296
4925	5931296
4926	5932296
4927	5933296
4928	5934296
4929	5935296
4930	5936296
4931	5937296
4932	5938296
4933	5939296
4934	5940296
4935	5941296
4936	5942296
4937	5943296
4938	5944296
4939	5945296
4940	5946296
4941	5947296
4942	5948296
4943	5949296
4944	5950296
4945	5951296
4946	5952296
4947	5953296
4948	5954296
4949	5955296
4950	5956296
4951	5957296
4952	5958296
4953	5959296
4954	5960296
4955	5961296
4956	5962296
4957	5963296
4958	5964296
4959	5965296
4960	5966296
4961	5967296
4962	5968296
4963	5969296
4964	5970296
4965	5971296
4966	5972296
4967	5973296
4968	5974296
4969	5975296
4970	5976296
4971	5977296
4972	5978296
4973	5979296
4974	5980296
4975	5981296
4976	5982296
4977	5983296
4978	5984296
4979	5985296
4980	5986296
4981	5987296
4982	5988296
4983	5989296
4984	5990296
4985	5991296
4986	5992296
4987	5993296
4988	5994296
4989	5995296
4990	5996296
4991	5997296
4992	5998296
4993	5999296
4994	6000296
4995	6001296
4996	6002296
4997	6003296
4998	6004296
4999	6005296
5000	6006296
5001	6007296
5002	6008296
5003	6009296
5004	6010296
5005	6011296
5006	6012296
5007	6013296
5008	6014296
5009	6015296
5010	6016296
5011	6017296
5012	6018296
5013	6019296
5014	6020296
5015	6021296
5016	6022296
5017	6023296
5018	6024296
5019	6025296
5020	6026296
5021	6027296
5022	6028296
5023	6029296
5024	6030296
5025	6031296
5026	6032296
5027	6033296
5028	6034296
5029	6035296
5030	6036296
5031	6037296
5032	6038296
5033	6039296
5034	6040296
5035	6041296
5036	6042296
5037	6043296
5038	6044296
5039	6045296
5040	6046296
5041	6047296
5042	6048296
5043	6049296
5044	6050296
5045	6051296
5046	6052296
5047	6053296
5048	6054296
5049	6055296
5050	6056296
5051	6057296
5052	6058296
5053	6059296
5054	6060296
5055	6061296
5056	6062296
5057	6063296
5058	6064296
5059	6065296
5060	6066296
5061	6067296
5062	6068296
5063	6069296
5064	6070296
5065	6071296
5066	6072296
5067	6073296
5068	6074296
5069	6075296
5070	6076296
5071	6077296
5072	6078296
5073	6079296
5074	6080296
5075	6081296
5076	6082296
5077	6083296
5078	6084296
5079	6085296
5080	6086296
5081	6087296
5082	6088296
5083	6089296
5084	6090296
5085	6091296
5086	6092296
5087	6093296
5088	6094296
5089	6095296
5090	6096296
5091	6097296
5092	6098296
5093	6099296
5094	6100296
5095	6101296
5096	6102296
5097	6103296
5098	6104296
5099	6105296
5100	6106296
5101	6107296
5102	6108296
5103	6109296
5104	6110296
5105	6111296
5106	6112296
5107	6113296
5108	6114296
5109	6115296
5110	6116296
5111	6117296
5112	6118296
5113	6119296
5114	6120296
5115	6121296
5116	6122296
5117	6123296
5118	6124296
5119	6125296
5120	6126296
5121	6127296
5122	6128296
5123	6129296
5124	6130296
5125	6131296
5126	6132296
5127	6133296
5128	6134296
5129	6135296
5130	6136296
5131	6137296
5132	6138296
5133	6139296
5134	6140296
5135	6141296
5136	6142296
5137	6143292
5138	6144296
5139	6145296
5140	6146296
5141	6147296
5142	6148296
5143	6149296
5144	6150296
5145	6151296
5146	6152296
5147	6153296
5148	6154296
5149	6155296
5150	6156296
5151	6157296
5152	6158296
5153	6159296
5154	6160296
5155	6161296
5156	6162296
5157	6163296
5158	6164296
5159	6165296
5160	6166296
5161	6167296
5162	6168296
5163	6169296
5164	6170296
5165	6171296
5166	6172296
5167	6173296
5168	6174296
5169	6175296
5170	6176296
5171	6177296
5172	6178296
5173	6179296
5174	6180296
5175	6181296
5176	6182296
5177	6183296
5178	6184296
5179	6185296
5180	6186296
5181	6187296
5182	6188296
5183	6189296
5184	6190296
5185	6191296
5186	6192296
5187	6193296
5188	6194296
5189	6195296
5190	6196296
5191	6197296
5192	6198296
5193	6199296
5194	6200296
5195	6201296
5196	6202296
5197	6203296
5198	6204296
5199	6205296
5200	6206296
5201	6207296
5202	6208296
5203	6209296
5204	6210296
5205	6211296
5206	6212296
5207	6213296
5208	6214296
5209	6215296
5210	6216296
5211	6217296
5212	6218296
5213	6219296
5214	6220296
5215	6221296
5216	6222296
5217	6223296
5218	6224296
5219	6225296
5220	6226296
5221	6227296
5222	6228296
5223	6229296
5224	6230296
5225	6231296
5226	6232296
5227	6233296
5228	6234296
5229	6235296
5230	6236296
5231	6237296
5232	6238296
5233	6239296
5234	6240296
5235	6241296
5236	6242296
5237	6243296
5238	6244296
5239	6245296
5240	6246296
5241	6247296
5242	6248296
5243	6249296
5244	6250296
5245	6251296
5246	6252296
5247	6253296
5248	6254296
5249	6255296
5250	6256296
5251	6257296
5252	6258296
5253	6259296
5254	6260296
5255	6261296
5256	6262296
5257	6263296
5258	6264296
5259	6265296
5260	6266296
5261	6267296
5262	6268296
5263	6269296
5264	6270296
5265	6271296
5266	6272296
5267	6273296
5268	6274296
5269	6275296
5270	6276296
5271	6277296
5272	6278296
5273	6279296
5274	6280296
5275	6281296
5276	6282296
5277	6283296
5278	6284296
5279	6285296
5280	6286296
5281	6287296
5282	6288296
5283	6289296
5284	6290296
5285	6291296
5286	6292296
5287	6293296
5288	6294296
5289	6295296
5290	6296296
5291	6297296
5292	6298296
5293	6299296
5294	6300296
5295	6301296
5296	6302296
5297	6303296
5298	6304296
5299	6305296
5300	6306296
5301	6307296
5302	6308296
5303	6309296
5304	6310296
5305	6311296
5306	6312296
5307	6313296
5308	6314296
5309	6315296
5310	6316296
5311	6317296
5312	6318296
5313	6319296
5314	6320296
5315	6321296
5316	6322296
5317	6323296
5318	6324296
5319	6325296
5320	6326296
5321	6327296
5322	6328296
5323	6329296
5324	6330296
5325	6331296
5326	6332296
5327	6333296
5328	6334296
5329	6335296
5330	6336296
5331	6337296
5332	6338296
5333	6339296
5334	6340296
5335	6341296
5336	6342296
5337	6343296
5338	6344296
5339	6345296
5340	6346296
5341	6347296
5342	6348296
5343	6349296
5344	6350296
5345	6351296
5346	6352296
5347	6353296
5348	6354296
5349	6355296
5350	6356296
5351	6357296
5352	6358296
5353	6359296
5354	6360296
5355	6361296
5356	6362296
5357	6363296
5358	6364296
5359	6365296
5360	6366296
5361	6367296
5362	6368296
5363	6369296
5364	6370296
5365	6371296
5366	6372296
5367	6373296
5368	6374296
5369	6375296
5370	6376296
5371	6377296
5372	6378296
5373	6379296
5374	6380296
5375	6381296
5376	6382296
5377	6383296
5378	6384296
5379	6385296
5380	6386294
5381	6387296
5382	6388296
5383	6389296
5384	6390296
5385	6391296
5386	6392296
5387	6393296
5388	6394296
5389	6395296
5390	6396296
5391	6397296
5392	6398296
5393	6399292
5394	6400296
5395	6401296
5396	6402296
5397	6403296
5398	6404296
5399	6405296
5400	6406296
5401	6407296
5402	6408296
5403	6409296
5404	6410296
5405	6411296
5406	6412296
5407	6413296
5408	6414296
5409	6415296
5410	6416296
5411	6417296
5412	6418296
5413	6419296
5414	6420296
5415	6421296
5416	6422296
5417	6423296
5418	6424296
5419	6425296
5420	6426296
5421	6427296
5422	6428296
5423	6429296
5424	6430296
5425	6431296
5426	6432296
5427	6433296
5428	6434296
5429	6435296
5430	6436296
5431	6437296
5432	6438296
5433	6439296
5434	6440296
5435	6441296
5436	6442296
5437	6443296
5438	6444296
5439	6445296
5440	6446296
5441	6447296
5442	6448296
5443	6449296
5444	6450296
5445	6451296
5446	6452296
5447	6453296
5448	6454296
5449	6455296
5450	6456296
5451	6457296
5452	6458296
5453	6459296
5454	6460296
5455	6461296
5456	6462296
5457	6463296
5458	6464296
5459	6465296
5460	6466296
5461	6467296
5462	6468296
5463	6469296
5464	6470296
5465	6471296
5466	6472296
5467	6473296
5468	6474296
5469	6475296
5470	6476296
5471	6477296
5472	6478296
5473	6479296
5474	6480296
5475	6481296
5476	6482296
5477	6483296
5478	6484296
5479	6485296
5480	6486296
5481	6487296
5482	6488296
5483	6489296
5484	6490296
5485	6491296
5486	6492296
5487	6493296
5488	6494296
5489	6495296
5490	6496296
5491	6497296
5492	6498296
5493	6499296
5494	6500296
5495	6501296
5496	6502296
5497	6503296
5498	6504296
5499	6505296
5500	6506296
5501	6507296
5502	6508296
5503	6509296
5504	6510296
5505	6511296
5506	6512296
5507	6513296
5508	6514296
5509	6515296
5510	6516296
5511	6517296
5512	6518296
5513	6519296
5514	6520296
5515	6521296
5516	6522296
5517	6523296
5518	6524296
5519	6525296
5520	6526296
5521	6527296
5522	6528296
5523	6529296
5524	6530296
5525	6531296
5526	6532296
5527	6533296
5528	6534296
5529	6535296
5530	6536296
5531	6537296
5532	6538296
5533	6539296
5534	6540296
5535	6541296
5536	6542296
5537	6543296
5538	6544296
5539	6545296
5540	6546296
5541	6547296
5542	6548296
5543	6549296
5544	6550296
5545	6551296
5546	6552296
5547	6553296
5548	6554296
5549	6555296
5550	6556296
5551	6557296
5552	6558296
5553	6559296
5554	6560296
5555	6561296
5556	6562296
5557	6563296
5558	6564296
5559	6565296
5560	6566296
5561	6567296
5562	6568296
5563	6569296
5564	6570296
5565	6571296
5566	6572296
5567	6573296
5568	6574296
5569	6575296
5570	6576296
5571	6577296
5572	6578296
5573	6579296
5574	6580296
5575	6581296
5576	6582296
5577	6583296
5578	6584296
5579	6585296
5580	6586296
5581	6587296
5582	6588296
5583	6589296
5584	6590296
5585	6591296
5586	6592296
5587	6593296
5588	6594296
5589	6595296
5590	6596296
5591	6597296
5592	6598296
5593	6599296
5594	6600296
5595	6601296
5596	6602296
5597	6603296
5598	6604296
5599	6605296
5600	6606296
5601	6607296
5602	6608296
5603	6609296
5604	6610296
5605	6611296
5606	6612296
5607	6613296
5608	6614296
5609	6615296
5610	6616296
5611	6617296
5612	6618296
5613	6619296
5614	6620296
5615	6621296
5616	6622296
5617	6623296
5618	6624296
5619	6625296
5620	6626296
5621	6627296
5622	6628296
5623	6629296
5624	6630296
5625	6631296
5626	6632296
5627	6633296
5628	6634296
5629	6635296
5630	6636296
5631	6637296
5632	6638296
5633	6639296
5634	6640296
5635	6641296
5636	6642294
5637	6643296
5638	6644296
5639	6645296
5640	6646296
5641	6647296
5642	6648296
5643	6649296
5644	6650296
5645	6651296
5646	6652296
5647	6653296
5648	6654296
5649	6655292
5650	6656296
5651	6657296
5652	6658296
5653	6659296
5654	6660296
5655	6661296
5656	6662296
5657	6663296
5658	6664296
5659	6665296
5660	6666296
5661	6667296
5662	6668296
5663	6669296
5664	6670296
5665	6671296
5666	6672296
5667	6673296
5668	6674296
5669	6675296
5670	6676296
5671	6677296
5672	6678296
5673	6679296
5674	6680296
5675	6681296
5676	6682296
5677	6683296
5678	6684296
5679	6685296
5680	6686296
5681	6687296
5682	6688296
5683	6689296
5684	6690296
5685	6691296
5686	6692296
5687	6693296
5688	6694296
5689	6695296
5690	6696296
5691	6697296
5692	6698296
5693	6699296
5694	6700296
5695	6701296
5696	6702296
5697	6703296
5698	6704296
5699	6705296
5700	6706296
5701	6707296
5702	6708296
5703	6709296
5704	6710296
5705	6711296
5706	6712296
5707	6713296
5708	6714296
5709	6715296
5710	6716296
5711	6717296
5712	6718296
5713	6719296
5714	6720296
5715	6721296
5716	6722296
5717	6723296
5718	6724296
5719	6725296
5720	6726296
5721	6727296
5722	6728296
5723	6729296
5724	6730296
5725	6731296
5726	6732296
5727	6733296
5728	6734296
5729	6735296
5730	6736296
5731	6737296
5732	6738296
5733	6739296
5734	6740296
5735	6741296
5736	6742296
5737	6743296
5738	6744296
5739	6745296
5740	6746296
5741	6747296
5742	6748296
5743	6749296
5744	6750296
5745	6751296
5746	6752296
5747	6753296
5748	6754296
5749	6755296
5750	6756296
5751	6757296
5752	6758296
5753	6759296
5754	6760296
5755	6761296
5756	6762296
5757	6763296
5758	6764296
5759	6765296
5760	6766296
5761	6767296
5762	6768296
5763	6769296
5764	6770296
5765	6771296
5766	6772296
5767	6773296
5768	6774296
5769	6775296
5770	6776296
5771	6777296
5772	6778296
5773	6779296
5774	6780296
5775	6781296
5776	6782296
5777	6783296
5778	6784296
5779	6785296
5780	6786296
5781	6787296
5782	6788296
5783	6789296
5784	6790296
5785	6791296
5786	6792296
5787	6793296
5788	6794296
5789	6795296
5790	6796296
5791	6797296
5792	6798296
5793	6799296
5794	6800296
5795	6801296
5796	6802296
5797	6803296
5798	6804296
5799	6805296
5800	6806296
5801	6807296
5802	6808296
5803	6809296
5804	6810296
5805	6811296
5806	6812296
5807	6813296
5808	6814296
5809	6815296
5810	6816296
5811	6817296
5812	6818296
5813	6819296
5814	6820296
5815	6821296
5816	6822296
5817	6823296
5818	6824296
5819	6825296
5820	6826296
5821	6827296
5822	6828296
5823	6829296
5824	6830296
5825	6831296
5826	6832296
5827	6833296
5828	6834296
5829	6835296
5830	6836296
5831	6837296
5832	6838296
5833	6839296
5834	6840296
5835	6841296
5836	6842296
5837	6843296
5838	6844296
5839	6845296
5840	6846296
5841	6847296
5842	6848296
5843	6849296
5844	6850296
5845	6851296
5846	6852296
5847	6853296
5848	6854296
5849	6855296
5850	6856296
5851	6857296
5852	6858296
5853	6859296
5854	6860296
5855	6861296
5856	6862296
5857	6863296
5858	6864296
5859	6865296
5860	6866296
5861	6867296
5862	6868296
5863	6869296
5864	6870296
5865	6871296
5866	6872296
5867	6873296
5868	6874296
5869	6875296
5870	6876296
5871	6877296
5872	6878296
5873	6879296
5874	6880296
5875	6881296
5876	6882296
5877	6883296
5878	6884296
5879	6885296
5880	6886296
5881	6887296
5882	6888296
5883	6889296
5884	6890296
5885	6891296
5886	6892296
5887	6893296
5888	6894296
5889	6895296
5890	6896296
5891	6897296
5892	6898296
5893	6899296
5894	6900296
5895	6901296
5896	6902296
5897	6903296
5898	6904296
5899	6905296
5900	6906296
5901	6907296
5902	6908296
5903	6909296
5904	6910296
5905	6911294
5906	6912296
5907	6913296
5908	6914296
5909	6915296
5910	6916296
5911	6917296
5912	6918296
5913	6919296
5914	6920296
5915	6921296
5916	6922296
5917	6923296
5918	6924296
5919	6925296
5920	6926296
5921	6927296
5922	6928296
5923	6929296
5924	6930296
5925	6931296
5926	6932296
5927	6933296
5928	6934296
5929	6935296
5930	6936296
5931	6937296
5932	6938296
5933	6939296
5934	6940296
5935	6941296
5936	6942296
5937	6943296
5938	6944296
5939	6945296
5940	6946296
5941	6947296
5942	6948296
5943	6949296
5944	6950296
5945	6951296
5946	6952296
5947	6953296
5948	6954296
5949	6955296
5950	6956296
5951	6957296
5952	6958296
5953	6959296
5954	6960296
5955	6961296
5956	6962296
5957	6963296
5958	6964296
5959	6965296
5960	6966296
5961	6967296
5962	6968296
5963	6969296
5964	6970296
5965	6971296
5966	6972296
5967	6973296
5968	6974296
5969	6975296
5970	6976296
5971	6977296
5972	6978296
5973	6979296
5974	6980296
5975	6981296
5976	6982296
5977	6983296
5978	6984296
5979	6985296
5980	6986296
5981	6987296
5982	6988296
5983	6989296
5984	6990296
5985	6991296
5986	6992296
5987	6993296
5988	6994296
5989	6995296
5990	6996296
5991	6997296
5992	6998296
5993	6999296
5994	7000296
5995	7001296
5996	7002296
5997	7003296
5998	7004296
5999	7005296
