0	1008487
1	1010769
2	-1
3	1013051
4	-1
5	1015333
6	-1
7	1017615
8	-1
9	-1
10	1019897
11	-1
12	1022179
13	-1
14	1024461
15	-1
16	1026743
17	-1
18	-1
19	1029025
20	-1
21	1031307
22	-1
23	1033589
24	-1
25	-1
26	1035871
27	-1
28	1038153
29	-1
30	1040435
31	-1
32	1042717
33	-1
34	-1
35	1044999
36	-1
37	1047281
38	-1
39	1049563
40	-1
41	-1
42	1051845
43	-1
44	1054127
45	-1
46	1056409
47	-1
48	1058691
49	-1
50	-1
51	1060973
52	-1
53	1063255
54	-1
55	1065537
56	-1
57	-1
58	1067819
59	-1
60	1070101
61	-1
62	1072383
63	-1
64	1074665
65	-1
66	-1
67	1076947
68	-1
69	1079229
70	-1
71	1081511
72	-1
73	-1
74	1083793
75	-1
76	1086075
77	-1
78	1088357
79	-1
80	1090639
81	-1
82	-1
83	1092921
84	-1
85	1095203
86	-1
87	1097485
88	-1
89	-1
90	1099767
91	-1
92	1102049
93	-1
94	1104331
95	-1
96	1106613
97	-1
98	-1
99	1108895
100	-1
101	1111177
102	-1
103	1113459
104	-1
105	1115741
106	-1
107	-1
108	1118023
109	-1
110	1120305
111	-1
112	1122587
113	-1
114	-1
115	1124869
116	-1
117	1127151
118	-1
119	1129433
120	-1
121	1131715
122	-1
123	-1
124	1133997
125	-1
126	1136279
127	-1
128	1138561
129	-1
130	-1
131	1140843
132	-1
133	1143125
134	-1
135	1145407
136	-1
137	1147689
138	-1
139	-1
140	1149971
141	-1
142	1152253
143	-1
144	1154535
145	-1
146	-1
147	1156817
148	-1
149	1159099
150	-1
151	1161381
152	-1
153	1163663
154	-1
155	-1
156	1165945
157	-1
158	1168227
159	-1
160	1170509
161	-1
162	-1
163	1172791
164	-1
165	1175073
166	-1
167	1177355
168	-1
169	1179637
170	-1
171	-1
172	1181919
173	-1
174	1184201
175	-1
176	1186483
177	-1
178	-1
179	1188765
180	-1
181	1191047
182	-1
183	1193329
184	-1
185	1195611
186	-1
187	-1
188	1197893
189	-1
190	1200175
191	-1
192	1202457
193	-1
194	1204739
195	-1
196	-1
197	1207021
198	-1
199	1209303
200	-1
201	1211585
202	-1
203	-1
204	1213867
205	-1
206	1216149
207	-1
208	1218431
209	-1
210	1220713
211	-1
212	-1
213	1222995
214	-1
215	1225277
216	-1
217	1227559
218	-1
219	-1
220	1229841
221	-1
222	1232123
223	-1
224	1234405
225	-1
226	1236687
227	-1
228	-1
229	1238969
230	-1
231	1241251
232	-1
233	1243533
234	-1
235	-1
236	1245815
237	-1
238	1248097
239	-1
240	1250379
241	-1
242	1252661
243	-1
244	-1
245	1254943
246	-1
247	1257225
248	-1
249	1259507
250	-1
251	-1
252	1261789
253	-1
254	1264071
255	-1
256	1266353
257	-1
258	1268635
259	-1
260	-1
261	1270917
262	-1
263	1273199
264	-1
265	1275481
266	-1
267	-1
268	1277763
269	-1
270	1280045
271	-1
272	1282327
273	-1
274	1284609
275	-1
276	-1
277	1286891
278	-1
279	1289173
280	-1
281	1291455
282	-1
283	1293737
284	-1
285	-1
286	1296019
287	-1
288	1298301
289	-1
290	1300583
291	-1
292	-1
293	1302865
294	-1
295	1305147
296	-1
297	1307429
298	-1
299	1309711
300	-1
301	-1
302	1311993
303	-1
304	1314275
305	-1
306	1316557
307	-1
308	-1
309	1318839
310	-1
311	1321121
312	-1
313	1323403
314	-1
315	1325685
316	-1
317	-1
318	1327967
319	-1
320	1330249
321	-1
322	1332531
323	-1
324	-1
325	1334813
326	-1
327	1337095
328	-1
329	1339377
330	-1
331	1341659
332	-1
333	-1
334	1343941
335	-1
336	1346223
337	-1
338	1348505
339	-1
340	-1
341	1350787
342	-1
343	1353069
344	-1
345	1355351
346	-1
347	1357633
348	-1
349	-1
350	1359915
351	-1
352	1362197
353	-1
354	1364479
355	-1
356	-1
357	1366761
358	-1
359	1369043
360	-1
361	1371325
362	-1
363	1373607
364	-1
365	-1
366	1375889
367	-1
368	1378171
369	-1
370	1380453
371	-1
372	1382735
373	-1
374	-1
375	1385017
376	-1
377	1387299
378	-1
379	1389581
380	-1
381	-1
382	1391863
383	-1
384	1394145
385	-1
386	1396427
387	-1
388	1398709
389	-1
390	-1
391	1400991
392	-1
393	1403273
394	-1
395	1405555
396	-1
397	-1
398	1407837
399	-1
400	1410119
401	-1
402	1412401
403	-1
404	1414683
405	-1
406	-1
407	1416965
408	-1
409	1419247
410	-1
411	1421529
412	-1
413	-1
414	1423811
415	-1
416	1426093
417	-1
418	1428375
419	-1
420	1430657
421	-1
422	-1
423	1432939
424	-1
425	1435221
426	-1
427	1437503
428	-1
429	-1
430	1439785
431	-1
432	1442067
433	-1
434	1444349
435	-1
436	1446631
437	-1
438	-1
439	1448913
440	-1
441	1451195
442	-1
443	1453477
444	-1
445	-1
446	1455759
447	-1
448	1458041
449	-1
450	1460323
451	-1
452	1462605
453	-1
454	-1
455	1464887
456	-1
457	1467169
458	-1
459	1469451
460	-1
461	1471733
462	-1
463	-1
464	1474015
465	-1
466	1476297
467	-1
468	1478579
469	-1
470	-1
471	1480861
472	-1
473	1483143
474	-1
475	1485425
476	-1
477	1487707
478	-1
479	-1
480	1489989
481	-1
482	1492271
483	-1
484	1494553
485	-1
486	-1
487	1496835
488	-1
489	1499117
490	-1
491	1501399
492	-1
493	1503681
494	-1
495	-1
496	1505963
497	-1
498	1508245
499	-1
500	1510527
501	-1
502	-1
503	1512809
504	-1
505	1515091
506	-1
507	1517373
508	-1
509	1519655
510	-1
511	-1
512	1521937
513	-1
514	1524219
515	-1
516	1526501
517	-1
518	-1
519	1528783
520	-1
521	1531065
522	-1
523	1533347
524	-1
525	1535629
526	-1
527	-1
528	1537911
529	-1
530	1540193
531	-1
532	1542475
533	-1
534	-1
535	1544757
536	-1
537	1547039
538	-1
539	1549321
540	-1
541	1551603
542	-1
543	-1
544	1553885
545	-1
546	1556167
547	-1
548	1558449
549	-1
550	1560731
551	-1
552	-1
553	1563013
554	-1
555	1565295
556	-1
557	1567577
558	-1
559	-1
560	1569859
561	-1
562	1572141
563	-1
564	1574423
565	-1
566	1576705
567	-1
568	-1
569	1578987
570	-1
571	1581269
572	-1
573	1583551
574	-1
575	-1
576	1585833
577	-1
578	1588115
579	-1
580	1590397
581	-1
582	1592679
583	-1
584	-1
585	1594961
586	-1
587	1597243
588	-1
589	1599525
590	-1
591	-1
592	1601807
593	-1
594	1604089
595	-1
596	1606371
597	-1
598	1608653
599	-1
600	-1
601	1610935
602	-1
603	1613217
604	-1
605	1615499
606	-1
607	-1
608	1617781
609	-1
610	1620063
611	-1
612	1622345
613	-1
614	1624627
615	-1
616	-1
617	1626909
618	-1
619	1629191
620	-1
621	1631473
622	-1
623	-1
624	1633755
625	-1
626	1636037
627	-1
628	1638319
629	-1
630	1640601
631	-1
632	-1
633	1642883
634	-1
635	1645165
636	-1
637	1647447
638	-1
639	1649729
640	-1
641	-1
642	1652011
643	-1
644	1654293
645	-1
646	1656575
647	-1
648	-1
649	1658857
650	-1
651	1661139
652	-1
653	1663421
654	-1
655	1665703
656	-1
657	-1
658	1667985
659	-1
660	1670267
661	-1
662	1672549
663	-1
664	-1
665	1674831
666	-1
667	1677113
668	-1
669	1679395
670	-1
671	1681677
672	-1
673	-1
674	1683959
675	-1
676	1686241
677	-1
678	1688523
679	-1
680	-1
681	1690805
682	-1
683	1693087
684	-1
685	1695369
686	-1
687	1697651
688	-1
689	-1
690	1699933
691	-1
692	1702215
693	-1
694	1704497
695	-1
696	-1
697	1706779
698	-1
699	1709061
700	-1
701	1711343
702	-1
703	1713625
704	-1
705	-1
706	1715907
707	-1
708	1718189
709	-1
710	1720471
711	-1
712	-1
713	1722753
714	-1
715	1725035
716	-1
717	1727317
718	-1
719	1729599
720	-1
721	-1
722	1731881
723	-1
724	1734163
725	-1
726	1736445
727	-1
728	1738727
729	-1
730	-1
731	1741009
732	-1
733	1743291
734	-1
735	1745573
736	-1
737	-1
738	1747855
739	-1
740	1750137
741	-1
742	1752419
743	-1
744	1754701
745	-1
746	-1
747	1756983
748	-1
749	1759265
750	-1
751	1761547
752	-1
753	-1
754	1763829
755	-1
756	1766111
757	-1
758	1768393
759	-1
760	1770675
761	-1
762	-1
763	1772957
764	-1
765	1775239
766	-1
767	1777521
768	-1
769	-1
770	1779803
771	-1
772	1782085
773	-1
774	1784367
775	-1
776	1786649
777	-1
778	-1
779	1788931
780	-1
781	1791213
782	-1
783	1793495
784	-1
785	-1
786	1795777
787	-1
788	1798059
789	-1
790	1800341
791	-1
792	1802623
793	-1
794	-1
795	1804905
796	-1
797	1807187
798	-1
799	1809469
800	-1
801	-1
802	1811751
803	-1
804	1814033
805	-1
806	1816315
807	-1
808	1818597
809	-1
810	-1
811	1820879
812	-1
813	1823161
814	-1
815	1825443
816	-1
817	1827725
818	-1
819	-1
820	1830007
821	-1
822	1832289
823	-1
824	1834571
825	-1
826	-1
827	1836853
828	-1
829	1839135
830	-1
831	1841417
832	-1
833	1843699
834	-1
835	-1
836	1845981
837	-1
838	1848263
839	-1
840	1850545
841	-1
842	-1
843	1852827
844	-1
845	1855109
846	-1
847	1857391
848	-1
849	1859673
850	-1
851	-1
852	1861955
853	-1
854	1864237
855	-1
856	1866519
857	-1
858	-1
859	1868801
860	-1
861	1871083
862	-1
863	1873365
864	-1
865	1875647
866	-1
867	-1
868	1877929
869	-1
870	1880211
871	-1
872	1882493
873	-1
874	-1
875	1884775
876	-1
877	1887057
878	-1
879	1889339
880	-1
881	1891621
882	-1
883	-1
884	1893903
885	-1
886	1896185
887	-1
888	1898467
889	-1
890	-1
891	1900749
892	-1
893	1903031
894	-1
895	1905313
896	-1
897	1907595
898	-1
899	-1
900	1909877
901	-1
902	1912159
903	-1
904	1914441
905	-1
906	1916723
907	-1
908	-1
909	1919005
910	-1
911	1921287
912	-1
913	1923569
914	-1
915	-1
916	1925851
917	-1
918	1928133
919	-1
920	1930415
921	-1
922	1932697
923	-1
924	-1
925	1934979
926	-1
927	1937261
928	-1
929	1939543
930	-1
931	-1
932	1941825
933	-1
934	1944107
935	-1
936	1946389
937	-1
938	1948671
939	-1
940	-1
941	1950953
942	-1
943	1953235
944	-1
945	1955517
946	-1
947	-1
948	1957799
949	-1
950	1960081
951	-1
952	1962363
953	-1
954	1964645
955	-1
956	-1
957	1966927
958	-1
959	1969209
960	-1
961	1971491
962	-1
963	-1
964	1973773
965	-1
966	1976055
967	-1
968	1978337
969	-1
970	1980619
971	-1
972	-1
973	1982901
974	-1
975	1985183
976	-1
977	1987465
978	-1
979	-1
980	1989747
981	-1
982	1992029
983	-1
984	1994311
985	-1
986	1996593
987	-1
988	-1
989	1998875
990	-1
991	2001157
992	-1
993	2003439
994	-1
995	2005721
996	-1
997	-1
998	2008003
999	-1
1000	2010285
1001	-1
1002	2012567
1003	-1
1004	-1
1005	2014849
1006	-1
1007	2017131
1008	-1
1009	2019413
1010	-1
1011	2021695
1012	-1
1013	-1
1014	2023977
1015	-1
1016	2026259
1017	-1
1018	2028541
1019	-1
1020	-1
1021	2030823
1022	-1
1023	2033105
1024	-1
1025	2035387
1026	-1
1027	2037669
1028	-1
1029	-1
1030	2039951
1031	-1
1032	2042233
1033	-1
1034	2044515
1035	-1
1036	-1
1037	2046797
1038	-1
1039	2049079
1040	-1
1041	2051361
1042	-1
1043	2053643
1044	-1
1045	-1
1046	2055925
1047	-1
1048	2058207
1049	-1
1050	2060489
1051	-1
1052	-1
1053	2062771
1054	-1
1055	2065053
1056	-1
1057	2067335
1058	-1
1059	2069617
1060	-1
1061	-1
1062	2071899
1063	-1
1064	2074181
1065	-1
1066	2076463
1067	-1
1068	-1
1069	2078745
1070	-1
1071	2081027
1072	-1
1073	2083309
1074	-1
1075	2085591
1076	-1
1077	-1
1078	2087873
1079	-1
1080	2090155
1081	-1
1082	2092437
1083	-1
1084	2094719
1085	-1
1086	-1
1087	2097001
1088	-1
1089	2099283
1090	-1
1091	2101565
1092	-1
1093	-1
1094	2103847
1095	-1
1096	2106129
1097	-1
1098	2108411
1099	-1
1100	2110693
1101	-1
1102	-1
1103	2112975
1104	-1
1105	2115257
1106	-1
1107	2117539
1108	-1
1109	-1
1110	2119821
1111	-1
1112	2122103
1113	-1
1114	2124385
1115	-1
1116	2126667
1117	-1
1118	-1
1119	2128949
1120	-1
1121	2131231
1122	-1
1123	2133513
1124	-1
1125	-1
1126	2135795
1127	-1
1128	2138077
1129	-1
1130	2140359
1131	-1
1132	2142641
1133	-1
1134	-1
1135	2144923
1136	-1
1137	2147205
1138	-1
1139	2149487
1140	-1
1141	-1
1142	2151769
1143	-1
1144	2154051
1145	-1
1146	2156333
1147	-1
1148	2158615
1149	-1
1150	-1
1151	2160897
1152	-1
1153	2163179
1154	-1
1155	2165461
1156	-1
1157	2167743
1158	-1
1159	-1
1160	2170025
1161	-1
1162	2172307
1163	-1
1164	2174589
1165	-1
1166	-1
1167	2176871
1168	-1
1169	2179153
1170	-1
1171	2181435
1172	-1
1173	2183717
1174	-1
1175	-1
1176	2185999
1177	-1
1178	2188281
1179	-1
1180	2190563
1181	-1
1182	-1
1183	2192845
1184	-1
1185	2195127
1186	-1
1187	2197409
1188	-1
1189	2199691
1190	-1
1191	-1
1192	2201973
1193	-1
1194	2204255
1195	-1
1196	2206537
1197	-1
1198	-1
1199	2208819
1200	-1
1201	2211101
1202	-1
1203	2213383
1204	-1
1205	2215665
1206	-1
1207	-1
1208	2217947
1209	-1
1210	2220229
1211	-1
1212	2222511
1213	-1
1214	-1
1215	2224793
1216	-1
1217	2227075
1218	-1
1219	2229357
1220	-1
1221	2231639
1222	-1
1223	-1
1224	2233921
1225	-1
1226	2236203
1227	-1
1228	2238485
1229	-1
1230	-1
1231	2240767
1232	-1
1233	2243049
1234	-1
1235	2245331
1236	-1
1237	2247613
1238	-1
1239	-1
1240	2249895
1241	-1
1242	2252177
1243	-1
1244	2254459
1245	-1
1246	2256741
1247	-1
1248	-1
1249	2259023
1250	-1
1251	2261305
1252	-1
1253	2263587
1254	-1
1255	-1
1256	2265869
1257	-1
1258	2268151
1259	-1
1260	2270433
1261	-1
1262	2272715
1263	-1
1264	-1
1265	2274997
1266	-1
1267	2277279
1268	-1
1269	2279561
1270	-1
1271	-1
1272	2281843
1273	-1
1274	2284125
1275	-1
1276	2286407
1277	-1
1278	2288689
1279	-1
1280	-1
1281	2290971
1282	-1
1283	2293253
1284	-1
1285	2295535
1286	-1
1287	-1
1288	2297817
1289	-1
1290	2300099
1291	-1
1292	2302381
1293	-1
1294	2304663
1295	-1
1296	-1
1297	2306945
1298	-1
1299	2309227
1300	-1
1301	2311509
1302	-1
1303	-1
1304	2313791
1305	-1
1306	2316073
1307	-1
1308	2318355
1309	-1
1310	2320637
1311	-1
1312	-1
1313	2322919
1314	-1
1315	2325201
1316	-1
1317	2327483
1318	-1
1319	-1
1320	2329765
1321	-1
1322	2332047
1323	-1
1324	2334329
1325	-1
1326	2336611
1327	-1
1328	-1
1329	2338893
1330	-1
1331	2341175
1332	-1
1333	2343457
1334	-1
1335	2345739
1336	-1
1337	-1
1338	2348021
1339	-1
1340	2350303
1341	-1
1342	2352585
1343	-1
1344	-1
1345	2354867
1346	-1
1347	2357149
1348	-1
1349	2359431
1350	-1
1351	2361713
1352	-1
1353	-1
1354	2363995
1355	-1
1356	2366277
1357	-1
1358	2368559
1359	-1
1360	-1
1361	2370841
1362	-1
1363	2373123
1364	-1
1365	2375405
1366	-1
1367	2377687
1368	-1
1369	-1
1370	2379969
1371	-1
1372	2382251
1373	-1
1374	2384533
1375	-1
1376	-1
1377	2386815
1378	-1
1379	2389097
1380	-1
1381	2391379
1382	-1
1383	2393661
1384	-1
1385	-1
1386	2395943
1387	-1
1388	2398225
1389	-1
1390	2400507
1391	-1
1392	-1
1393	2402789
1394	-1
1395	2405071
1396	-1
1397	2407353
1398	-1
1399	2409635
1400	-1
1401	-1
1402	2411917
1403	-1
1404	2414199
1405	-1
1406	2416481
1407	-1
1408	-1
1409	2418763
1410	-1
1411	2421045
1412	-1
1413	2423327
1414	-1
1415	2425609
1416	-1
1417	-1
1418	2427891
1419	-1
1420	2430173
1421	-1
1422	2432455
1423	-1
1424	2434737
1425	-1
1426	-1
1427	2437019
1428	-1
1429	2439301
1430	-1
1431	2441583
1432	-1
1433	-1
1434	2443865
1435	-1
1436	2446147
1437	-1
1438	2448429
1439	-1
1440	2450711
1441	-1
1442	-1
1443	2452993
1444	-1
1445	2455275
1446	-1
1447	2457557
1448	-1
1449	-1
1450	2459839
1451	-1
1452	2462121
1453	-1
1454	2464403
1455	-1
1456	2466685
1457	-1
1458	-1
1459	2468967
1460	-1
1461	2471249
1462	-1
1463	2473531
1464	-1
1465	-1
1466	2475813
1467	-1
1468	2478095
1469	-1
1470	2480377
1471	-1
1472	2482659
1473	-1
1474	-1
1475	2484941
1476	-1
1477	2487223
1478	-1
1479	2489505
1480	-1
1481	-1
1482	2491787
1483	-1
1484	2494069
1485	-1
1486	2496351
1487	-1
1488	2498633
1489	-1
1490	-1
1491	2500915
1492	-1
1493	2503197
1494	-1
1495	2505479
1496	-1
1497	-1
1498	2507761
1499	-1
1500	2510043
1501	-1
1502	2512325
1503	-1
1504	2514607
1505	-1
1506	-1
1507	2516889
1508	-1
1509	2519171
1510	-1
1511	2521453
1512	-1
1513	2523735
1514	-1
1515	-1
1516	2526017
1517	-1
1518	2528299
1519	-1
1520	2530581
1521	-1
1522	-1
1523	2532863
1524	-1
1525	2535145
1526	-1
1527	2537427
1528	-1
1529	2539709
1530	-1
1531	-1
1532	2541991
1533	-1
1534	2544273
1535	-1
1536	2546555
1537	-1
1538	-1
1539	2548837
1540	-1
1541	2551119
1542	-1
1543	2553401
1544	-1
1545	2555683
1546	-1
1547	-1
1548	2557965
1549	-1
1550	2560247
1551	-1
1552	2562529
1553	-1
1554	-1
1555	2564811
1556	-1
1557	2567093
1558	-1
1559	2569375
1560	-1
1561	2571657
1562	-1
1563	-1
1564	2573939
1565	-1
1566	2576221
1567	-1
1568	2578503
1569	-1
1570	-1
1571	2580785
1572	-1
1573	2583067
1574	-1
1575	2585349
1576	-1
1577	2587631
1578	-1
1579	-1
1580	2589913
1581	-1
1582	2592195
1583	-1
1584	2594477
1585	-1
1586	-1
1587	2596759
1588	-1
1589	2599041
1590	-1
1591	2601323
1592	-1
1593	2603605
1594	-1
1595	-1
1596	2605887
1597	-1
1598	2608169
1599	-1
1600	2610451
1601	-1
1602	2612733
1603	-1
1604	-1
1605	2615015
1606	-1
1607	2617297
1608	-1
1609	2619579
1610	-1
1611	-1
1612	2621861
1613	-1
1614	2624143
1615	-1
1616	2626425
1617	-1
1618	2628707
1619	-1
1620	-1
1621	2630989
1622	-1
1623	2633271
1624	-1
1625	2635553
1626	-1
1627	-1
1628	2637835
1629	-1
1630	2640117
1631	-1
1632	2642399
1633	-1
1634	2644681
1635	-1
1636	-1
1637	2646963
1638	-1
1639	2649245
1640	-1
1641	2651527
1642	-1
1643	-1
1644	2653809
1645	-1
1646	2656091
1647	-1
1648	2658373
1649	-1
1650	2660655
1651	-1
1652	-1
1653	2662937
1654	-1
1655	2665219
1656	-1
1657	2667501
1658	-1
1659	-1
1660	2669783
1661	-1
1662	2672065
1663	-1
1664	2674347
1665	-1
1666	2676629
1667	-1
1668	-1
1669	2678911
1670	-1
1671	2681193
1672	-1
1673	2683475
1674	-1
1675	-1
1676	2685757
1677	-1
1678	2688039
1679	-1
1680	2690321
1681	-1
1682	2692603
1683	-1
1684	-1
1685	2694885
1686	-1
1687	2697167
1688	-1
1689	2699449
1690	-1
1691	2701731
1692	-1
1693	-1
1694	2704013
1695	-1
1696	2706295
1697	-1
1698	2708577
1699	-1
1700	-1
1701	2710859
1702	-1
1703	2713141
1704	-1
1705	2715423
1706	-1
1707	2717705
1708	-1
1709	-1
1710	2719987
1711	-1
1712	2722269
1713	-1
1714	2724551
1715	-1
1716	-1
1717	2726833
1718	-1
1719	2729115
1720	-1
1721	2731397
1722	-1
1723	2733679
1724	-1
1725	-1
1726	2735961
1727	-1
1728	2738243
1729	-1
1730	2740525
1731	-1
1732	-1
1733	2742807
1734	-1
1735	2745089
1736	-1
1737	2747371
1738	-1
1739	2749653
1740	-1
1741	-1
1742	2751935
1743	-1
1744	2754217
1745	-1
1746	2756499
1747	-1
1748	-1
1749	2758781
1750	-1
1751	2761063
1752	-1
1753	2763345
1754	-1
1755	2765627
1756	-1
1757	-1
1758	2767909
1759	-1
1760	2770191
1761	-1
1762	2772473
1763	-1
1764	-1
1765	2774755
1766	-1
1767	2777037
1768	-1
1769	2779319
1770	-1
1771	2781601
1772	-1
1773	-1
1774	2783883
1775	-1
1776	2786165
1777	-1
1778	2788447
1779	-1
1780	2790729
1781	-1
1782	-1
1783	2793011
1784	-1
1785	2795293
1786	-1
1787	2797575
1788	-1
1789	-1
1790	2799857
1791	-1
1792	2802139
1793	-1
1794	2804421
1795	-1
1796	2806703
1797	-1
1798	-1
1799	2808985
1800	-1
1801	2811267
1802	-1
1803	2813549
1804	-1
1805	-1
1806	2815831
1807	-1
1808	2818113
1809	-1
1810	2820395
1811	-1
1812	2822677
1813	-1
1814	-1
1815	2824959
1816	-1
1817	2827241
1818	-1
1819	2829523
1820	-1
1821	-1
1822	2831805
1823	-1
1824	2834087
1825	-1
1826	2836369
1827	-1
1828	2838651
1829	-1
1830	-1
1831	2840933
1832	-1
1833	2843215
1834	-1
1835	2845497
1836	-1
1837	-1
1838	2847779
1839	-1
1840	2850061
1841	-1
1842	2852343
1843	-1
1844	2854625
1845	-1
1846	-1
1847	2856907
1848	-1
1849	2859189
1850	-1
1851	2861471
1852	-1
1853	-1
1854	2863753
1855	-1
1856	2866035
1857	-1
1858	2868317
1859	-1
1860	2870599
1861	-1
1862	-1
1863	2872881
1864	-1
1865	2875163
1866	-1
1867	2877445
1868	-1
1869	2879727
1870	-1
1871	-1
1872	2882009
1873	-1
1874	2884291
1875	-1
1876	2886573
1877	-1
1878	-1
1879	2888855
1880	-1
1881	2891137
1882	-1
1883	2893419
1884	-1
1885	2895701
1886	-1
1887	-1
1888	2897983
1889	-1
1890	2900265
1891	-1
1892	2902547
1893	-1
1894	-1
1895	2904829
1896	-1
1897	2907111
1898	-1
1899	2909393
1900	-1
1901	2911675
1902	-1
1903	-1
1904	2913957
1905	-1
1906	2916239
1907	-1
1908	2918521
1909	-1
1910	-1
1911	2920803
1912	-1
1913	2923085
1914	-1
1915	2925367
1916	-1
1917	2927649
1918	-1
1919	-1
1920	2929931
1921	-1
1922	2932213
1923	-1
1924	2934495
1925	-1
1926	-1
1927	2936777
1928	-1
1929	2939059
1930	-1
1931	2941341
1932	-1
1933	2943623
1934	-1
1935	-1
1936	2945905
1937	-1
1938	2948187
1939	-1
1940	2950469
1941	-1
1942	-1
1943	2952751
1944	-1
1945	2955033
1946	-1
1947	2957315
1948	-1
1949	2959597
1950	-1
1951	-1
1952	2961879
1953	-1
1954	2964161
1955	-1
1956	2966443
1957	-1
1958	2968725
1959	-1
1960	-1
1961	2971007
1962	-1
1963	2973289
1964	-1
1965	2975571
1966	-1
1967	-1
1968	2977853
1969	-1
1970	2980135
1971	-1
1972	2982417
1973	-1
1974	2984699
1975	-1
1976	-1
1977	2986981
1978	-1
1979	2989263
1980	-1
1981	2991545
1982	-1
1983	-1
1984	2993827
1985	-1
1986	2996109
1987	-1
1988	2998391
1989	-1
1990	3000673
1991	-1
1992	-1
1993	3002955
1994	-1
1995	3005237
1996	-1
1997	3007519
1998	-1
1999	-1
2000	3009801
2001	-1
2002	3012083
2003	-1
2004	3014365
2005	-1
2006	3016647
2007	-1
2008	-1
2009	3018929
2010	-1
2011	3021211
2012	-1
2013	3023493
2014	-1
2015	-1
2016	3025775
2017	-1
2018	3028057
2019	-1
2020	3030339
2021	-1
2022	3032621
2023	-1
2024	-1
2025	3034903
2026	-1
2027	3037185
2028	-1
2029	3039467
2030	-1
2031	-1
2032	3041749
2033	-1
2034	3044031
2035	-1
2036	3046313
2037	-1
2038	3048595
2039	-1
2040	-1
2041	3050877
2042	-1
2043	3053159
2044	-1
2045	3055441
2046	-1
2047	3057723
2048	-1
2049	-1
2050	3060005
2051	-1
2052	3062287
2053	-1
2054	3064569
2055	-1
2056	-1
2057	3066851
2058	-1
2059	3069133
2060	-1
2061	3071415
2062	-1
2063	3073697
2064	-1
2065	-1
2066	3075979
2067	-1
2068	3078261
2069	-1
2070	3080543
2071	-1
2072	-1
2073	3082825
2074	-1
2075	3085107
2076	-1
2077	3087389
2078	-1
2079	3089671
2080	-1
2081	-1
2082	3091953
2083	-1
2084	3094235
2085	-1
2086	3096517
2087	-1
2088	-1
2089	3098799
2090	-1
2091	3101081
2092	-1
2093	3103363
2094	-1
2095	3105645
2096	-1
2097	-1
2098	3107927
2099	-1
2100	3110209
2101	-1
2102	3112491
2103	-1
2104	-1
2105	3114773
2106	-1
2107	3117055
2108	-1
2109	3119337
2110	-1
2111	3121619
2112	-1
2113	-1
2114	3123901
2115	-1
2116	3126183
2117	-1
2118	3128465
2119	-1
2120	-1
2121	3130747
2122	-1
2123	3133029
2124	-1
2125	3135311
2126	-1
2127	3137593
2128	-1
2129	-1
2130	3139875
2131	-1
2132	3142157
2133	-1
2134	3144439
2135	-1
2136	3146721
2137	-1
2138	-1
2139	3149003
2140	-1
2141	3151285
2142	-1
2143	3153567
2144	-1
2145	-1
2146	3155849
2147	-1
2148	3158131
2149	-1
2150	3160413
2151	-1
2152	3162695
2153	-1
2154	-1
2155	3164977
2156	-1
2157	3167259
2158	-1
2159	3169541
2160	-1
2161	-1
2162	3171823
2163	-1
2164	3174105
2165	-1
2166	3176387
2167	-1
2168	3178669
2169	-1
2170	-1
2171	3180951
2172	-1
2173	3183233
2174	-1
2175	3185515
2176	-1
2177	-1
2178	3187797
2179	-1
2180	3190079
2181	-1
2182	3192361
2183	-1
2184	3194643
2185	-1
2186	-1
2187	3196925
2188	-1
2189	3199207
2190	-1
2191	3201489
2192	-1
2193	-1
2194	3203771
2195	-1
2196	3206053
2197	-1
2198	3208335
2199	-1
2200	3210617
2201	-1
2202	-1
2203	3212899
2204	-1
2205	3215181
2206	-1
2207	3217463
2208	-1
2209	-1
2210	3219745
2211	-1
2212	3222027
2213	-1
2214	3224309
2215	-1
2216	3226591
2217	-1
2218	-1
2219	3228873
2220	-1
2221	3231155
2222	-1
2223	3233437
2224	-1
2225	3235719
2226	-1
2227	-1
2228	3238001
2229	-1
2230	3240283
2231	-1
2232	3242565
2233	-1
2234	-1
2235	3244847
2236	-1
2237	3247129
2238	-1
2239	3249411
2240	-1
2241	3251693
2242	-1
2243	-1
2244	3253975
2245	-1
2246	3256257
2247	-1
2248	3258539
2249	-1
2250	-1
2251	3260821
2252	-1
2253	3263103
2254	-1
2255	3265385
2256	-1
2257	3267667
2258	-1
2259	-1
2260	3269949
2261	-1
2262	3272231
2263	-1
2264	3274513
2265	-1
2266	-1
2267	3276795
2268	-1
2269	3279077
2270	-1
2271	3281359
2272	-1
2273	3283641
2274	-1
2275	-1
2276	3285923
2277	-1
2278	3288205
2279	-1
2280	3290487
2281	-1
2282	-1
2283	3292769
2284	-1
2285	3295051
2286	-1
2287	3297333
2288	-1
2289	3299615
2290	-1
2291	-1
2292	3301897
2293	-1
2294	3304179
2295	-1
2296	3306461
2297	-1
2298	3308743
2299	-1
2300	-1
2301	3311025
2302	-1
2303	3313307
2304	-1
2305	3315589
2306	-1
2307	-1
2308	3317871
2309	-1
2310	3320153
2311	-1
2312	3322435
2313	-1
2314	3324717
2315	-1
2316	-1
2317	3326999
2318	-1
2319	3329281
2320	-1
2321	3331563
2322	-1
2323	-1
2324	3333845
2325	-1
2326	3336127
2327	-1
2328	3338409
2329	-1
2330	3340691
2331	-1
2332	-1
2333	3342973
2334	-1
2335	3345255
2336	-1
2337	3347537
2338	-1
2339	-1
2340	3349819
2341	-1
2342	3352101
2343	-1
2344	3354383
2345	-1
2346	3356665
2347	-1
2348	-1
2349	3358947
2350	-1
2351	3361229
2352	-1
2353	3363511
2354	-1
2355	-1
2356	3365793
2357	-1
2358	3368075
2359	-1
2360	3370357
2361	-1
2362	3372639
2363	-1
2364	-1
2365	3374921
2366	-1
2367	3377203
2368	-1
2369	3379485
2370	-1
2371	-1
2372	3381767
2373	-1
2374	3384049
2375	-1
2376	3386331
2377	-1
2378	3388613
2379	-1
2380	-1
2381	3390895
2382	-1
2383	3393177
2384	-1
2385	3395459
2386	-1
2387	3397741
2388	-1
2389	-1
2390	3400023
2391	-1
2392	3402305
2393	-1
2394	3404587
2395	-1
2396	-1
2397	3406869
2398	-1
2399	3409151
2400	-1
2401	3411433
2402	-1
2403	3413715
2404	-1
2405	-1
2406	3415997
2407	-1
2408	3418279
2409	-1
2410	3420561
2411	-1
2412	-1
2413	3422843
2414	-1
2415	3425125
2416	-1
2417	3427407
2418	-1
2419	3429689
2420	-1
2421	-1
2422	3431971
2423	-1
2424	3434253
2425	-1
2426	3436535
2427	-1
2428	-1
2429	3438817
2430	-1
2431	3441099
2432	-1
2433	3443381
2434	-1
2435	3445663
2436	-1
2437	-1
2438	3447945
2439	-1
2440	3450227
2441	-1
2442	3452509
2443	-1
2444	-1
2445	3454791
2446	-1
2447	3457073
2448	-1
2449	3459355
2450	-1
2451	3461637
2452	-1
2453	-1
2454	3463919
2455	-1
2456	3466201
2457	-1
2458	3468483
2459	-1
2460	-1
2461	3470765
2462	-1
2463	3473047
2464	-1
2465	3475329
2466	-1
2467	3477611
2468	-1
2469	-1
2470	3479893
2471	-1
2472	3482175
2473	-1
2474	3484457
2475	-1
2476	3486739
2477	-1
2478	-1
2479	3489021
2480	-1
2481	3491303
2482	-1
2483	3493585
2484	-1
2485	-1
2486	3495867
2487	-1
2488	3498149
2489	-1
2490	3500431
2491	-1
2492	3502713
2493	-1
2494	-1
2495	3504995
2496	-1
2497	3507277
2498	-1
2499	3509559
2500	-1
2501	-1
2502	3511841
2503	-1
2504	3514123
2505	-1
2506	3516405
2507	-1
2508	3518687
2509	-1
2510	-1
2511	3520969
2512	-1
2513	3523251
2514	-1
2515	3525533
2516	-1
2517	-1
2518	3527815
2519	-1
2520	3530097
2521	-1
2522	3532379
2523	-1
2524	3534661
2525	-1
2526	-1
2527	3536943
2528	-1
2529	3539225
2530	-1
2531	3541507
2532	-1
2533	-1
2534	3543789
2535	-1
2536	3546071
2537	-1
2538	3548353
2539	-1
2540	3550635
2541	-1
2542	-1
2543	3552917
2544	-1
2545	3555199
2546	-1
2547	3557481
2548	-1
2549	-1
2550	3559763
2551	-1
2552	3562045
2553	-1
2554	3564327
2555	-1
2556	3566609
2557	-1
2558	-1
2559	3568891
2560	-1
2561	3571173
2562	-1
2563	3573455
2564	-1
2565	3575737
2566	-1
2567	-1
2568	3578019
2569	-1
2570	3580301
2571	-1
2572	3582583
2573	-1
2574	-1
2575	3584865
2576	-1
2577	3587147
2578	-1
2579	3589429
2580	-1
2581	3591711
2582	-1
2583	-1
2584	3593993
2585	-1
2586	3596275
2587	-1
2588	3598557
2589	-1
2590	-1
2591	3600839
2592	-1
2593	3603121
2594	-1
2595	3605403
2596	-1
2597	3607685
2598	-1
2599	-1
2600	3609967
2601	-1
2602	3612249
2603	-1
2604	3614531
2605	-1
2606	-1
2607	3616813
2608	-1
2609	3619095
2610	-1
2611	3621377
2612	-1
2613	3623659
2614	-1
2615	-1
2616	3625941
2617	-1
2618	3628223
2619	-1
2620	3630505
2621	-1
2622	-1
2623	3632787
2624	-1
2625	3635069
2626	-1
2627	3637351
2628	-1
2629	3639633
2630	-1
2631	-1
2632	3641915
2633	-1
2634	3644197
2635	-1
2636	3646479
2637	-1
2638	-1
2639	3648761
2640	-1
2641	3651043
2642	-1
2643	3653325
2644	-1
2645	3655607
2646	-1
2647	-1
2648	3657889
2649	-1
2650	3660171
2651	-1
2652	3662453
2653	-1
2654	3664735
2655	-1
2656	-1
2657	3667017
2658	-1
2659	3669299
2660	-1
2661	3671581
2662	-1
2663	-1
2664	3673863
2665	-1
2666	3676145
2667	-1
2668	3678427
2669	-1
2670	3680709
2671	-1
2672	-1
2673	3682991
2674	-1
2675	3685273
2676	-1
2677	3687555
2678	-1
2679	-1
2680	3689837
2681	-1
2682	3692119
2683	-1
2684	3694401
2685	-1
2686	3696683
2687	-1
2688	-1
2689	3698965
2690	-1
2691	3701247
2692	-1
2693	3703529
2694	-1
2695	-1
2696	3705811
2697	-1
2698	3708093
2699	-1
2700	3710375
2701	-1
2702	3712657
2703	-1
2704	-1
2705	3714939
2706	-1
2707	3717221
2708	-1
2709	3719503
2710	-1
2711	-1
2712	3721785
2713	-1
2714	3724067
2715	-1
2716	3726349
2717	-1
2718	3728631
2719	-1
2720	-1
2721	3730913
2722	-1
2723	3733195
2724	-1
2725	3735477
2726	-1
2727	-1
2728	3737759
2729	-1
2730	3740041
2731	-1
2732	3742323
2733	-1
2734	3744605
2735	-1
2736	-1
2737	3746887
2738	-1
2739	3749169
2740	-1
2741	3751451
2742	-1
2743	3753733
2744	-1
2745	-1
2746	3756015
2747	-1
2748	3758297
2749	-1
2750	3760579
2751	-1
2752	-1
2753	3762861
2754	-1
2755	3765143
2756	-1
2757	3767425
2758	-1
2759	3769707
2760	-1
2761	-1
2762	3771989
2763	-1
2764	3774271
2765	-1
2766	3776553
2767	-1
2768	-1
2769	3778835
2770	-1
2771	3781117
2772	-1
2773	3783399
2774	-1
2775	3785681
2776	-1
2777	-1
2778	3787963
2779	-1
2780	3790245
2781	-1
2782	3792527
2783	-1
2784	-1
2785	3794809
2786	-1
2787	3797091
2788	-1
2789	3799373
2790	-1
2791	3801655
2792	-1
2793	-1
2794	3803937
2795	-1
2796	3806219
2797	-1
2798	3808501
2799	-1
2800	-1
2801	3810783
2802	-1
2803	3813065
2804	-1
2805	3815347
2806	-1
2807	3817629
2808	-1
2809	-1
2810	3819911
2811	-1
2812	3822193
2813	-1
2814	3824475
2815	-1
2816	-1
2817	3826757
2818	-1
2819	3829039
2820	-1
2821	3831321
2822	-1
2823	3833603
2824	-1
2825	-1
2826	3835885
2827	-1
2828	3838167
2829	-1
2830	3840449
2831	-1
2832	3842731
2833	-1
2834	-1
2835	3845013
2836	-1
2837	3847295
2838	-1
2839	3849577
2840	-1
2841	-1
2842	3851859
2843	-1
2844	3854141
2845	-1
2846	3856423
2847	-1
2848	3858705
2849	-1
2850	-1
2851	3860987
2852	-1
2853	3863269
2854	-1
2855	3865551
2856	-1
2857	-1
2858	3867833
2859	-1
2860	3870115
2861	-1
2862	3872397
2863	-1
2864	3874679
2865	-1
2866	-1
2867	3876961
2868	-1
2869	3879243
2870	-1
2871	3881525
2872	-1
2873	-1
2874	3883807
2875	-1
2876	3886089
2877	-1
2878	3888371
2879	-1
2880	3890653
2881	-1
2882	-1
2883	3892935
2884	-1
2885	3895217
2886	-1
2887	3897499
2888	-1
2889	-1
2890	3899781
2891	-1
2892	3902063
2893	-1
2894	3904345
2895	-1
2896	3906627
2897	-1
2898	-1
2899	3908909
2900	-1
2901	3911191
2902	-1
2903	3913473
2904	-1
2905	-1
2906	3915755
2907	-1
2908	3918037
2909	-1
2910	3920319
2911	-1
2912	3922601
2913	-1
2914	-1
2915	3924883
2916	-1
2917	3927165
2918	-1
2919	3929447
2920	-1
2921	3931729
2922	-1
2923	-1
2924	3934011
2925	-1
2926	3936293
2927	-1
2928	3938575
2929	-1
2930	-1
2931	3940857
2932	-1
2933	3943139
2934	-1
2935	3945421
2936	-1
2937	3947703
2938	-1
2939	-1
2940	3949985
2941	-1
2942	3952267
2943	-1
2944	3954549
2945	-1
2946	-1
2947	3956831
2948	-1
2949	3959113
2950	-1
2951	3961395
2952	-1
2953	3963677
2954	-1
2955	-1
2956	3965959
2957	-1
2958	3968241
2959	-1
2960	3970523
2961	-1
2962	-1
2963	3972805
2964	-1
2965	3975087
2966	-1
2967	3977369
2968	-1
2969	3979651
2970	-1
2971	-1
2972	3981933
2973	-1
2974	3984215
2975	-1
2976	3986497
2977	-1
2978	-1
2979	3988779
2980	-1
2981	3991061
2982	-1
2983	3993343
2984	-1
2985	3995625
2986	-1
2987	-1
2988	3997907
2989	-1
2990	4000189
2991	-1
2992	4002471
2993	-1
2994	-1
2995	4004753
2996	-1
2997	4007035
2998	-1
2999	4009317
3000	-1
3001	4011599
3002	-1
3003	-1
3004	4013881
3005	-1
3006	4016163
3007	-1
3008	4018445
3009	-1
3010	4020727
3011	-1
3012	-1
3013	4023009
3014	-1
3015	4025291
3016	-1
3017	4027573
3018	-1
3019	-1
3020	4029855
3021	-1
3022	4032137
3023	-1
3024	4034419
3025	-1
3026	4036701
3027	-1
3028	-1
3029	4038983
3030	-1
3031	4041265
3032	-1
3033	4043547
3034	-1
3035	-1
3036	4045829
3037	-1
3038	4048111
3039	-1
3040	4050393
3041	-1
3042	4052675
3043	-1
3044	-1
3045	4054957
3046	-1
3047	4057239
3048	-1
3049	4059521
3050	-1
3051	-1
3052	4061803
3053	-1
3054	4064085
3055	-1
3056	4066367
3057	-1
3058	4068649
3059	-1
3060	-1
3061	4070931
3062	-1
3063	4073213
3064	-1
3065	4075495
3066	-1
3067	-1
3068	4077777
3069	-1
3070	4080059
3071	-1
3072	4082341
3073	-1
3074	4084623
3075	-1
3076	-1
3077	4086905
3078	-1
3079	4089187
3080	-1
3081	4091469
3082	-1
3083	-1
3084	4093751
3085	-1
3086	4096033
3087	-1
3088	4098315
3089	-1
3090	4100597
3091	-1
3092	-1
3093	4102879
3094	-1
3095	4105161
3096	-1
3097	4107443
3098	-1
3099	4109725
3100	-1
3101	-1
3102	4112007
3103	-1
3104	4114289
3105	-1
3106	4116571
3107	-1
3108	-1
3109	4118853
3110	-1
3111	4121135
3112	-1
3113	4123417
3114	-1
3115	4125699
3116	-1
3117	-1
3118	4127981
3119	-1
3120	4130263
3121	-1
3122	4132545
3123	-1
3124	-1
3125	4134827
3126	-1
3127	4137109
3128	-1
3129	4139391
3130	-1
3131	4141673
3132	-1
3133	-1
3134	4143955
3135	-1
3136	4146237
3137	-1
3138	4148519
3139	-1
3140	-1
3141	4150801
3142	-1
3143	4153083
3144	-1
3145	4155365
3146	-1
3147	4157647
3148	-1
3149	-1
3150	4159929
3151	-1
3152	4162211
3153	-1
3154	4164493
3155	-1
3156	-1
3157	4166775
3158	-1
3159	4169057
3160	-1
3161	4171339
3162	-1
3163	4173621
3164	-1
3165	-1
3166	4175903
3167	-1
3168	4178185
3169	-1
3170	4180467
3171	-1
3172	-1
3173	4182749
3174	-1
3175	4185031
3176	-1
3177	4187313
3178	-1
3179	4189595
3180	-1
3181	-1
3182	4191877
3183	-1
3184	4194159
3185	-1
3186	4196441
3187	-1
3188	4198723
3189	-1
3190	-1
3191	4201005
3192	-1
3193	4203287
3194	-1
3195	4205569
3196	-1
3197	-1
3198	4207851
3199	-1
3200	4210133
3201	-1
3202	4212415
3203	-1
3204	4214697
3205	-1
3206	-1
3207	4216979
3208	-1
3209	4219261
3210	-1
3211	4221543
3212	-1
3213	-1
3214	4223825
3215	-1
3216	4226107
3217	-1
3218	4228389
3219	-1
3220	4230671
3221	-1
3222	-1
3223	4232953
3224	-1
3225	4235235
3226	-1
3227	4237517
3228	-1
3229	-1
3230	4239799
3231	-1
3232	4242081
3233	-1
3234	4244363
3235	-1
3236	4246645
3237	-1
3238	-1
3239	4248927
3240	-1
3241	4251209
3242	-1
3243	4253491
3244	-1
3245	-1
3246	4255773
3247	-1
3248	4258055
3249	-1
3250	4260337
3251	-1
3252	4262619
3253	-1
3254	-1
3255	4264901
3256	-1
3257	4267183
3258	-1
3259	4269465
3260	-1
3261	-1
3262	4271747
3263	-1
3264	4274029
3265	-1
3266	4276311
3267	-1
3268	4278593
3269	-1
3270	-1
3271	4280875
3272	-1
3273	4283157
3274	-1
3275	4285439
3276	-1
3277	4287721
3278	-1
3279	-1
3280	4290003
3281	-1
3282	4292285
3283	-1
3284	4294567
3285	-1
3286	-1
3287	4296849
3288	-1
3289	4299131
3290	-1
3291	4301413
3292	-1
3293	4303695
3294	-1
3295	-1
3296	4305977
3297	-1
3298	4308259
3299	-1
3300	4310541
3301	-1
3302	-1
3303	4312823
3304	-1
3305	4315105
3306	-1
3307	4317387
3308	-1
3309	4319669
3310	-1
3311	-1
3312	4321951
3313	-1
3314	4324233
3315	-1
3316	4326515
3317	-1
3318	-1
3319	4328797
3320	-1
3321	4331079
3322	-1
3323	4333361
3324	-1
3325	4335643
3326	-1
3327	-1
3328	4337925
3329	-1
3330	4340207
3331	-1
3332	4342489
3333	-1
3334	-1
3335	4344771
3336	-1
3337	4347053
3338	-1
3339	4349335
3340	-1
3341	4351617
3342	-1
3343	-1
3344	4353899
3345	-1
3346	4356181
3347	-1
3348	4358463
3349	-1
3350	-1
3351	4360745
3352	-1
3353	4363027
3354	-1
3355	4365309
3356	-1
3357	4367591
3358	-1
3359	-1
3360	4369873
3361	-1
3362	4372155
3363	-1
3364	4374437
3365	-1
3366	4376719
3367	-1
3368	-1
3369	4379001
3370	-1
3371	4381283
3372	-1
3373	4383565
3374	-1
3375	-1
3376	4385847
3377	-1
3378	4388129
3379	-1
3380	4390411
3381	-1
3382	4392693
3383	-1
3384	-1
3385	4394975
3386	-1
3387	4397257
3388	-1
3389	4399539
3390	-1
3391	-1
3392	4401821
3393	-1
3394	4404103
3395	-1
3396	4406385
3397	-1
3398	4408667
3399	-1
3400	-1
3401	4410949
3402	-1
3403	4413231
3404	-1
3405	4415513
3406	-1
3407	-1
3408	4417795
3409	-1
3410	4420077
3411	-1
3412	4422359
3413	-1
3414	4424641
3415	-1
3416	-1
3417	4426923
3418	-1
3419	4429205
3420	-1
3421	4431487
3422	-1
3423	-1
3424	4433769
3425	-1
3426	4436051
3427	-1
3428	4438333
3429	-1
3430	4440615
3431	-1
3432	-1
3433	4442897
3434	-1
3435	4445179
3436	-1
3437	4447461
3438	-1
3439	4449743
3440	-1
3441	-1
3442	4452025
3443	-1
3444	4454307
3445	-1
3446	4456589
3447	-1
3448	-1
3449	4458871
3450	-1
3451	4461153
3452	-1
3453	4463435
3454	-1
3455	4465717
3456	-1
3457	-1
3458	4467999
3459	-1
3460	4470281
3461	-1
3462	4472563
3463	-1
3464	-1
3465	4474845
3466	-1
3467	4477127
3468	-1
3469	4479409
3470	-1
3471	4481691
3472	-1
3473	-1
3474	4483973
3475	-1
3476	4486255
3477	-1
3478	4488537
3479	-1
3480	-1
3481	4490819
3482	-1
3483	4493101
3484	-1
3485	4495383
3486	-1
3487	4497665
3488	-1
3489	-1
3490	4499947
3491	-1
3492	4502229
3493	-1
3494	4504511
3495	-1
3496	-1
3497	4506793
3498	-1
3499	4509075
3500	-1
3501	4511357
3502	-1
3503	4513639
3504	-1
3505	-1
3506	4515921
3507	-1
3508	4518203
3509	-1
3510	4520485
3511	-1
3512	-1
3513	4522767
3514	-1
3515	4525049
3516	-1
3517	4527331
3518	-1
3519	4529613
3520	-1
3521	-1
3522	4531895
3523	-1
3524	4534177
3525	-1
3526	4536459
3527	-1
3528	4538741
3529	-1
3530	-1
3531	4541023
3532	-1
3533	4543305
3534	-1
3535	4545587
3536	-1
3537	-1
3538	4547869
3539	-1
3540	4550151
3541	-1
3542	4552433
3543	-1
3544	4554715
3545	-1
3546	-1
3547	4556997
3548	-1
3549	4559279
3550	-1
3551	4561561
3552	-1
3553	-1
3554	4563843
3555	-1
3556	4566125
3557	-1
3558	4568407
3559	-1
3560	4570689
3561	-1
3562	-1
3563	4572971
3564	-1
3565	4575253
3566	-1
3567	4577535
3568	-1
3569	-1
3570	4579817
3571	-1
3572	4582099
3573	-1
3574	4584381
3575	-1
3576	4586663
3577	-1
3578	-1
3579	4588945
3580	-1
3581	4591227
3582	-1
3583	4593509
3584	-1
3585	-1
3586	4595791
3587	-1
3588	4598073
3589	-1
3590	4600355
3591	-1
3592	4602637
3593	-1
3594	-1
3595	4604919
3596	-1
3597	4607201
3598	-1
3599	4609483
3600	-1
3601	-1
3602	4611765
3603	-1
3604	4614047
3605	-1
3606	4616329
3607	-1
3608	4618611
3609	-1
3610	-1
3611	4620893
3612	-1
3613	4623175
3614	-1
3615	4625457
3616	-1
3617	4627739
3618	-1
3619	-1
3620	4630021
3621	-1
3622	4632303
3623	-1
3624	4634585
3625	-1
3626	-1
3627	4636867
3628	-1
3629	4639149
3630	-1
3631	4641431
3632	-1
3633	4643713
3634	-1
3635	-1
3636	4645995
3637	-1
3638	4648277
3639	-1
3640	4650559
3641	-1
3642	-1
3643	4652841
3644	-1
3645	4655123
3646	-1
3647	4657405
3648	-1
3649	4659687
3650	-1
3651	-1
3652	4661969
3653	-1
3654	4664251
3655	-1
3656	4666533
3657	-1
3658	-1
3659	4668815
3660	-1
3661	4671097
3662	-1
3663	4673379
3664	-1
3665	4675661
3666	-1
3667	-1
3668	4677943
3669	-1
3670	4680225
3671	-1
3672	4682507
3673	-1
3674	-1
3675	4684789
3676	-1
3677	4687071
3678	-1
3679	4689353
3680	-1
3681	4691635
3682	-1
3683	-1
3684	4693917
3685	-1
3686	4696199
3687	-1
3688	4698481
3689	-1
3690	-1
3691	4700763
3692	-1
3693	4703045
3694	-1
3695	4705327
3696	-1
3697	4707609
3698	-1
3699	-1
3700	4709891
3701	-1
3702	4712173
3703	-1
3704	4714455
3705	-1
3706	4716737
3707	-1
3708	-1
3709	4719019
3710	-1
3711	4721301
3712	-1
3713	4723583
3714	-1
3715	-1
3716	4725865
3717	-1
3718	4728147
3719	-1
3720	4730429
3721	-1
3722	4732711
3723	-1
3724	-1
3725	4734993
3726	-1
3727	4737275
3728	-1
3729	4739557
3730	-1
3731	-1
3732	4741839
3733	-1
3734	4744121
3735	-1
3736	4746403
3737	-1
3738	4748685
3739	-1
3740	-1
3741	4750967
3742	-1
3743	4753249
3744	-1
3745	4755531
3746	-1
3747	-1
3748	4757813
3749	-1
3750	4760095
3751	-1
3752	4762377
3753	-1
3754	4764659
3755	-1
3756	-1
3757	4766941
3758	-1
3759	4769223
3760	-1
3761	4771505
3762	-1
3763	-1
3764	4773787
3765	-1
3766	4776069
3767	-1
3768	4778351
3769	-1
3770	4780633
3771	-1
3772	-1
3773	4782915
3774	-1
3775	4785197
3776	-1
3777	4787479
3778	-1
3779	-1
3780	4789761
3781	-1
3782	4792043
3783	-1
3784	4794325
3785	-1
3786	4796607
3787	-1
3788	-1
3789	4798889
3790	-1
3791	4801171
3792	-1
3793	4803453
3794	-1
3795	4805735
3796	-1
3797	-1
3798	4808017
3799	-1
3800	4810299
3801	-1
3802	4812581
3803	-1
3804	-1
3805	4814863
3806	-1
3807	4817145
3808	-1
3809	4819427
3810	-1
3811	4821709
3812	-1
3813	-1
3814	4823991
3815	-1
3816	4826273
3817	-1
3818	4828555
3819	-1
3820	-1
3821	4830837
3822	-1
3823	4833119
3824	-1
3825	4835401
3826	-1
3827	4837683
3828	-1
3829	-1
3830	4839965
3831	-1
3832	4842247
3833	-1
3834	4844529
3835	-1
3836	-1
3837	4846811
3838	-1
3839	4849093
3840	-1
3841	4851375
3842	-1
3843	4853657
3844	-1
3845	-1
3846	4855939
3847	-1
3848	4858221
3849	-1
3850	4860503
3851	-1
3852	-1
3853	4862785
3854	-1
3855	4865067
3856	-1
3857	4867349
3858	-1
3859	4869631
3860	-1
3861	-1
3862	4871913
3863	-1
3864	4874195
3865	-1
3866	4876477
3867	-1
3868	-1
3869	4878759
3870	-1
3871	4881041
3872	-1
3873	4883323
3874	-1
3875	4885605
3876	-1
3877	-1
3878	4887887
3879	-1
3880	4890169
3881	-1
3882	4892451
3883	-1
3884	4894733
3885	-1
3886	-1
3887	4897015
3888	-1
3889	4899297
3890	-1
3891	4901579
3892	-1
3893	-1
3894	4903861
3895	-1
3896	4906143
3897	-1
3898	4908425
3899	-1
3900	4910707
3901	-1
3902	-1
3903	4912989
3904	-1
3905	4915271
3906	-1
3907	4917553
3908	-1
3909	-1
3910	4919835
3911	-1
3912	4922117
3913	-1
3914	4924399
3915	-1
3916	4926681
3917	-1
3918	-1
3919	4928963
3920	-1
3921	4931245
3922	-1
3923	4933527
3924	-1
3925	-1
3926	4935809
3927	-1
3928	4938091
3929	-1
3930	4940373
3931	-1
3932	4942655
3933	-1
3934	-1
3935	4944937
3936	-1
3937	4947219
3938	-1
3939	4949501
3940	-1
3941	-1
3942	4951783
3943	-1
3944	4954065
3945	-1
3946	4956347
3947	-1
3948	4958629
3949	-1
3950	-1
3951	4960911
3952	-1
3953	4963193
3954	-1
3955	4965475
3956	-1
3957	-1
3958	4967757
3959	-1
3960	4970039
3961	-1
3962	4972321
3963	-1
3964	4974603
3965	-1
3966	-1
3967	4976885
3968	-1
3969	4979167
3970	-1
3971	4981449
3972	-1
3973	4983731
3974	-1
3975	-1
3976	4986013
3977	-1
3978	4988295
3979	-1
3980	4990577
3981	-1
3982	-1
3983	4992859
3984	-1
3985	4995141
3986	-1
3987	4997423
3988	-1
3989	4999705
3990	-1
3991	-1
3992	5001987
3993	-1
3994	5004269
3995	-1
3996	5006551
3997	-1
3998	-1
3999	5008833
4000	-1
4001	5011115
4002	-1
4003	5013397
4004	-1
4005	5015679
4006	-1
4007	-1
4008	5017961
4009	-1
4010	5020243
4011	-1
4012	5022525
4013	-1
4014	-1
4015	5024807
4016	-1
4017	5027089
4018	-1
4019	5029371
4020	-1
4021	5031653
4022	-1
4023	-1
4024	5033935
4025	-1
4026	5036217
4027	-1
4028	5038499
4029	-1
4030	-1
4031	5040781
4032	-1
4033	5043063
4034	-1
4035	5045345
4036	-1
4037	5047627
4038	-1
4039	-1
4040	5049909
4041	-1
4042	5052191
4043	-1
4044	5054473
4045	-1
4046	-1
4047	5056755
4048	-1
4049	5059037
4050	-1
4051	5061319
4052	-1
4053	5063601
4054	-1
4055	-1
4056	5065883
4057	-1
4058	5068165
4059	-1
4060	5070447
4061	-1
4062	5072729
4063	-1
4064	-1
4065	5075011
4066	-1
4067	5077293
4068	-1
4069	5079575
4070	-1
4071	-1
4072	5081857
4073	-1
4074	5084139
4075	-1
4076	5086421
4077	-1
4078	5088703
4079	-1
4080	-1
4081	5090985
4082	-1
4083	5093267
4084	-1
4085	5095549
4086	-1
4087	-1
4088	5097831
4089	-1
4090	5100113
4091	-1
4092	5102395
4093	-1
4094	5104677
4095	-1
4096	-1
4097	5106959
4098	-1
4099	5109241
4100	-1
4101	5111523
4102	-1
4103	-1
4104	5113805
4105	-1
4106	5116087
4107	-1
4108	5118369
4109	-1
4110	5120651
4111	-1
4112	-1
4113	5122933
4114	-1
4115	5125215
4116	-1
4117	5127497
4118	-1
4119	-1
4120	5129779
4121	-1
4122	5132061
4123	-1
4124	5134343
4125	-1
4126	5136625
4127	-1
4128	-1
4129	5138907
4130	-1
4131	5141189
4132	-1
4133	5143471
4134	-1
4135	-1
4136	5145753
4137	-1
4138	5148035
4139	-1
4140	5150317
4141	-1
4142	5152599
4143	-1
4144	-1
4145	5154881
4146	-1
4147	5157163
4148	-1
4149	5159445
4150	-1
4151	5161727
4152	-1
4153	-1
4154	5164009
4155	-1
4156	5166291
4157	-1
4158	5168573
4159	-1
4160	-1
4161	5170855
4162	-1
4163	5173137
4164	-1
4165	5175419
4166	-1
4167	5177701
4168	-1
4169	-1
4170	5179983
4171	-1
4172	5182265
4173	-1
4174	5184547
4175	-1
4176	-1
4177	5186829
4178	-1
4179	5189111
4180	-1
4181	5191393
4182	-1
4183	5193675
4184	-1
4185	-1
4186	5195957
4187	-1
4188	5198239
4189	-1
4190	5200521
4191	-1
4192	-1
4193	5202803
4194	-1
4195	5205085
4196	-1
4197	5207367
4198	-1
4199	5209649
4200	-1
4201	-1
4202	5211931
4203	-1
4204	5214213
4205	-1
4206	5216495
4207	-1
4208	-1
4209	5218777
4210	-1
4211	5221059
4212	-1
4213	5223341
4214	-1
4215	5225623
4216	-1
4217	-1
4218	5227905
4219	-1
4220	5230187
4221	-1
4222	5232469
4223	-1
4224	-1
4225	5234751
4226	-1
4227	5237033
4228	-1
4229	5239315
4230	-1
4231	5241597
4232	-1
4233	-1
4234	5243879
4235	-1
4236	5246161
4237	-1
4238	5248443
4239	-1
4240	5250725
4241	-1
4242	-1
4243	5253007
4244	-1
4245	5255289
4246	-1
4247	5257571
4248	-1
4249	-1
4250	5259853
4251	-1
4252	5262135
4253	-1
4254	5264417
4255	-1
4256	5266699
4257	-1
4258	-1
4259	5268981
4260	-1
4261	5271263
4262	-1
4263	5273545
4264	-1
4265	-1
4266	5275827
4267	-1
4268	5278109
4269	-1
4270	5280391
4271	-1
4272	5282673
4273	-1
4274	-1
4275	5284955
4276	-1
4277	5287237
4278	-1
4279	5289519
4280	-1
4281	-1
4282	5291801
4283	-1
4284	5294083
4285	-1
4286	5296365
4287	-1
4288	5298647
4289	-1
4290	-1
4291	5300929
4292	-1
4293	5303211
4294	-1
4295	5305493
4296	-1
4297	-1
4298	5307775
4299	-1
4300	5310057
4301	-1
4302	5312339
4303	-1
4304	5314621
4305	-1
4306	-1
4307	5316903
4308	-1
4309	5319185
4310	-1
4311	5321467
4312	-1
4313	-1
4314	5323749
4315	-1
4316	5326031
4317	-1
4318	5328313
4319	-1
4320	5330595
4321	-1
4322	-1
4323	5332877
4324	-1
4325	5335159
4326	-1
4327	5337441
4328	-1
4329	5339723
4330	-1
4331	-1
4332	5342005
4333	-1
4334	5344287
4335	-1
4336	5346569
4337	-1
4338	-1
4339	5348851
4340	-1
4341	5351133
4342	-1
4343	5353415
4344	-1
4345	5355697
4346	-1
4347	-1
4348	5357979
4349	-1
4350	5360261
4351	-1
4352	5362543
4353	-1
4354	-1
4355	5364825
4356	-1
4357	5367107
4358	-1
4359	5369389
4360	-1
4361	5371671
4362	-1
4363	-1
4364	5373953
4365	-1
4366	5376235
4367	-1
4368	5378517
4369	-1
4370	-1
4371	5380799
4372	-1
4373	5383081
4374	-1
4375	5385363
4376	-1
4377	5387645
4378	-1
4379	-1
4380	5389927
4381	-1
4382	5392209
4383	-1
4384	5394491
4385	-1
4386	-1
4387	5396773
4388	-1
4389	5399055
4390	-1
4391	5401337
4392	-1
4393	5403619
4394	-1
4395	-1
4396	5405901
4397	-1
4398	5408183
4399	-1
4400	5410465
4401	-1
4402	-1
4403	5412747
4404	-1
4405	5415029
4406	-1
4407	5417311
4408	-1
4409	5419593
4410	-1
4411	-1
4412	5421875
4413	-1
4414	5424157
4415	-1
4416	5426439
4417	-1
4418	5428721
4419	-1
4420	-1
4421	5431003
4422	-1
4423	5433285
4424	-1
4425	5435567
4426	-1
4427	-1
4428	5437849
4429	-1
4430	5440131
4431	-1
4432	5442413
4433	-1
4434	5444695
4435	-1
4436	-1
4437	5446977
4438	-1
4439	5449259
4440	-1
4441	5451541
4442	-1
4443	-1
4444	5453823
4445	-1
4446	5456105
4447	-1
4448	5458387
4449	-1
4450	5460669
4451	-1
4452	-1
4453	5462951
4454	-1
4455	5465233
4456	-1
4457	5467515
4458	-1
4459	-1
4460	5469797
4461	-1
4462	5472079
4463	-1
4464	5474361
4465	-1
4466	5476643
4467	-1
4468	-1
4469	5478925
4470	-1
4471	5481207
4472	-1
4473	5483489
4474	-1
4475	-1
4476	5485771
4477	-1
4478	5488053
4479	-1
4480	5490335
4481	-1
4482	5492617
4483	-1
4484	-1
4485	5494899
4486	-1
4487	5497181
4488	-1
4489	5499463
4490	-1
4491	-1
4492	5501745
4493	-1
4494	5504027
4495	-1
4496	5506309
4497	-1
4498	5508591
4499	-1
4500	-1
4501	5510873
4502	-1
4503	5513155
4504	-1
4505	5515437
4506	-1
4507	5517719
4508	-1
4509	-1
4510	5520001
4511	-1
4512	5522283
4513	-1
4514	5524565
4515	-1
4516	-1
4517	5526847
4518	-1
4519	5529129
4520	-1
4521	5531411
4522	-1
4523	5533693
4524	-1
4525	-1
4526	5535975
4527	-1
4528	5538257
4529	-1
4530	5540539
4531	-1
4532	-1
4533	5542821
4534	-1
4535	5545103
4536	-1
4537	5547385
4538	-1
4539	5549667
4540	-1
4541	-1
4542	5551949
4543	-1
4544	5554231
4545	-1
4546	5556513
4547	-1
4548	-1
4549	5558795
4550	-1
4551	5561077
4552	-1
4553	5563359
4554	-1
4555	5565641
4556	-1
4557	-1
4558	5567923
4559	-1
4560	5570205
4561	-1
4562	5572487
4563	-1
4564	-1
4565	5574769
4566	-1
4567	5577051
4568	-1
4569	5579333
4570	-1
4571	5581615
4572	-1
4573	-1
4574	5583897
4575	-1
4576	5586179
4577	-1
4578	5588461
4579	-1
4580	5590743
4581	-1
4582	-1
4583	5593025
4584	-1
4585	5595307
4586	-1
4587	5597589
4588	-1
4589	-1
4590	5599871
4591	-1
4592	5602153
4593	-1
4594	5604435
4595	-1
4596	5606717
4597	-1
4598	-1
4599	5608999
4600	-1
4601	5611281
4602	-1
4603	5613563
4604	-1
4605	-1
4606	5615845
4607	-1
4608	5618127
4609	-1
4610	5620409
4611	-1
4612	5622691
4613	-1
4614	-1
4615	5624973
4616	-1
4617	5627255
4618	-1
4619	5629537
4620	-1
4621	-1
4622	5631819
4623	-1
4624	5634101
4625	-1
4626	5636383
4627	-1
4628	5638665
4629	-1
4630	-1
4631	5640947
4632	-1
4633	5643229
4634	-1
4635	5645511
4636	-1
4637	-1
4638	5647793
4639	-1
4640	5650075
4641	-1
4642	5652357
4643	-1
4644	5654639
4645	-1
4646	-1
4647	5656921
4648	-1
4649	5659203
4650	-1
4651	5661485
4652	-1
4653	-1
4654	5663767
4655	-1
4656	5666049
4657	-1
4658	5668331
4659	-1
4660	5670613
4661	-1
4662	-1
4663	5672895
4664	-1
4665	5675177
4666	-1
4667	5677459
4668	-1
4669	5679741
4670	-1
4671	-1
4672	5682023
4673	-1
4674	5684305
4675	-1
4676	5686587
4677	-1
4678	-1
4679	5688869
4680	-1
4681	5691151
4682	-1
4683	5693433
4684	-1
4685	5695715
4686	-1
4687	-1
4688	5697997
4689	-1
4690	5700279
4691	-1
4692	5702561
4693	-1
4694	-1
4695	5704843
4696	-1
4697	5707125
4698	-1
4699	5709407
4700	-1
4701	5711689
4702	-1
4703	-1
4704	5713971
4705	-1
4706	5716253
4707	-1
4708	5718535
4709	-1
4710	-1
4711	5720817
4712	-1
4713	5723099
4714	-1
4715	5725381
4716	-1
4717	5727663
4718	-1
4719	-1
4720	5729945
4721	-1
4722	5732227
4723	-1
4724	5734509
4725	-1
4726	-1
4727	5736791
4728	-1
4729	5739073
4730	-1
4731	5741355
4732	-1
4733	5743637
4734	-1
4735	-1
4736	5745919
4737	-1
4738	5748201
4739	-1
4740	5750483
4741	-1
4742	-1
4743	5752765
4744	-1
4745	5755047
4746	-1
4747	5757329
4748	-1
4749	5759611
4750	-1
4751	-1
4752	5761893
4753	-1
4754	5764175
4755	-1
4756	5766457
4757	-1
4758	5768739
4759	-1
4760	-1
4761	5771021
4762	-1
4763	5773303
4764	-1
4765	5775585
4766	-1
4767	-1
4768	5777867
4769	-1
4770	5780149
4771	-1
4772	5782431
4773	-1
4774	5784713
4775	-1
4776	-1
4777	5786995
4778	-1
4779	5789277
4780	-1
4781	5791559
4782	-1
4783	-1
4784	5793841
4785	-1
4786	5796123
4787	-1
4788	5798405
4789	-1
4790	5800687
4791	-1
4792	-1
4793	5802969
4794	-1
4795	5805251
4796	-1
4797	5807533
4798	-1
4799	-1
4800	5809815
4801	-1
4802	5812097
4803	-1
4804	5814379
4805	-1
4806	5816661
4807	-1
4808	-1
4809	5818943
4810	-1
4811	5821225
4812	-1
4813	5823507
4814	-1
4815	-1
4816	5825789
4817	-1
4818	5828071
4819	-1
4820	5830353
4821	-1
4822	5832635
4823	-1
4824	-1
4825	5834917
4826	-1
4827	5837199
4828	-1
4829	5839481
4830	-1
4831	-1
4832	5841763
4833	-1
4834	5844045
4835	-1
4836	5846327
4837	-1
4838	5848609
4839	-1
4840	-1
4841	5850891
4842	-1
4843	5853173
4844	-1
4845	5855455
4846	-1
4847	5857737
4848	-1
4849	-1
4850	5860019
4851	-1
4852	5862301
4853	-1
4854	5864583
4855	-1
4856	-1
4857	5866865
4858	-1
4859	5869147
4860	-1
4861	5871429
4862	-1
4863	5873711
4864	-1
4865	-1
4866	5875993
4867	-1
4868	5878275
4869	-1
4870	5880557
4871	-1
4872	-1
4873	5882839
4874	-1
4875	5885121
4876	-1
4877	5887403
4878	-1
4879	5889685
4880	-1
4881	-1
4882	5891967
4883	-1
4884	5894249
4885	-1
4886	5896531
4887	-1
4888	-1
4889	5898813
4890	-1
4891	5901095
4892	-1
4893	5903377
4894	-1
4895	5905659
4896	-1
4897	-1
4898	5907941
4899	-1
4900	5910223
4901	-1
4902	5912505
4903	-1
4904	-1
4905	5914787
4906	-1
4907	5917069
4908	-1
4909	5919351
4910	-1
4911	5921633
4912	-1
4913	-1
4914	5923915
4915	-1
4916	5926197
4917	-1
4918	5928479
4919	-1
4920	-1
4921	5930761
4922	-1
4923	5933043
4924	-1
4925	5935325
4926	-1
4927	5937607
4928	-1
4929	-1
4930	5939889
4931	-1
4932	5942171
4933	-1
4934	5944453
4935	-1
4936	5946735
4937	-1
4938	-1
4939	5949017
4940	-1
4941	5951299
4942	-1
4943	5953581
4944	-1
4945	-1
4946	5955863
4947	-1
4948	5958145
4949	-1
4950	5960427
4951	-1
4952	5962709
4953	-1
4954	-1
4955	5964991
4956	-1
4957	5967273
4958	-1
4959	5969555
4960	-1
4961	-1
4962	5971837
4963	-1
4964	5974119
4965	-1
4966	5976401
4967	-1
4968	5978683
4969	-1
4970	-1
4971	5980965
4972	-1
4973	5983247
4974	-1
4975	5985529
4976	-1
4977	-1
4978	5987811
4979	-1
4980	5990093
4981	-1
4982	5992375
4983	-1
4984	5994657
4985	-1
4986	-1
4987	5996939
4988	-1
4989	5999221
4990	-1
4991	6001503
4992	-1
4993	-1
4994	6003785
4995	-1
4996	6006067
4997	-1
4998	6008349
4999	-1
5000	6010631
5001	-1
5002	-1
5003	6012913
5004	-1
5005	6015195
5006	-1
5007	6017477
5008	-1
5009	-1
5010	6019759
5011	-1
5012	6022041
5013	-1
5014	6024323
5015	-1
5016	6026605
5017	-1
5018	-1
5019	6028887
5020	-1
5021	6031169
5022	-1
5023	6033451
5024	-1
5025	6035733
5026	-1
5027	-1
5028	6038015
5029	-1
5030	6040297
5031	-1
5032	6042579
5033	-1
5034	-1
5035	6044861
5036	-1
5037	6047143
5038	-1
5039	6049425
5040	-1
5041	6051707
5042	-1
5043	-1
5044	6053989
5045	-1
5046	6056271
5047	-1
5048	6058553
5049	-1
5050	-1
5051	6060835
5052	-1
5053	6063117
5054	-1
5055	6065399
5056	-1
5057	6067681
5058	-1
5059	-1
5060	6069963
5061	-1
5062	6072245
5063	-1
5064	6074527
5065	-1
5066	-1
5067	6076809
5068	-1
5069	6079091
5070	-1
5071	6081373
5072	-1
5073	6083655
5074	-1
5075	-1
5076	6085937
5077	-1
5078	6088219
5079	-1
5080	6090501
5081	-1
5082	-1
5083	6092783
5084	-1
5085	6095065
5086	-1
5087	6097347
5088	-1
5089	6099629
5090	-1
5091	-1
5092	6101911
5093	-1
5094	6104193
5095	-1
5096	6106475
5097	-1
5098	-1
5099	6108757
5100	-1
5101	6111039
5102	-1
5103	6113321
5104	-1
5105	6115603
5106	-1
5107	-1
5108	6117885
5109	-1
5110	6120167
5111	-1
5112	6122449
5113	-1
5114	6124731
5115	-1
5116	-1
5117	6127013
5118	-1
5119	6129295
5120	-1
5121	6131577
5122	-1
5123	-1
5124	6133859
5125	-1
5126	6136141
5127	-1
5128	6138423
5129	-1
5130	6140705
5131	-1
5132	-1
5133	6142987
5134	-1
5135	6145269
5136	-1
5137	6147551
5138	-1
5139	-1
5140	6149833
5141	-1
5142	6152115
5143	-1
5144	6154397
5145	-1
5146	6156679
5147	-1
5148	-1
5149	6158961
5150	-1
5151	6161243
5152	-1
5153	6163525
5154	-1
5155	-1
5156	6165807
5157	-1
5158	6168089
5159	-1
5160	6170371
5161	-1
5162	6172653
5163	-1
5164	-1
5165	6174935
5166	-1
5167	6177217
5168	-1
5169	6179499
5170	-1
5171	-1
5172	6181781
5173	-1
5174	6184063
5175	-1
5176	6186345
5177	-1
5178	6188627
5179	-1
5180	-1
5181	6190909
5182	-1
5183	6193191
5184	-1
5185	6195473
5186	-1
5187	-1
5188	6197755
5189	-1
5190	6200037
5191	-1
5192	6202319
5193	-1
5194	6204601
5195	-1
5196	-1
5197	6206883
5198	-1
5199	6209165
5200	-1
5201	6211447
5202	-1
5203	6213729
5204	-1
5205	-1
5206	6216011
5207	-1
5208	6218293
5209	-1
5210	6220575
5211	-1
5212	-1
5213	6222857
5214	-1
5215	6225139
5216	-1
5217	6227421
5218	-1
5219	6229703
5220	-1
5221	-1
5222	6231985
5223	-1
5224	6234267
5225	-1
5226	6236549
5227	-1
5228	-1
5229	6238831
5230	-1
5231	6241113
5232	-1
5233	6243395
5234	-1
5235	6245677
5236	-1
5237	-1
5238	6247959
5239	-1
5240	6250241
5241	-1
5242	6252523
5243	-1
5244	-1
5245	6254805
5246	-1
5247	6257087
5248	-1
5249	6259369
5250	-1
5251	6261651
5252	-1
5253	-1
5254	6263933
5255	-1
5256	6266215
5257	-1
5258	6268497
5259	-1
5260	-1
5261	6270779
5262	-1
5263	6273061
5264	-1
5265	6275343
5266	-1
5267	6277625
5268	-1
5269	-1
5270	6279907
5271	-1
5272	6282189
5273	-1
5274	6284471
5275	-1
5276	-1
5277	6286753
5278	-1
5279	6289035
5280	-1
5281	6291317
5282	-1
5283	6293599
5284	-1
5285	-1
5286	6295881
5287	-1
5288	6298163
5289	-1
5290	6300445
5291	-1
5292	6302727
5293	-1
5294	-1
5295	6305009
5296	-1
5297	6307291
5298	-1
5299	6309573
5300	-1
5301	-1
5302	6311855
5303	-1
5304	6314137
5305	-1
5306	6316419
5307	-1
5308	6318701
5309	-1
5310	-1
5311	6320983
5312	-1
5313	6323265
5314	-1
5315	6325547
5316	-1
5317	-1
5318	6327829
5319	-1
5320	6330111
5321	-1
5322	6332393
5323	-1
5324	6334675
5325	-1
5326	-1
5327	6336957
5328	-1
5329	6339239
5330	-1
5331	6341521
5332	-1
5333	-1
5334	6343803
5335	-1
5336	6346085
5337	-1
5338	6348367
5339	-1
5340	6350649
5341	-1
5342	-1
5343	6352931
5344	-1
5345	6355213
5346	-1
5347	6357495
5348	-1
5349	-1
5350	6359777
5351	-1
5352	6362059
5353	-1
5354	6364341
5355	-1
5356	6366623
5357	-1
5358	-1
5359	6368905
5360	-1
5361	6371187
5362	-1
5363	6373469
5364	-1
5365	-1
5366	6375751
5367	-1
5368	6378033
5369	-1
5370	6380315
5371	-1
5372	6382597
5373	-1
5374	-1
5375	6384879
5376	-1
5377	6387161
5378	-1
5379	6389443
5380	-1
5381	6391725
5382	-1
5383	-1
5384	6394007
5385	-1
5386	6396289
5387	-1
5388	6398571
5389	-1
5390	-1
5391	6400853
5392	-1
5393	6403135
5394	-1
5395	6405417
5396	-1
5397	6407699
5398	-1
5399	-1
5400	6409981
5401	-1
5402	6412263
5403	-1
5404	6414545
5405	-1
5406	-1
5407	6416827
5408	-1
5409	6419109
5410	-1
5411	6421391
5412	-1
5413	6423673
5414	-1
5415	-1
5416	6425955
5417	-1
5418	6428237
5419	-1
5420	6430519
5421	-1
5422	-1
5423	6432801
5424	-1
5425	6435083
5426	-1
5427	6437365
5428	-1
5429	6439647
5430	-1
5431	-1
5432	6441929
5433	-1
5434	6444211
5435	-1
5436	6446493
5437	-1
5438	-1
5439	6448775
5440	-1
5441	6451057
5442	-1
5443	6453339
5444	-1
5445	6455621
5446	-1
5447	-1
5448	6457903
5449	-1
5450	6460185
5451	-1
5452	6462467
5453	-1
5454	-1
5455	6464749
5456	-1
5457	6467031
5458	-1
5459	6469313
5460	-1
5461	6471595
5462	-1
5463	-1
5464	6473877
5465	-1
5466	6476159
5467	-1
5468	6478441
5469	-1
5470	6480723
5471	-1
5472	-1
5473	6483005
5474	-1
5475	6485287
5476	-1
5477	6487569
5478	-1
5479	-1
5480	6489851
5481	-1
5482	6492133
5483	-1
5484	6494415
5485	-1
5486	6496697
5487	-1
5488	-1
5489	6498979
5490	-1
5491	6501261
5492	-1
5493	6503543
5494	-1
5495	-1
5496	6505825
5497	-1
5498	6508107
5499	-1
5500	6510389
5501	-1
5502	6512671
5503	-1
5504	-1
5505	6514953
5506	-1
5507	6517235
5508	-1
5509	6519517
5510	-1
5511	-1
5512	6521799
5513	-1
5514	6524081
5515	-1
5516	6526363
5517	-1
5518	6528645
5519	-1
5520	-1
5521	6530927
5522	-1
5523	6533209
5524	-1
5525	6535491
5526	-1
5527	-1
5528	6537773
5529	-1
5530	6540055
5531	-1
5532	6542337
5533	-1
5534	6544619
5535	-1
5536	-1
5537	6546901
5538	-1
5539	6549183
5540	-1
5541	6551465
5542	-1
5543	-1
5544	6553747
5545	-1
5546	6556029
5547	-1
5548	6558311
5549	-1
5550	6560593
5551	-1
5552	-1
5553	6562875
5554	-1
5555	6565157
5556	-1
5557	6567439
5558	-1
5559	6569721
5560	-1
5561	-1
5562	6572003
5563	-1
5564	6574285
5565	-1
5566	6576567
5567	-1
5568	-1
5569	6578849
5570	-1
5571	6581131
5572	-1
5573	6583413
5574	-1
5575	6585695
5576	-1
5577	-1
5578	6587977
5579	-1
5580	6590259
5581	-1
5582	6592541
5583	-1
5584	-1
5585	6594823
5586	-1
5587	6597105
5588	-1
5589	6599387
5590	-1
5591	6601669
5592	-1
5593	-1
5594	6603951
5595	-1
5596	6606233
5597	-1
5598	6608515
5599	-1
5600	-1
5601	6610797
5602	-1
5603	6613079
5604	-1
5605	6615361
5606	-1
5607	6617643
5608	-1
5609	-1
5610	6619925
5611	-1
5612	6622207
5613	-1
5614	6624489
5615	-1
5616	-1
5617	6626771
5618	-1
5619	6629053
5620	-1
5621	6631335
5622	-1
5623	6633617
5624	-1
5625	-1
5626	6635899
5627	-1
5628	6638181
5629	-1
5630	6640463
5631	-1
5632	-1
5633	6642745
5634	-1
5635	6645027
5636	-1
5637	6647309
5638	-1
5639	6649591
5640	-1
5641	-1
5642	6651873
5643	-1
5644	6654155
5645	-1
5646	6656437
5647	-1
5648	6658719
5649	-1
5650	-1
5651	6661001
5652	-1
5653	6663283
5654	-1
5655	6665565
5656	-1
5657	-1
5658	6667847
5659	-1
5660	6670129
5661	-1
5662	6672411
5663	-1
5664	6674693
5665	-1
5666	-1
5667	6676975
5668	-1
5669	6679257
5670	-1
5671	6681539
5672	-1
5673	-1
5674	6683821
5675	-1
5676	6686103
5677	-1
5678	6688385
5679	-1
5680	6690667
5681	-1
5682	-1
5683	6692949
5684	-1
5685	6695231
5686	-1
5687	6697513
5688	-1
5689	-1
5690	6699795
5691	-1
5692	6702077
5693	-1
5694	6704359
5695	-1
5696	6706641
5697	-1
5698	-1
5699	6708923
5700	-1
5701	6711205
5702	-1
5703	6713487
5704	-1
5705	-1
5706	6715769
5707	-1
5708	6718051
5709	-1
5710	6720333
5711	-1
5712	6722615
5713	-1
5714	-1
5715	6724897
5716	-1
5717	6727179
5718	-1
5719	6729461
5720	-1
5721	6731743
5722	-1
5723	-1
5724	6734025
5725	-1
5726	6736307
5727	-1
5728	6738589
5729	-1
5730	-1
5731	6740871
5732	-1
5733	6743153
5734	-1
5735	6745435
5736	-1
5737	6747717
5738	-1
5739	-1
5740	6749999
5741	-1
5742	6752281
5743	-1
5744	6754563
5745	-1
5746	-1
5747	6756845
5748	-1
5749	6759127
5750	-1
5751	6761409
5752	-1
5753	6763691
5754	-1
5755	-1
5756	6765973
5757	-1
5758	6768255
5759	-1
5760	6770537
5761	-1
5762	-1
5763	6772819
5764	-1
5765	6775101
5766	-1
5767	6777383
5768	-1
5769	6779665
5770	-1
5771	-1
5772	6781947
5773	-1
5774	6784229
5775	-1
5776	6786511
5777	-1
5778	-1
5779	6788793
5780	-1
5781	6791075
5782	-1
5783	6793357
5784	-1
5785	6795639
5786	-1
5787	-1
5788	6797921
5789	-1
5790	6800203
5791	-1
5792	6802485
5793	-1
5794	-1
5795	6804767
5796	-1
5797	6807049
5798	-1
5799	6809331
5800	-1
5801	6811613
5802	-1
5803	-1
5804	6813895
5805	-1
5806	6816177
5807	-1
5808	6818459
5809	-1
5810	6820741
5811	-1
5812	-1
5813	6823023
5814	-1
5815	6825305
5816	-1
5817	6827587
5818	-1
5819	-1
5820	6829869
5821	-1
5822	6832151
5823	-1
5824	6834433
5825	-1
5826	6836715
5827	-1
5828	-1
5829	6838997
5830	-1
5831	6841279
5832	-1
5833	6843561
5834	-1
5835	-1
5836	6845843
5837	-1
5838	6848125
5839	-1
5840	6850407
5841	-1
5842	6852689
5843	-1
5844	-1
5845	6854971
5846	-1
5847	6857253
5848	-1
5849	6859535
5850	-1
5851	-1
5852	6861817
5853	-1
5854	6864099
5855	-1
5856	6866381
5857	-1
5858	6868663
5859	-1
5860	-1
5861	6870945
5862	-1
5863	6873227
5864	-1
5865	6875509
5866	-1
5867	-1
5868	6877791
5869	-1
5870	6880073
5871	-1
5872	6882355
5873	-1
5874	6884637
5875	-1
5876	-1
5877	6886919
5878	-1
5879	6889201
5880	-1
5881	6891483
5882	-1
5883	-1
5884	6893765
5885	-1
5886	6896047
5887	-1
5888	6898329
5889	-1
5890	6900611
5891	-1
5892	-1
5893	6902893
5894	-1
5895	6905175
5896	-1
5897	6907457
5898	-1
5899	6909739
5900	-1
5901	-1
5902	6912021
5903	-1
5904	6914303
5905	-1
5906	6916585
5907	-1
5908	-1
5909	6918867
5910	-1
5911	6921149
5912	-1
5913	6923431
5914	-1
5915	6925713
5916	-1
5917	-1
5918	6927995
5919	-1
5920	6930277
5921	-1
5922	6932559
5923	-1
5924	-1
5925	6934841
5926	-1
5927	6937123
5928	-1
5929	6939405
5930	-1
5931	6941687
5932	-1
5933	-1
5934	6943969
5935	-1
5936	6946251
5937	-1
5938	6948533
5939	-1
5940	-1
5941	6950815
5942	-1
5943	6953097
5944	-1
5945	6955379
5946	-1
5947	6957661
5948	-1
5949	-1
5950	6959943
5951	-1
5952	6962225
5953	-1
5954	6964507
5955	-1
5956	-1
5957	6966789
5958	-1
5959	6969071
5960	-1
5961	6971353
5962	-1
5963	6973635
5964	-1
5965	-1
5966	6975917
5967	-1
5968	6978199
5969	-1
5970	6980481
5971	-1
5972	-1
5973	6982763
5974	-1
5975	6985045
5976	-1
5977	6987327
5978	-1
5979	6989609
5980	-1
5981	-1
5982	6991891
5983	-1
5984	6994173
5985	-1
5986	6996455
5987	-1
5988	6998737
5989	-1
5990	-1
5991	7001019
5992	-1
5993	7003301
5994	-1
5995	7005583
5996	-1
5997	-1
5998	7007865
5999	-1
