0	1006246
1	1007245
2	1008245
3	1009245
4	1010244
5	1011245
6	1012245
7	1013245
8	1014245
9	1015244
10	1016244
11	1017245
12	1018245
13	1019244
14	1020244
15	1021245
16	1022245
17	1023243
18	1024245
19	1025245
20	1026245
21	1027245
22	1028245
23	1029245
24	1030244
25	1031244
26	1032244
27	1033245
28	1034244
29	1035244
30	1036244
31	1037245
32	1038244
33	1039245
34	1040245
35	1041245
36	1042245
37	1043245
38	1044245
39	1045245
40	1046245
41	1047244
42	1048245
43	1049245
44	1050244
45	1051244
46	1052245
47	1053245
48	1054244
49	1055244
50	1056245
51	1057245
52	1058245
53	1059245
54	1060245
55	1061245
56	1062245
57	1063244
58	1064245
59	1065245
60	1066244
61	1067245
62	1068245
63	1069244
64	1070244
65	1071245
66	1072245
67	1073245
68	1074245
69	1075245
70	1076245
71	1077245
72	1078245
73	1079245
74	1080245
75	1081245
76	1082244
77	1083245
78	1084245
79	1085245
80	1086244
81	1087245
82	1088244
83	1089245
84	1090243
85	1091245
86	1092245
87	1093245
88	1094245
89	1095245
90	1096245
91	1097245
92	1098245
93	1099245
94	1100244
95	1101245
96	1102245
97	1103245
98	1104244
99	1105245
100	1106245
101	1107245
102	1108245
103	1109245
104	1110245
105	1111245
106	1112245
107	1113245
108	1114245
109	1115245
110	1116244
111	1117245
112	1118245
113	1119244
114	1120244
115	1121245
116	1122245
117	1123245
118	1124245
119	1125245
120	1126245
121	1127245
122	1128245
123	1129245
124	1130245
125	1131244
126	1132244
127	1133245
128	1134245
129	1135244
130	1136244
131	1137245
132	1138245
133	1139244
134	1140245
135	1141245
136	1142245
137	1143245
138	1144245
139	1145245
140	1146245
141	1147244
142	1148244
143	1149245
144	1150245
145	1151245
146	1152245
147	1153245
148	1154245
149	1155245
150	1156245
151	1157245
152	1158245
153	1159245
154	1160245
155	1161245
156	1162245
157	1163245
158	1164245
159	1165245
160	1166245
161	1167245
162	1168245
163	1169245
164	1170245
165	1171245
166	1172245
167	1173245
168	1174245
169	1175245
170	1176245
171	1177245
172	1178245
173	1179245
174	1180245
175	1181245
176	1182245
177	1183245
178	1184245
179	1185245
180	1186245
181	1187245
182	1188245
183	1189245
184	1190245
185	1191245
186	1192245
187	1193245
188	1194245
189	1195245
190	1196245
191	1197245
192	1198245
193	1199245
194	1200245
195	1201245
196	1202245
197	1203245
198	1204245
199	1205245
200	1206245
201	1207245
202	1208245
203	1209245
204	1210245
205	1211245
206	1212245
207	1213245
208	1214245
209	1215245
210	1216245
211	1217245
212	1218245
213	1219245
214	1220245
215	1221245
216	1222245
217	1223245
218	1224245
219	1225245
220	1226245
221	1227245
222	1228245
223	1229245
224	1230245
225	1231245
226	1232245
227	1233245
228	1234245
229	1235245
230	1236245
231	1237245
232	1238245
233	1239245
234	1240245
235	1241245
236	1242245
237	1243245
238	1244245
239	1245245
240	1246245
241	1247245
242	1248245
243	1249245
244	1250245
245	1251245
246	1252245
247	1253245
248	1254245
249	1255245
250	1256245
251	1257245
252	1258245
253	1259245
254	1260245
255	1261245
256	1262247
257	1263247
258	1264247
259	1265247
260	1266245
261	1267247
262	1268247
263	1269247
264	1270247
265	1271247
266	1272247
267	1273247
268	1274247
269	1275247
270	1276247
271	1277247
272	1278247
273	1279244
274	1280247
275	1281247
276	1282247
277	1283247
278	1284247
279	1285247
280	1286247
281	1287247
282	1288247
283	1289247
284	1290247
285	1291247
286	1292247
287	1293247
288	1294247
289	1295247
290	1296247
291	1297247
292	1298247
293	1299247
294	1300247
295	1301247
296	1302247
297	1303247
298	1304247
299	1305247
300	1306247
301	1307247
302	1308247
303	1309247
304	1310247
305	1311247
306	1312247
307	1313247
308	1314247
309	1315247
310	1316247
311	1317247
312	1318247
313	1319247
314	1320247
315	1321247
316	1322247
317	1323247
318	1324247
319	1325247
320	1326247
321	1327247
322	1328247
323	1329247
324	1330247
325	1331247
326	1332247
327	1333247
328	1334247
329	1335247
330	1336247
331	1337247
332	1338247
333	1339247
334	1340247
335	1341247
336	1342247
337	1343247
338	1344247
339	1345247
340	1346245
341	1347247
342	1348247
343	1349247
344	1350247
345	1351247
346	1352247
347	1353247
348	1354247
349	1355247
350	1356247
351	1357247
352	1358247
353	1359247
354	1360247
355	1361247
356	1362247
357	1363247
358	1364247
359	1365247
360	1366247
361	1367247
362	1368247
363	1369247
364	1370247
365	1371247
366	1372247
367	1373247
368	1374247
369	1375247
370	1376247
371	1377247
372	1378247
373	1379247
374	1380247
375	1381247
376	1382247
377	1383247
378	1384247
379	1385247
380	1386247
381	1387247
382	1388247
383	1389247
384	1390247
385	1391247
386	1392247
387	1393247
388	1394247
389	1395247
390	1396247
391	1397247
392	1398247
393	1399247
394	1400247
395	1401247
396	1402247
397	1403247
398	1404247
399	1405247
400	1406247
401	1407247
402	1408247
403	1409247
404	1410247
405	1411247
406	1412247
407	1413247
408	1414247
409	1415247
410	1416247
411	1417247
412	1418247
413	1419247
414	1420247
415	1421247
416	1422247
417	1423247
418	1424247
419	1425247
420	1426247
421	1427247
422	1428247
423	1429247
424	1430247
425	1431247
426	1432247
427	1433247
428	1434247
429	1435247
430	1436247
431	1437247
432	1438247
433	1439247
434	1440247
435	1441247
436	1442247
437	1443247
438	1444247
439	1445247
440	1446247
441	1447247
442	1448247
443	1449247
444	1450247
445	1451247
446	1452247
447	1453247
448	1454247
449	1455247
450	1456247
451	1457247
452	1458247
453	1459247
454	1460247
455	1461247
456	1462247
457	1463247
458	1464247
459	1465247
460	1466247
461	1467247
462	1468247
463	1469247
464	1470247
465	1471247
466	1472247
467	1473247
468	1474247
469	1475247
470	1476247
471	1477247
472	1478247
473	1479247
474	1480247
475	1481247
476	1482247
477	1483247
478	1484247
479	1485247
480	1486247
481	1487247
482	1488247
483	1489247
484	1490247
485	1491247
486	1492247
487	1493247
488	1494247
489	1495247
490	1496247
491	1497247
492	1498247
493	1499247
494	1500247
495	1501247
496	1502247
497	1503247
498	1504247
499	1505247
500	1506247
501	1507247
502	1508247
503	1509247
504	1510247
505	1511247
506	1512247
507	1513247
508	1514247
509	1515247
510	1516247
511	1517247
512	1518247
513	1519247
514	1520247
515	1521247
516	1522245
517	1523247
518	1524247
519	1525247
520	1526247
521	1527247
522	1528247
523	1529247
524	1530247
525	1531247
526	1532247
527	1533247
528	1534247
529	1535244
530	1536247
531	1537247
532	1538247
533	1539247
534	1540247
535	1541247
536	1542247
537	1543247
538	1544247
539	1545247
540	1546247
541	1547247
542	1548247
543	1549247
544	1550247
545	1551247
546	1552247
547	1553247
548	1554247
549	1555247
550	1556247
551	1557247
552	1558247
553	1559247
554	1560247
555	1561247
556	1562247
557	1563247
558	1564247
559	1565247
560	1566247
561	1567247
562	1568247
563	1569247
564	1570247
565	1571247
566	1572247
567	1573247
568	1574247
569	1575247
570	1576247
571	1577247
572	1578247
573	1579247
574	1580247
575	1581247
576	1582247
577	1583247
578	1584247
579	1585247
580	1586247
581	1587247
582	1588247
583	1589247
584	1590247
585	1591247
586	1592247
587	1593247
588	1594247
589	1595247
590	1596247
591	1597247
592	1598247
593	1599247
594	1600247
595	1601247
596	1602245
597	1603247
598	1604247
599	1605247
600	1606247
601	1607247
602	1608247
603	1609247
604	1610247
605	1611247
606	1612247
607	1613247
608	1614247
609	1615247
610	1616247
611	1617247
612	1618247
613	1619247
614	1620247
615	1621247
616	1622247
617	1623247
618	1624247
619	1625247
620	1626247
621	1627247
622	1628247
623	1629247
624	1630247
625	1631247
626	1632247
627	1633247
628	1634247
629	1635247
630	1636247
631	1637247
632	1638247
633	1639247
634	1640247
635	1641247
636	1642247
637	1643247
638	1644247
639	1645247
640	1646247
641	1647247
642	1648247
643	1649247
644	1650247
645	1651247
646	1652247
647	1653247
648	1654247
649	1655247
650	1656247
651	1657247
652	1658247
653	1659247
654	1660247
655	1661247
656	1662247
657	1663247
658	1664247
659	1665247
660	1666247
661	1667247
662	1668247
663	1669247
664	1670247
665	1671247
666	1672247
667	1673247
668	1674247
669	1675247
670	1676247
671	1677247
672	1678247
673	1679247
674	1680247
675	1681247
676	1682247
677	1683247
678	1684247
679	1685247
680	1686247
681	1687247
682	1688247
683	1689247
684	1690247
685	1691247
686	1692247
687	1693247
688	1694247
689	1695247
690	1696247
691	1697247
692	1698247
693	1699247
694	1700247
695	1701247
696	1702247
697	1703247
698	1704247
699	1705247
700	1706247
701	1707247
702	1708247
703	1709247
704	1710247
705	1711247
706	1712247
707	1713247
708	1714247
709	1715247
710	1716247
711	1717247
712	1718247
713	1719247
714	1720247
715	1721247
716	1722247
717	1723247
718	1724247
719	1725247
720	1726247
721	1727247
722	1728247
723	1729247
724	1730247
725	1731247
726	1732247
727	1733247
728	1734247
729	1735247
730	1736247
731	1737247
732	1738247
733	1739247
734	1740247
735	1741247
736	1742247
737	1743247
738	1744247
739	1745247
740	1746247
741	1747247
742	1748247
743	1749247
744	1750247
745	1751247
746	1752247
747	1753247
748	1754247
749	1755247
750	1756247
751	1757247
752	1758247
753	1759247
754	1760247
755	1761247
756	1762247
757	1763247
758	1764247
759	1765247
760	1766247
761	1767247
762	1768247
763	1769247
764	1770247
765	1771247
766	1772247
767	1773247
768	1774247
769	1775247
770	1776247
771	1777247
772	1778247
773	1779247
774	1780247
775	1781247
776	1782247
777	1783247
778	1784247
779	1785247
780	1786247
781	1787247
782	1788247
783	1789247
784	1790247
785	1791244
786	1792247
787	1793247
788	1794247
789	1795247
790	1796247
791	1797247
792	1798247
793	1799247
794	1800247
795	1801247
796	1802247
797	1803247
798	1804247
799	1805247
800	1806247
801	1807247
802	1808247
803	1809247
804	1810247
805	1811247
806	1812247
807	1813247
808	1814247
809	1815247
810	1816247
811	1817247
812	1818247
813	1819247
814	1820247
815	1821247
816	1822247
817	1823247
818	1824247
819	1825247
820	1826247
821	1827247
822	1828247
823	1829247
824	1830247
825	1831247
826	1832247
827	1833247
828	1834247
829	1835247
830	1836247
831	1837247
832	1838247
833	1839247
834	1840247
835	1841247
836	1842247
837	1843247
838	1844247
839	1845247
840	1846247
841	1847247
842	1848247
843	1849247
844	1850247
845	1851247
846	1852247
847	1853247
848	1854247
849	1855247
850	1856247
851	1857247
852	1858245
853	1859247
854	1860247
855	1861247
856	1862247
857	1863247
858	1864247
859	1865247
860	1866247
861	1867247
862	1868247
863	1869247
864	1870247
865	1871247
866	1872247
867	1873247
868	1874247
869	1875247
870	1876247
871	1877247
872	1878247
873	1879247
874	1880247
875	1881247
876	1882247
877	1883247
878	1884247
879	1885247
880	1886247
881	1887247
882	1888247
883	1889247
884	1890247
885	1891247
886	1892247
887	1893247
888	1894247
889	1895247
890	1896247
891	1897247
892	1898247
893	1899247
894	1900247
895	1901247
896	1902247
897	1903247
898	1904247
899	1905247
900	1906247
901	1907247
902	1908247
903	1909247
904	1910247
905	1911247
906	1912247
907	1913247
908	1914247
909	1915247
910	1916247
911	1917247
912	1918247
913	1919247
914	1920247
915	1921247
916	1922247
917	1923247
918	1924247
919	1925247
920	1926247
921	1927247
922	1928247
923	1929247
924	1930247
925	1931247
926	1932247
927	1933247
928	1934247
929	1935247
930	1936247
931	1937247
932	1938247
933	1939247
934	1940247
935	1941247
936	1942247
937	1943247
938	1944247
939	1945247
940	1946247
941	1947247
942	1948247
943	1949247
944	1950247
945	1951247
946	1952247
947	1953247
948	1954247
949	1955247
950	1956247
951	1957247
952	1958247
953	1959247
954	1960247
955	1961247
956	1962247
957	1963247
958	1964247
959	1965247
960	1966247
961	1967247
962	1968247
963	1969247
964	1970247
965	1971247
966	1972247
967	1973247
968	1974247
969	1975247
970	1976247
971	1977247
972	1978247
973	1979247
974	1980247
975	1981247
976	1982247
977	1983247
978	1984247
979	1985247
980	1986247
981	1987247
982	1988247
983	1989247
984	1990247
985	1991247
986	1992247
987	1993247
988	1994247
989	1995247
990	1996247
991	1997247
992	1998247
993	1999247
994	2000247
995	2001247
996	2002247
997	2003247
998	2004247
999	2005247
1000	2006247
1001	2007247
1002	2008247
1003	2009247
1004	2010247
1005	2011247
1006	2012247
1007	2013247
1008	2014247
1009	2015247
1010	2016247
1011	2017247
1012	2018247
1013	2019247
1014	2020247
1015	2021247
1016	2022247
1017	2023247
1018	2024247
1019	2025247
1020	2026247
1021	2027247
1022	2028247
1023	2029247
1024	2030247
1025	2031247
1026	2032247
1027	2033247
1028	2034247
1029	2035247
1030	2036247
1031	2037247
1032	2038247
1033	2039247
1034	2040247
1035	2041247
1036	2042247
1037	2043247
1038	2044247
1039	2045247
1040	2046247
1041	2047244
1042	2048247
1043	2049247
1044	2050247
1045	2051247
1046	2052247
1047	2053247
1048	2054247
1049	2055247
1050	2056247
1051	2057247
1052	2058247
1053	2059247
1054	2060247
1055	2061247
1056	2062247
1057	2063247
1058	2064247
1059	2065247
1060	2066247
1061	2067247
1062	2068247
1063	2069247
1064	2070247
1065	2071247
1066	2072247
1067	2073247
1068	2074247
1069	2075247
1070	2076247
1071	2077247
1072	2078247
1073	2079247
1074	2080247
1075	2081247
1076	2082247
1077	2083247
1078	2084247
1079	2085247
1080	2086247
1081	2087247
1082	2088247
1083	2089247
1084	2090247
1085	2091247
1086	2092247
1087	2093247
1088	2094247
1089	2095247
1090	2096247
1091	2097247
1092	2098247
1093	2099247
1094	2100247
1095	2101247
1096	2102247
1097	2103247
1098	2104247
1099	2105247
1100	2106247
1101	2107247
1102	2108247
1103	2109247
1104	2110247
1105	2111247
1106	2112247
1107	2113247
1108	2114243
1109	2115247
1110	2116247
1111	2117247
1112	2118247
1113	2119247
1114	2120247
1115	2121247
1116	2122247
1117	2123247
1118	2124247
1119	2125247
1120	2126247
1121	2127247
1122	2128247
1123	2129247
1124	2130247
1125	2131247
1126	2132247
1127	2133247
1128	2134247
1129	2135247
1130	2136247
1131	2137247
1132	2138247
1133	2139247
1134	2140247
1135	2141247
1136	2142247
1137	2143247
1138	2144247
1139	2145247
1140	2146247
1141	2147247
1142	2148247
1143	2149247
1144	2150247
1145	2151247
1146	2152247
1147	2153247
1148	2154247
1149	2155247
1150	2156247
1151	2157247
1152	2158247
1153	2159247
1154	2160247
1155	2161247
1156	2162247
1157	2163247
1158	2164247
1159	2165247
1160	2166247
1161	2167247
1162	2168247
1163	2169247
1164	2170247
1165	2171247
1166	2172247
1167	2173247
1168	2174247
1169	2175247
1170	2176247
1171	2177247
1172	2178247
1173	2179247
1174	2180247
1175	2181247
1176	2182247
1177	2183247
1178	2184247
1179	2185247
1180	2186247
1181	2187247
1182	2188247
1183	2189247
1184	2190247
1185	2191247
1186	2192247
1187	2193247
1188	2194247
1189	2195247
1190	2196247
1191	2197247
1192	2198247
1193	2199247
1194	2200247
1195	2201247
1196	2202247
1197	2203247
1198	2204247
1199	2205247
1200	2206247
1201	2207247
1202	2208247
1203	2209247
1204	2210247
1205	2211247
1206	2212247
1207	2213247
1208	2214247
1209	2215247
1210	2216247
1211	2217247
1212	2218247
1213	2219247
1214	2220247
1215	2221247
1216	2222247
1217	2223247
1218	2224247
1219	2225247
1220	2226247
1221	2227247
1222	2228247
1223	2229247
1224	2230247
1225	2231247
1226	2232247
1227	2233247
1228	2234247
1229	2235247
1230	2236247
1231	2237247
1232	2238247
1233	2239247
1234	2240247
1235	2241247
1236	2242247
1237	2243247
1238	2244247
1239	2245247
1240	2246247
1241	2247247
1242	2248247
1243	2249247
1244	2250247
1245	2251247
1246	2252247
1247	2253247
1248	2254247
1249	2255247
1250	2256247
1251	2257247
1252	2258247
1253	2259247
1254	2260247
1255	2261247
1256	2262247
1257	2263247
1258	2264247
1259	2265247
1260	2266247
1261	2267247
1262	2268247
1263	2269247
1264	2270247
1265	2271247
1266	2272247
1267	2273247
1268	2274247
1269	2275247
1270	2276247
1271	2277247
1272	2278247
1273	2279247
1274	2280247
1275	2281247
1276	2282247
1277	2283247
1278	2284247
1279	2285247
1280	2286247
1281	2287247
1282	2288247
1283	2289247
1284	2290245
1285	2291247
1286	2292247
1287	2293247
1288	2294247
1289	2295247
1290	2296247
1291	2297247
1292	2298247
1293	2299247
1294	2300247
1295	2301247
1296	2302247
1297	2303244
1298	2304247
1299	2305247
1300	2306247
1301	2307247
1302	2308247
1303	2309247
1304	2310247
1305	2311247
1306	2312247
1307	2313247
1308	2314247
1309	2315247
1310	2316247
1311	2317247
1312	2318247
1313	2319247
1314	2320247
1315	2321247
1316	2322247
1317	2323247
1318	2324247
1319	2325247
1320	2326247
1321	2327247
1322	2328247
1323	2329247
1324	2330247
1325	2331247
1326	2332247
1327	2333247
1328	2334247
1329	2335247
1330	2336247
1331	2337247
1332	2338247
1333	2339247
1334	2340247
1335	2341247
1336	2342247
1337	2343247
1338	2344247
1339	2345247
1340	2346247
1341	2347247
1342	2348247
1343	2349247
1344	2350247
1345	2351247
1346	2352247
1347	2353247
1348	2354247
1349	2355247
1350	2356247
1351	2357247
1352	2358247
1353	2359247
1354	2360247
1355	2361247
1356	2362247
1357	2363247
1358	2364247
1359	2365247
1360	2366247
1361	2367247
1362	2368247
1363	2369247
1364	2370245
1365	2371247
1366	2372247
1367	2373247
1368	2374247
1369	2375247
1370	2376247
1371	2377247
1372	2378247
1373	2379247
1374	2380247
1375	2381247
1376	2382247
1377	2383247
1378	2384247
1379	2385247
1380	2386247
1381	2387247
1382	2388247
1383	2389247
1384	2390247
1385	2391247
1386	2392247
1387	2393247
1388	2394247
1389	2395247
1390	2396247
1391	2397247
1392	2398247
1393	2399247
1394	2400247
1395	2401247
1396	2402247
1397	2403247
1398	2404247
1399	2405247
1400	2406247
1401	2407247
1402	2408247
1403	2409247
1404	2410247
1405	2411247
1406	2412247
1407	2413247
1408	2414247
1409	2415247
1410	2416247
1411	2417247
1412	2418247
1413	2419247
1414	2420247
1415	2421247
1416	2422247
1417	2423247
1418	2424247
1419	2425247
1420	2426247
1421	2427247
1422	2428247
1423	2429247
1424	2430247
1425	2431247
1426	2432247
1427	2433247
1428	2434247
1429	2435247
1430	2436247
1431	2437247
1432	2438247
1433	2439247
1434	2440247
1435	2441247
1436	2442247
1437	2443247
1438	2444247
1439	2445247
1440	2446247
1441	2447247
1442	2448247
1443	2449247
1444	2450247
1445	2451247
1446	2452247
1447	2453247
1448	2454247
1449	2455247
1450	2456247
1451	2457247
1452	2458247
1453	2459247
1454	2460247
1455	2461247
1456	2462247
1457	2463247
1458	2464247
1459	2465247
1460	2466247
1461	2467247
1462	2468247
1463	2469247
1464	2470247
1465	2471247
1466	2472247
1467	2473247
1468	2474247
1469	2475247
1470	2476247
1471	2477247
1472	2478247
1473	2479247
1474	2480247
1475	2481247
1476	2482247
1477	2483247
1478	2484247
1479	2485247
1480	2486247
1481	2487247
1482	2488247
1483	2489247
1484	2490247
1485	2491247
1486	2492247
1487	2493247
1488	2494247
1489	2495247
1490	2496247
1491	2497247
1492	2498247
1493	2499247
1494	2500247
1495	2501247
1496	2502247
1497	2503247
1498	2504247
1499	2505247
1500	2506247
1501	2507247
1502	2508247
1503	2509247
1504	2510247
1505	2511247
1506	2512247
1507	2513247
1508	2514247
1509	2515247
1510	2516247
1511	2517247
1512	2518247
1513	2519247
1514	2520247
1515	2521247
1516	2522247
1517	2523247
1518	2524247
1519	2525247
1520	2526247
1521	2527247
1522	2528247
1523	2529247
1524	2530247
1525	2531247
1526	2532247
1527	2533247
1528	2534247
1529	2535247
1530	2536247
1531	2537247
1532	2538247
1533	2539247
1534	2540247
1535	2541247
1536	2542247
1537	2543247
1538	2544247
1539	2545247
1540	2546247
1541	2547247
1542	2548247
1543	2549247
1544	2550247
1545	2551247
1546	2552247
1547	2553247
1548	2554247
1549	2555247
1550	2556247
1551	2557247
1552	2558247
1553	2559244
1554	2560247
1555	2561247
1556	2562247
1557	2563247
1558	2564247
1559	2565247
1560	2566247
1561	2567247
1562	2568247
1563	2569247
1564	2570247
1565	2571247
1566	2572247
1567	2573247
1568	2574247
1569	2575247
1570	2576247
1571	2577247
1572	2578247
1573	2579247
1574	2580247
1575	2581247
1576	2582247
1577	2583247
1578	2584247
1579	2585247
1580	2586247
1581	2587247
1582	2588247
1583	2589247
1584	2590247
1585	2591247
1586	2592247
1587	2593247
1588	2594247
1589	2595247
1590	2596247
1591	2597247
1592	2598247
1593	2599247
1594	2600247
1595	2601247
1596	2602247
1597	2603247
1598	2604247
1599	2605247
1600	2606247
1601	2607247
1602	2608247
1603	2609247
1604	2610247
1605	2611247
1606	2612247
1607	2613247
1608	2614247
1609	2615247
1610	2616247
1611	2617247
1612	2618247
1613	2619247
1614	2620247
1615	2621247
1616	2622247
1617	2623247
1618	2624247
1619	2625247
1620	2626245
1621	2627247
1622	2628247
1623	2629247
1624	2630247
1625	2631247
1626	2632247
1627	2633247
1628	2634247
1629	2635247
1630	2636247
1631	2637247
1632	2638247
1633	2639247
1634	2640247
1635	2641247
1636	2642247
1637	2643247
1638	2644247
1639	2645247
1640	2646247
1641	2647247
1642	2648247
1643	2649247
1644	2650247
1645	2651247
1646	2652247
1647	2653247
1648	2654247
1649	2655247
1650	2656247
1651	2657247
1652	2658247
1653	2659247
1654	2660247
1655	2661247
1656	2662247
1657	2663247
1658	2664247
1659	2665247
1660	2666247
1661	2667247
1662	2668247
1663	2669247
1664	2670247
1665	2671247
1666	2672247
1667	2673247
1668	2674247
1669	2675247
1670	2676247
1671	2677247
1672	2678247
1673	2679247
1674	2680247
1675	2681247
1676	2682247
1677	2683247
1678	2684247
1679	2685247
1680	2686247
1681	2687247
1682	2688247
1683	2689247
1684	2690247
1685	2691247
1686	2692247
1687	2693247
1688	2694247
1689	2695247
1690	2696247
1691	2697247
1692	2698247
1693	2699247
1694	2700247
1695	2701247
1696	2702247
1697	2703247
1698	2704247
1699	2705247
1700	2706247
1701	2707247
1702	2708247
1703	2709247
1704	2710247
1705	2711247
1706	2712247
1707	2713247
1708	2714247
1709	2715247
1710	2716247
1711	2717247
1712	2718247
1713	2719247
1714	2720247
1715	2721247
1716	2722247
1717	2723247
1718	2724247
1719	2725247
1720	2726247
1721	2727247
1722	2728247
1723	2729247
1724	2730247
1725	2731247
1726	2732247
1727	2733247
1728	2734247
1729	2735247
1730	2736247
1731	2737247
1732	2738247
1733	2739247
1734	2740247
1735	2741247
1736	2742247
1737	2743247
1738	2744247
1739	2745247
1740	2746247
1741	2747247
1742	2748247
1743	2749247
1744	2750247
1745	2751247
1746	2752247
1747	2753247
1748	2754247
1749	2755247
1750	2756247
1751	2757247
1752	2758247
1753	2759247
1754	2760247
1755	2761247
1756	2762247
1757	2763247
1758	2764247
1759	2765247
1760	2766247
1761	2767247
1762	2768247
1763	2769247
1764	2770247
1765	2771247
1766	2772247
1767	2773247
1768	2774247
1769	2775247
1770	2776247
1771	2777247
1772	2778247
1773	2779247
1774	2780247
1775	2781247
1776	2782247
1777	2783247
1778	2784247
1779	2785247
1780	2786247
1781	2787247
1782	2788247
1783	2789247
1784	2790247
1785	2791247
1786	2792247
1787	2793247
1788	2794247
1789	2795247
1790	2796247
1791	2797247
1792	2798247
1793	2799247
1794	2800247
1795	2801247
1796	2802247
1797	2803247
1798	2804247
1799	2805247
1800	2806247
1801	2807247
1802	2808247
1803	2809247
1804	2810247
1805	2811247
1806	2812247
1807	2813247
1808	2814247
1809	2815244
1810	2816247
1811	2817247
1812	2818247
1813	2819247
1814	2820247
1815	2821247
1816	2822247
1817	2823247
1818	2824247
1819	2825247
1820	2826247
1821	2827247
1822	2828247
1823	2829247
1824	2830247
1825	2831247
1826	2832247
1827	2833247
1828	2834247
1829	2835247
1830	2836247
1831	2837247
1832	2838247
1833	2839247
1834	2840247
1835	2841247
1836	2842247
1837	2843247
1838	2844247
1839	2845247
1840	2846247
1841	2847247
1842	2848247
1843	2849247
1844	2850247
1845	2851247
1846	2852247
1847	2853247
1848	2854247
1849	2855247
1850	2856247
1851	2857247
1852	2858245
1853	2859247
1854	2860247
1855	2861247
1856	2862247
1857	2863247
1858	2864247
1859	2865247
1860	2866247
1861	2867247
1862	2868247
1863	2869247
1864	2870247
1865	2871247
1866	2872247
1867	2873247
1868	2874247
1869	2875247
1870	2876247
1871	2877247
1872	2878247
1873	2879247
1874	2880247
1875	2881247
1876	2882245
1877	2883247
1878	2884247
1879	2885247
1880	2886247
1881	2887247
1882	2888247
1883	2889247
1884	2890247
1885	2891247
1886	2892247
1887	2893247
1888	2894247
1889	2895247
1890	2896247
1891	2897247
1892	2898247
1893	2899247
1894	2900247
1895	2901247
1896	2902247
1897	2903247
1898	2904247
1899	2905247
1900	2906247
1901	2907247
1902	2908247
1903	2909247
1904	2910247
1905	2911247
1906	2912247
1907	2913247
1908	2914247
1909	2915247
1910	2916247
1911	2917247
1912	2918247
1913	2919247
1914	2920247
1915	2921247
1916	2922247
1917	2923247
1918	2924247
1919	2925247
1920	2926247
1921	2927247
1922	2928247
1923	2929247
1924	2930247
1925	2931247
1926	2932247
1927	2933247
1928	2934247
1929	2935247
1930	2936247
1931	2937247
1932	2938247
1933	2939247
1934	2940247
1935	2941247
1936	2942247
1937	2943247
1938	2944247
1939	2945247
1940	2946247
1941	2947247
1942	2948247
1943	2949247
1944	2950247
1945	2951247
1946	2952247
1947	2953247
1948	2954247
1949	2955247
1950	2956247
1951	2957247
1952	2958247
1953	2959247
1954	2960247
1955	2961247
1956	2962247
1957	2963247
1958	2964247
1959	2965247
1960	2966247
1961	2967247
1962	2968247
1963	2969247
1964	2970247
1965	2971247
1966	2972247
1967	2973247
1968	2974247
1969	2975247
1970	2976247
1971	2977247
1972	2978247
1973	2979247
1974	2980247
1975	2981247
1976	2982247
1977	2983247
1978	2984247
1979	2985247
1980	2986247
1981	2987247
1982	2988247
1983	2989247
1984	2990247
1985	2991247
1986	2992247
1987	2993247
1988	2994247
1989	2995247
1990	2996247
1991	2997247
1992	2998247
1993	2999247
1994	3000247
1995	3001247
1996	3002247
1997	3003247
1998	3004247
1999	3005247
2000	3006247
2001	3007247
2002	3008247
2003	3009247
2004	3010247
2005	3011247
2006	3012247
2007	3013247
2008	3014247
2009	3015247
2010	3016247
2011	3017247
2012	3018247
2013	3019247
2014	3020247
2015	3021247
2016	3022247
2017	3023247
2018	3024247
2019	3025247
2020	3026247
2021	3027247
2022	3028247
2023	3029247
2024	3030247
2025	3031247
2026	3032247
2027	3033247
2028	3034247
2029	3035247
2030	3036247
2031	3037247
2032	3038247
2033	3039247
2034	3040247
2035	3041247
2036	3042247
2037	3043247
2038	3044247
2039	3045247
2040	3046247
2041	3047247
2042	3048247
2043	3049247
2044	3050247
2045	3051247
2046	3052247
2047	3053247
2048	3054247
2049	3055247
2050	3056247
2051	3057247
2052	3058247
2053	3059247
2054	3060247
2055	3061247
2056	3062247
2057	3063247
2058	3064247
2059	3065247
2060	3066247
2061	3067247
2062	3068247
2063	3069247
2064	3070247
2065	3071244
2066	3072247
2067	3073247
2068	3074247
2069	3075247
2070	3076247
2071	3077247
2072	3078247
2073	3079247
2074	3080247
2075	3081247
2076	3082247
2077	3083247
2078	3084247
2079	3085247
2080	3086247
2081	3087247
2082	3088247
2083	3089247
2084	3090247
2085	3091247
2086	3092247
2087	3093247
2088	3094247
2089	3095247
2090	3096247
2091	3097247
2092	3098247
2093	3099247
2094	3100247
2095	3101247
2096	3102247
2097	3103247
2098	3104247
2099	3105247
2100	3106247
2101	3107247
2102	3108247
2103	3109247
2104	3110247
2105	3111247
2106	3112247
2107	3113247
2108	3114247
2109	3115247
2110	3116247
2111	3117247
2112	3118247
2113	3119247
2114	3120247
2115	3121247
2116	3122247
2117	3123247
2118	3124247
2119	3125247
2120	3126247
2121	3127247
2122	3128247
2123	3129247
2124	3130247
2125	3131247
2126	3132247
2127	3133247
2128	3134247
2129	3135247
2130	3136247
2131	3137247
2132	3138245
2133	3139247
2134	3140247
2135	3141247
2136	3142247
2137	3143247
2138	3144247
2139	3145247
2140	3146247
2141	3147247
2142	3148247
2143	3149247
2144	3150247
2145	3151247
2146	3152247
2147	3153247
2148	3154247
2149	3155247
2150	3156247
2151	3157247
2152	3158247
2153	3159247
2154	3160247
2155	3161247
2156	3162247
2157	3163247
2158	3164247
2159	3165247
2160	3166247
2161	3167247
2162	3168247
2163	3169247
2164	3170247
2165	3171247
2166	3172247
2167	3173247
2168	3174247
2169	3175247
2170	3176247
2171	3177247
2172	3178247
2173	3179247
2174	3180247
2175	3181247
2176	3182247
2177	3183247
2178	3184247
2179	3185247
2180	3186247
2181	3187247
2182	3188247
2183	3189247
2184	3190247
2185	3191247
2186	3192247
2187	3193247
2188	3194247
2189	3195247
2190	3196247
2191	3197247
2192	3198247
2193	3199247
2194	3200247
2195	3201247
2196	3202247
2197	3203247
2198	3204247
2199	3205247
2200	3206247
2201	3207247
2202	3208247
2203	3209247
2204	3210247
2205	3211247
2206	3212247
2207	3213247
2208	3214247
2209	3215247
2210	3216247
2211	3217247
2212	3218247
2213	3219247
2214	3220247
2215	3221247
2216	3222247
2217	3223247
2218	3224247
2219	3225247
2220	3226247
2221	3227247
2222	3228247
2223	3229247
2224	3230247
2225	3231247
2226	3232247
2227	3233247
2228	3234247
2229	3235247
2230	3236247
2231	3237247
2232	3238247
2233	3239247
2234	3240247
2235	3241247
2236	3242247
2237	3243247
2238	3244247
2239	3245247
2240	3246247
2241	3247247
2242	3248247
2243	3249247
2244	3250247
2245	3251247
2246	3252247
2247	3253247
2248	3254247
2249	3255247
2250	3256247
2251	3257247
2252	3258247
2253	3259247
2254	3260247
2255	3261247
2256	3262247
2257	3263247
2258	3264247
2259	3265247
2260	3266247
2261	3267247
2262	3268247
2263	3269247
2264	3270247
2265	3271247
2266	3272247
2267	3273247
2268	3274247
2269	3275247
2270	3276247
2271	3277247
2272	3278247
2273	3279247
2274	3280247
2275	3281247
2276	3282247
2277	3283247
2278	3284247
2279	3285247
2280	3286247
2281	3287247
2282	3288247
2283	3289247
2284	3290247
2285	3291247
2286	3292247
2287	3293247
2288	3294247
2289	3295247
2290	3296247
2291	3297247
2292	3298247
2293	3299247
2294	3300247
2295	3301247
2296	3302247
2297	3303247
2298	3304247
2299	3305247
2300	3306247
2301	3307247
2302	3308247
2303	3309247
2304	3310247
2305	3311247
2306	3312247
2307	3313247
2308	3314247
2309	3315247
2310	3316247
2311	3317247
2312	3318247
2313	3319247
2314	3320247
2315	3321247
2316	3322247
2317	3323247
2318	3324247
2319	3325247
2320	3326247
2321	3327244
2322	3328247
2323	3329247
2324	3330247
2325	3331247
2326	3332247
2327	3333247
2328	3334247
2329	3335247
2330	3336247
2331	3337247
2332	3338247
2333	3339247
2334	3340247
2335	3341247
2336	3342247
2337	3343247
2338	3344247
2339	3345247
2340	3346247
2341	3347247
2342	3348247
2343	3349247
2344	3350247
2345	3351247
2346	3352247
2347	3353247
2348	3354247
2349	3355247
2350	3356247
2351	3357247
2352	3358247
2353	3359247
2354	3360247
2355	3361247
2356	3362247
2357	3363247
2358	3364247
2359	3365247
2360	3366247
2361	3367247
2362	3368247
2363	3369247
2364	3370247
2365	3371247
2366	3372247
2367	3373247
2368	3374247
2369	3375247
2370	3376247
2371	3377247
2372	3378247
2373	3379247
2374	3380247
2375	3381247
2376	3382247
2377	3383247
2378	3384247
2379	3385247
2380	3386247
2381	3387247
2382	3388247
2383	3389247
2384	3390247
2385	3391247
2386	3392247
2387	3393247
2388	3394245
2389	3395247
2390	3396247
2391	3397247
2392	3398247
2393	3399247
2394	3400247
2395	3401247
2396	3402247
2397	3403247
2398	3404247
2399	3405247
2400	3406247
2401	3407247
2402	3408247
2403	3409247
2404	3410247
2405	3411247
2406	3412247
2407	3413247
2408	3414247
2409	3415247
2410	3416247
2411	3417247
2412	3418247
2413	3419247
2414	3420247
2415	3421247
2416	3422247
2417	3423247
2418	3424247
2419	3425247
2420	3426247
2421	3427247
2422	3428247
2423	3429247
2424	3430247
2425	3431247
2426	3432247
2427	3433247
2428	3434247
2429	3435247
2430	3436247
2431	3437247
2432	3438247
2433	3439247
2434	3440247
2435	3441247
2436	3442247
2437	3443247
2438	3444247
2439	3445247
2440	3446247
2441	3447247
2442	3448247
2443	3449247
2444	3450247
2445	3451247
2446	3452247
2447	3453247
2448	3454247
2449	3455247
2450	3456247
2451	3457247
2452	3458247
2453	3459247
2454	3460247
2455	3461247
2456	3462247
2457	3463247
2458	3464247
2459	3465247
2460	3466247
2461	3467247
2462	3468247
2463	3469247
2464	3470247
2465	3471247
2466	3472247
2467	3473247
2468	3474247
2469	3475247
2470	3476247
2471	3477247
2472	3478247
2473	3479247
2474	3480247
2475	3481247
2476	3482247
2477	3483247
2478	3484247
2479	3485247
2480	3486247
2481	3487247
2482	3488247
2483	3489247
2484	3490247
2485	3491247
2486	3492247
2487	3493247
2488	3494247
2489	3495247
2490	3496247
2491	3497247
2492	3498247
2493	3499247
2494	3500247
2495	3501247
2496	3502247
2497	3503247
2498	3504247
2499	3505247
2500	3506247
2501	3507247
2502	3508247
2503	3509247
2504	3510247
2505	3511247
2506	3512247
2507	3513247
2508	3514247
2509	3515247
2510	3516247
2511	3517247
2512	3518247
2513	3519247
2514	3520247
2515	3521247
2516	3522247
2517	3523247
2518	3524247
2519	3525247
2520	3526247
2521	3527247
2522	3528247
2523	3529247
2524	3530247
2525	3531247
2526	3532247
2527	3533247
2528	3534247
2529	3535247
2530	3536247
2531	3537247
2532	3538247
2533	3539247
2534	3540247
2535	3541247
2536	3542247
2537	3543247
2538	3544247
2539	3545247
2540	3546247
2541	3547247
2542	3548247
2543	3549247
2544	3550247
2545	3551247
2546	3552247
2547	3553247
2548	3554247
2549	3555247
2550	3556247
2551	3557247
2552	3558247
2553	3559247
2554	3560247
2555	3561247
2556	3562247
2557	3563247
2558	3564247
2559	3565247
2560	3566247
2561	3567245
2562	3568247
2563	3569247
2564	3570247
2565	3571247
2566	3572247
2567	3573247
2568	3574247
2569	3575247
2570	3576247
2571	3577247
2572	3578247
2573	3579247
2574	3580247
2575	3581247
2576	3582247
2577	3583244
2578	3584247
2579	3585247
2580	3586247
2581	3587247
2582	3588247
2583	3589247
2584	3590247
2585	3591247
2586	3592247
2587	3593247
2588	3594247
2589	3595247
2590	3596247
2591	3597247
2592	3598247
2593	3599247
2594	3600247
2595	3601247
2596	3602247
2597	3603247
2598	3604247
2599	3605247
2600	3606247
2601	3607247
2602	3608247
2603	3609247
2604	3610247
2605	3611247
2606	3612247
2607	3613247
2608	3614247
2609	3615247
2610	3616247
2611	3617247
2612	3618247
2613	3619247
2614	3620247
2615	3621247
2616	3622247
2617	3623247
2618	3624247
2619	3625247
2620	3626247
2621	3627247
2622	3628247
2623	3629247
2624	3630247
2625	3631247
2626	3632247
2627	3633247
2628	3634247
2629	3635247
2630	3636247
2631	3637247
2632	3638247
2633	3639247
2634	3640247
2635	3641247
2636	3642247
2637	3643247
2638	3644247
2639	3645247
2640	3646247
2641	3647247
2642	3648247
2643	3649247
2644	3650244
2645	3651247
2646	3652247
2647	3653247
2648	3654247
2649	3655247
2650	3656247
2651	3657247
2652	3658247
2653	3659247
2654	3660247
2655	3661247
2656	3662247
2657	3663247
2658	3664247
2659	3665247
2660	3666247
2661	3667247
2662	3668247
2663	3669247
2664	3670247
2665	3671247
2666	3672247
2667	3673247
2668	3674247
2669	3675247
2670	3676247
2671	3677247
2672	3678247
2673	3679247
2674	3680247
2675	3681247
2676	3682247
2677	3683247
2678	3684247
2679	3685247
2680	3686247
2681	3687247
2682	3688247
2683	3689247
2684	3690247
2685	3691247
2686	3692247
2687	3693247
2688	3694247
2689	3695247
2690	3696247
2691	3697247
2692	3698247
2693	3699247
2694	3700247
2695	3701247
2696	3702247
2697	3703247
2698	3704247
2699	3705247
2700	3706247
2701	3707247
2702	3708247
2703	3709247
2704	3710247
2705	3711247
2706	3712247
2707	3713247
2708	3714247
2709	3715247
2710	3716247
2711	3717247
2712	3718247
2713	3719247
2714	3720247
2715	3721247
2716	3722247
2717	3723247
2718	3724247
2719	3725247
2720	3726247
2721	3727247
2722	3728247
2723	3729247
2724	3730247
2725	3731247
2726	3732247
2727	3733247
2728	3734247
2729	3735247
2730	3736247
2731	3737247
2732	3738247
2733	3739247
2734	3740247
2735	3741247
2736	3742247
2737	3743247
2738	3744247
2739	3745247
2740	3746247
2741	3747247
2742	3748247
2743	3749247
2744	3750247
2745	3751247
2746	3752247
2747	3753247
2748	3754247
2749	3755247
2750	3756247
2751	3757247
2752	3758247
2753	3759247
2754	3760247
2755	3761247
2756	3762247
2757	3763247
2758	3764247
2759	3765247
2760	3766247
2761	3767247
2762	3768247
2763	3769247
2764	3770247
2765	3771247
2766	3772247
2767	3773247
2768	3774247
2769	3775247
2770	3776247
2771	3777247
2772	3778247
2773	3779247
2774	3780247
2775	3781247
2776	3782247
2777	3783247
2778	3784247
2779	3785247
2780	3786247
2781	3787247
2782	3788247
2783	3789247
2784	3790247
2785	3791247
2786	3792247
2787	3793247
2788	3794247
2789	3795247
2790	3796247
2791	3797247
2792	3798247
2793	3799247
2794	3800247
2795	3801247
2796	3802247
2797	3803247
2798	3804247
2799	3805247
2800	3806251
2801	3807247
2802	3808247
2803	3809247
2804	3810247
2805	3811247
2806	3812247
2807	3813247
2808	3814247
2809	3815247
2810	3816247
2811	3817247
2812	3818247
2813	3819247
2814	3820247
2815	3821247
2816	3822247
2817	3823247
2818	3824247
2819	3825247
2820	3826247
2821	3827247
2822	3828247
2823	3829247
2824	3830247
2825	3831247
2826	3832247
2827	3833247
2828	3834247
2829	3835247
2830	3836247
2831	3837247
2832	3838247
2833	3839244
2834	3840247
2835	3841247
2836	3842247
2837	3843247
2838	3844247
2839	3845247
2840	3846247
2841	3847247
2842	3848247
2843	3849247
2844	3850247
2845	3851247
2846	3852247
2847	3853247
2848	3854247
2849	3855247
2850	3856247
2851	3857247
2852	3858247
2853	3859247
2854	3860247
2855	3861247
2856	3862247
2857	3863247
2858	3864247
2859	3865247
2860	3866247
2861	3867247
2862	3868247
2863	3869247
2864	3870247
2865	3871247
2866	3872247
2867	3873247
2868	3874247
2869	3875247
2870	3876247
2871	3877247
2872	3878247
2873	3879247
2874	3880247
2875	3881247
2876	3882247
2877	3883247
2878	3884247
2879	3885247
2880	3886247
2881	3887247
2882	3888247
2883	3889247
2884	3890247
2885	3891247
2886	3892247
2887	3893247
2888	3894247
2889	3895247
2890	3896247
2891	3897247
2892	3898247
2893	3899247
2894	3900247
2895	3901247
2896	3902247
2897	3903247
2898	3904247
2899	3905247
2900	3906245
2901	3907247
2902	3908247
2903	3909247
2904	3910247
2905	3911247
2906	3912247
2907	3913247
2908	3914247
2909	3915247
2910	3916247
2911	3917247
2912	3918247
2913	3919247
2914	3920247
2915	3921247
2916	3922247
2917	3923247
2918	3924247
2919	3925247
2920	3926247
2921	3927247
2922	3928247
2923	3929247
2924	3930247
2925	3931247
2926	3932247
2927	3933247
2928	3934247
2929	3935247
2930	3936247
2931	3937247
2932	3938247
2933	3939247
2934	3940247
2935	3941247
2936	3942247
2937	3943247
2938	3944247
2939	3945247
2940	3946247
2941	3947247
2942	3948247
2943	3949247
2944	3950247
2945	3951247
2946	3952247
2947	3953247
2948	3954247
2949	3955247
2950	3956247
2951	3957247
2952	3958247
2953	3959247
2954	3960247
2955	3961247
2956	3962247
2957	3963247
2958	3964247
2959	3965247
2960	3966247
2961	3967247
2962	3968247
2963	3969247
2964	3970247
2965	3971247
2966	3972247
2967	3973247
2968	3974247
2969	3975247
2970	3976247
2971	3977247
2972	3978247
2973	3979247
2974	3980247
2975	3981247
2976	3982247
2977	3983247
2978	3984247
2979	3985247
2980	3986247
2981	3987247
2982	3988247
2983	3989247
2984	3990247
2985	3991247
2986	3992247
2987	3993247
2988	3994247
2989	3995247
2990	3996247
2991	3997247
2992	3998247
2993	3999247
2994	4000247
2995	4001247
2996	4002247
2997	4003247
2998	4004247
2999	4005247
3000	4006247
3001	4007247
3002	4008247
3003	4009247
3004	4010247
3005	4011247
3006	4012247
3007	4013247
3008	4014247
3009	4015247
3010	4016247
3011	4017247
3012	4018247
3013	4019247
3014	4020247
3015	4021247
3016	4022247
3017	4023247
3018	4024247
3019	4025247
3020	4026247
3021	4027247
3022	4028247
3023	4029247
3024	4030247
3025	4031247
3026	4032247
3027	4033247
3028	4034247
3029	4035247
3030	4036247
3031	4037247
3032	4038247
3033	4039247
3034	4040247
3035	4041247
3036	4042247
3037	4043247
3038	4044247
3039	4045247
3040	4046247
3041	4047247
3042	4048247
3043	4049247
3044	4050247
3045	4051247
3046	4052247
3047	4053247
3048	4054247
3049	4055247
3050	4056247
3051	4057247
3052	4058247
3053	4059247
3054	4060247
3055	4061247
3056	4062247
3057	4063247
3058	4064247
3059	4065247
3060	4066247
3061	4067247
3062	4068247
3063	4069247
3064	4070247
3065	4071247
3066	4072247
3067	4073247
3068	4074247
3069	4075247
3070	4076247
3071	4077247
3072	4078247
3073	4079247
3074	4080247
3075	4081247
3076	4082247
3077	4083247
3078	4084247
3079	4085247
3080	4086247
3081	4087247
3082	4088247
3083	4089247
3084	4090247
3085	4091247
3086	4092247
3087	4093247
3088	4094247
3089	4095244
3090	4096247
3091	4097247
3092	4098247
3093	4099247
3094	4100247
3095	4101247
3096	4102247
3097	4103247
3098	4104247
3099	4105247
3100	4106247
3101	4107247
3102	4108247
3103	4109247
3104	4110247
3105	4111247
3106	4112247
3107	4113247
3108	4114247
3109	4115247
3110	4116247
3111	4117247
3112	4118247
3113	4119247
3114	4120247
3115	4121247
3116	4122247
3117	4123247
3118	4124247
3119	4125247
3120	4126247
3121	4127247
3122	4128247
3123	4129247
3124	4130247
3125	4131247
3126	4132247
3127	4133247
3128	4134247
3129	4135247
3130	4136247
3131	4137247
3132	4138247
3133	4139247
3134	4140247
3135	4141247
3136	4142247
3137	4143247
3138	4144247
3139	4145247
3140	4146247
3141	4147247
3142	4148247
3143	4149247
3144	4150247
3145	4151247
3146	4152247
3147	4153247
3148	4154247
3149	4155247
3150	4156247
3151	4157247
3152	4158247
3153	4159247
3154	4160247
3155	4161247
3156	4162245
3157	4163247
3158	4164247
3159	4165247
3160	4166247
3161	4167247
3162	4168247
3163	4169247
3164	4170247
3165	4171247
3166	4172247
3167	4173247
3168	4174247
3169	4175247
3170	4176247
3171	4177247
3172	4178247
3173	4179247
3174	4180247
3175	4181247
3176	4182247
3177	4183247
3178	4184247
3179	4185247
3180	4186247
3181	4187247
3182	4188247
3183	4189247
3184	4190247
3185	4191247
3186	4192247
3187	4193247
3188	4194247
3189	4195247
3190	4196247
3191	4197247
3192	4198247
3193	4199247
3194	4200247
3195	4201247
3196	4202247
3197	4203247
3198	4204247
3199	4205247
3200	4206247
3201	4207247
3202	4208247
3203	4209247
3204	4210247
3205	4211247
3206	4212247
3207	4213247
3208	4214247
3209	4215247
3210	4216247
3211	4217247
3212	4218247
3213	4219247
3214	4220247
3215	4221247
3216	4222247
3217	4223247
3218	4224247
3219	4225247
3220	4226247
3221	4227247
3222	4228247
3223	4229247
3224	4230247
3225	4231247
3226	4232247
3227	4233247
3228	4234247
3229	4235247
3230	4236247
3231	4237247
3232	4238247
3233	4239247
3234	4240247
3235	4241247
3236	4242247
3237	4243247
3238	4244247
3239	4245247
3240	4246247
3241	4247247
3242	4248247
3243	4249247
3244	4250247
3245	4251247
3246	4252247
3247	4253247
3248	4254247
3249	4255247
3250	4256247
3251	4257247
3252	4258247
3253	4259247
3254	4260247
3255	4261247
3256	4262247
3257	4263247
3258	4264247
3259	4265247
3260	4266247
3261	4267247
3262	4268245
3263	4269245
3264	4270245
3265	4271245
3266	4272245
3267	4273245
3268	4274245
3269	4275245
3270	4276245
3271	4277245
3272	4278245
3273	4279245
3274	4280245
3275	4281245
3276	4282245
3277	4283245
3278	4284245
3279	4285247
3280	4286247
3281	4287247
3282	4288247
3283	4289247
3284	4290247
3285	4291247
3286	4292247
3287	4293247
3288	4294247
3289	4295247
3290	4296247
3291	4297247
3292	4298247
3293	4299247
3294	4300247
3295	4301247
3296	4302247
3297	4303247
3298	4304247
3299	4305247
3300	4306247
3301	4307247
3302	4308247
3303	4309247
3304	4310247
3305	4311247
3306	4312247
3307	4313247
3308	4314247
3309	4315247
3310	4316247
3311	4317247
3312	4318247
3313	4319247
3314	4320247
3315	4321247
3316	4322247
3317	4323247
3318	4324247
3319	4325247
3320	4326247
3321	4327247
3322	4328247
3323	4329247
3324	4330247
3325	4331247
3326	4332247
3327	4333247
3328	4334247
3329	4335247
3330	4336247
3331	4337247
3332	4338245
3333	4339247
3334	4340247
3335	4341247
3336	4342247
3337	4343247
3338	4344247
3339	4345247
3340	4346247
3341	4347247
3342	4348247
3343	4349247
3344	4350247
3345	4351244
3346	4352247
3347	4353247
3348	4354247
3349	4355247
3350	4356247
3351	4357247
3352	4358247
3353	4359247
3354	4360247
3355	4361247
3356	4362247
3357	4363247
3358	4364247
3359	4365247
3360	4366247
3361	4367247
3362	4368247
3363	4369247
3364	4370247
3365	4371247
3366	4372247
3367	4373247
3368	4374247
3369	4375247
3370	4376247
3371	4377247
3372	4378247
3373	4379247
3374	4380247
3375	4381247
3376	4382247
3377	4383247
3378	4384247
3379	4385247
3380	4386247
3381	4387247
3382	4388247
3383	4389247
3384	4390247
3385	4391247
3386	4392247
3387	4393247
3388	4394247
3389	4395247
3390	4396247
3391	4397247
3392	4398247
3393	4399247
3394	4400247
3395	4401247
3396	4402247
3397	4403247
3398	4404247
3399	4405247
3400	4406247
3401	4407247
3402	4408247
3403	4409247
3404	4410247
3405	4411247
3406	4412247
3407	4413247
3408	4414247
3409	4415247
3410	4416247
3411	4417247
3412	4418247
3413	4419247
3414	4420247
3415	4421247
3416	4422247
3417	4423247
3418	4424247
3419	4425247
3420	4426247
3421	4427247
3422	4428247
3423	4429247
3424	4430247
3425	4431247
3426	4432247
3427	4433247
3428	4434247
3429	4435247
3430	4436247
3431	4437247
3432	4438247
3433	4439247
3434	4440247
3435	4441247
3436	4442247
3437	4443247
3438	4444247
3439	4445247
3440	4446247
3441	4447247
3442	4448247
3443	4449247
3444	4450247
3445	4451247
3446	4452247
3447	4453247
3448	4454247
3449	4455247
3450	4456247
3451	4457247
3452	4458247
3453	4459247
3454	4460247
3455	4461247
3456	4462247
3457	4463247
3458	4464247
3459	4465247
3460	4466247
3461	4467247
3462	4468247
3463	4469247
3464	4470247
3465	4471247
3466	4472247
3467	4473247
3468	4474247
3469	4475247
3470	4476247
3471	4477247
3472	4478247
3473	4479247
3474	4480247
3475	4481247
3476	4482247
3477	4483247
3478	4484247
3479	4485247
3480	4486247
3481	4487247
3482	4488247
3483	4489247
3484	4490247
3485	4491247
3486	4492247
3487	4493247
3488	4494247
3489	4495247
3490	4496247
3491	4497247
3492	4498247
3493	4499247
3494	4500247
3495	4501247
3496	4502247
3497	4503247
3498	4504247
3499	4505247
3500	4506247
3501	4507247
3502	4508247
3503	4509247
3504	4510247
3505	4511247
3506	4512247
3507	4513247
3508	4514247
3509	4515247
3510	4516247
3511	4517247
3512	4518247
3513	4519247
3514	4520247
3515	4521247
3516	4522247
3517	4523247
3518	4524247
3519	4525247
3520	4526247
3521	4527247
3522	4528247
3523	4529247
3524	4530247
3525	4531247
3526	4532247
3527	4533247
3528	4534247
3529	4535247
3530	4536247
3531	4537247
3532	4538247
3533	4539247
3534	4540247
3535	4541247
3536	4542247
3537	4543247
3538	4544247
3539	4545247
3540	4546247
3541	4547247
3542	4548247
3543	4549247
3544	4550247
3545	4551247
3546	4552247
3547	4553247
3548	4554247
3549	4555247
3550	4556247
3551	4557247
3552	4558247
3553	4559247
3554	4560247
3555	4561247
3556	4562247
3557	4563247
3558	4564247
3559	4565247
3560	4566247
3561	4567247
3562	4568247
3563	4569247
3564	4570247
3565	4571247
3566	4572247
3567	4573247
3568	4574247
3569	4575247
3570	4576247
3571	4577247
3572	4578247
3573	4579247
3574	4580247
3575	4581247
3576	4582247
3577	4583247
3578	4584247
3579	4585247
3580	4586247
3581	4587247
3582	4588247
3583	4589247
3584	4590247
3585	4591247
3586	4592247
3587	4593247
3588	4594245
3589	4595247
3590	4596247
3591	4597247
3592	4598247
3593	4599247
3594	4600247
3595	4601247
3596	4602247
3597	4603247
3598	4604247
3599	4605247
3600	4606247
3601	4607244
3602	4608247
3603	4609247
3604	4610247
3605	4611247
3606	4612247
3607	4613247
3608	4614247
3609	4615247
3610	4616247
3611	4617247
3612	4618247
3613	4619247
3614	4620247
3615	4621247
3616	4622247
3617	4623247
3618	4624247
3619	4625247
3620	4626247
3621	4627247
3622	4628247
3623	4629247
3624	4630247
3625	4631247
3626	4632247
3627	4633247
3628	4634247
3629	4635247
3630	4636247
3631	4637247
3632	4638247
3633	4639247
3634	4640247
3635	4641247
3636	4642247
3637	4643247
3638	4644247
3639	4645247
3640	4646247
3641	4647247
3642	4648247
3643	4649247
3644	4650247
3645	4651247
3646	4652247
3647	4653247
3648	4654247
3649	4655247
3650	4656247
3651	4657247
3652	4658247
3653	4659247
3654	4660247
3655	4661247
3656	4662247
3657	4663247
3658	4664247
3659	4665247
3660	4666247
3661	4667247
3662	4668247
3663	4669247
3664	4670247
3665	4671247
3666	4672247
3667	4673247
3668	4674247
3669	4675247
3670	4676247
3671	4677247
3672	4678247
3673	4679247
3674	4680247
3675	4681247
3676	4682247
3677	4683247
3678	4684247
3679	4685247
3680	4686247
3681	4687247
3682	4688247
3683	4689247
3684	4690247
3685	4691247
3686	4692247
3687	4693247
3688	4694247
3689	4695247
3690	4696247
3691	4697247
3692	4698247
3693	4699247
3694	4700247
3695	4701247
3696	4702247
3697	4703247
3698	4704247
3699	4705247
3700	4706247
3701	4707247
3702	4708247
3703	4709247
3704	4710247
3705	4711247
3706	4712247
3707	4713247
3708	4714247
3709	4715247
3710	4716247
3711	4717247
3712	4718247
3713	4719247
3714	4720247
3715	4721247
3716	4722247
3717	4723247
3718	4724247
3719	4725247
3720	4726247
3721	4727247
3722	4728247
3723	4729247
3724	4730247
3725	4731247
3726	4732247
3727	4733247
3728	4734247
3729	4735247
3730	4736247
3731	4737247
3732	4738247
3733	4739247
3734	4740247
3735	4741247
3736	4742247
3737	4743247
3738	4744247
3739	4745247
3740	4746247
3741	4747247
3742	4748247
3743	4749247
3744	4750247
3745	4751247
3746	4752247
3747	4753247
3748	4754247
3749	4755247
3750	4756247
3751	4757247
3752	4758247
3753	4759247
3754	4760247
3755	4761247
3756	4762247
3757	4763247
3758	4764247
3759	4765247
3760	4766247
3761	4767247
3762	4768247
3763	4769247
3764	4770247
3765	4771247
3766	4772247
3767	4773247
3768	4774247
3769	4775247
3770	4776247
3771	4777247
3772	4778247
3773	4779247
3774	4780247
3775	4781247
3776	4782247
3777	4783247
3778	4784247
3779	4785247
3780	4786247
3781	4787247
3782	4788247
3783	4789247
3784	4790247
3785	4791247
3786	4792247
3787	4793247
3788	4794247
3789	4795247
3790	4796247
3791	4797247
3792	4798247
3793	4799247
3794	4800247
3795	4801247
3796	4802247
3797	4803247
3798	4804247
3799	4805247
3800	4806247
3801	4807247
3802	4808247
3803	4809247
3804	4810247
3805	4811247
3806	4812247
3807	4813247
3808	4814247
3809	4815247
3810	4816247
3811	4817247
3812	4818247
3813	4819247
3814	4820247
3815	4821247
3816	4822247
3817	4823247
3818	4824247
3819	4825247
3820	4826247
3821	4827247
3822	4828247
3823	4829247
3824	4830247
3825	4831247
3826	4832247
3827	4833247
3828	4834247
3829	4835247
3830	4836247
3831	4837247
3832	4838247
3833	4839247
3834	4840247
3835	4841247
3836	4842247
3837	4843247
3838	4844247
3839	4845247
3840	4846247
3841	4847247
3842	4848247
3843	4849247
3844	4850247
3845	4851247
3846	4852247
3847	4853247
3848	4854247
3849	4855247
3850	4856247
3851	4857247
3852	4858247
3853	4859247
3854	4860247
3855	4861247
3856	4862247
3857	4863244
3858	4864247
3859	4865247
3860	4866247
3861	4867247
3862	4868247
3863	4869247
3864	4870247
3865	4871247
3866	4872247
3867	4873247
3868	4874247
3869	4875247
3870	4876247
3871	4877247
3872	4878247
3873	4879247
3874	4880247
3875	4881247
3876	4882247
3877	4883247
3878	4884247
3879	4885247
3880	4886247
3881	4887247
3882	4888247
3883	4889247
3884	4890247
3885	4891247
3886	4892247
3887	4893247
3888	4894247
3889	4895247
3890	4896247
3891	4897247
3892	4898247
3893	4899247
3894	4900247
3895	4901247
3896	4902247
3897	4903247
3898	4904247
3899	4905247
3900	4906247
3901	4907247
3902	4908247
3903	4909247
3904	4910247
3905	4911247
3906	4912247
3907	4913247
3908	4914247
3909	4915247
3910	4916247
3911	4917247
3912	4918247
3913	4919247
3914	4920247
3915	4921247
3916	4922247
3917	4923247
3918	4924247
3919	4925247
3920	4926247
3921	4927247
3922	4928247
3923	4929247
3924	4930247
3925	4931247
3926	4932247
3927	4933247
3928	4934247
3929	4935247
3930	4936247
3931	4937247
3932	4938247
3933	4939247
3934	4940247
3935	4941247
3936	4942247
3937	4943247
3938	4944247
3939	4945247
3940	4946247
3941	4947247
3942	4948247
3943	4949247
3944	4950247
3945	4951247
3946	4952247
3947	4953247
3948	4954247
3949	4955247
3950	4956247
3951	4957247
3952	4958247
3953	4959247
3954	4960247
3955	4961247
3956	4962247
3957	4963247
3958	4964247
3959	4965247
3960	4966247
3961	4967247
3962	4968247
3963	4969247
3964	4970247
3965	4971247
3966	4972247
3967	4973247
3968	4974247
3969	4975247
3970	4976247
3971	4977247
3972	4978247
3973	4979247
3974	4980247
3975	4981247
3976	4982247
3977	4983247
3978	4984247
3979	4985247
3980	4986247
3981	4987247
3982	4988247
3983	4989247
3984	4990247
3985	4991247
3986	4992247
3987	4993247
3988	4994247
3989	4995247
3990	4996247
3991	4997247
3992	4998247
3993	4999247
3994	5000247
3995	5001247
3996	5002247
3997	5003247
3998	5004247
3999	5005247
4000	5006247
4001	5007247
4002	5008247
4003	5009247
4004	5010247
4005	5011247
4006	5012247
4007	5013247
4008	5014247
4009	5015247
4010	5016247
4011	5017247
4012	5018247
4013	5019247
4014	5020247
4015	5021247
4016	5022247
4017	5023247
4018	5024247
4019	5025247
4020	5026247
4021	5027247
4022	5028247
4023	5029247
4024	5030247
4025	5031247
4026	5032247
4027	5033247
4028	5034247
4029	5035247
4030	5036247
4031	5037247
4032	5038247
4033	5039247
4034	5040247
4035	5041247
4036	5042247
4037	5043247
4038	5044247
4039	5045247
4040	5046247
4041	5047247
4042	5048247
4043	5049247
4044	5050247
4045	5051247
4046	5052247
4047	5053247
4048	5054247
4049	5055247
4050	5056247
4051	5057247
4052	5058247
4053	5059247
4054	5060247
4055	5061247
4056	5062247
4057	5063247
4058	5064247
4059	5065247
4060	5066247
4061	5067247
4062	5068247
4063	5069247
4064	5070247
4065	5071247
4066	5072247
4067	5073247
4068	5074247
4069	5075247
4070	5076247
4071	5077247
4072	5078247
4073	5079247
4074	5080247
4075	5081247
4076	5082247
4077	5083247
4078	5084247
4079	5085247
4080	5086247
4081	5087247
4082	5088247
4083	5089247
4084	5090247
4085	5091247
4086	5092247
4087	5093247
4088	5094247
4089	5095247
4090	5096247
4091	5097247
4092	5098247
4093	5099247
4094	5100247
4095	5101247
4096	5102247
4097	5103247
4098	5104247
4099	5105247
4100	5106247
4101	5107247
4102	5108247
4103	5109247
4104	5110247
4105	5111247
4106	5112247
4107	5113247
4108	5114247
4109	5115247
4110	5116247
4111	5117247
4112	5118247
4113	5119244
4114	5120247
4115	5121247
4116	5122247
4117	5123247
4118	5124247
4119	5125247
4120	5126247
4121	5127247
4122	5128247
4123	5129247
4124	5130247
4125	5131247
4126	5132247
4127	5133247
4128	5134247
4129	5135247
4130	5136247
4131	5137247
4132	5138247
4133	5139247
4134	5140247
4135	5141247
4136	5142247
4137	5143247
4138	5144247
4139	5145247
4140	5146247
4141	5147247
4142	5148247
4143	5149247
4144	5150247
4145	5151247
4146	5152247
4147	5153247
4148	5154247
4149	5155247
4150	5156247
4151	5157247
4152	5158247
4153	5159247
4154	5160247
4155	5161247
4156	5162247
4157	5163247
4158	5164247
4159	5165247
4160	5166247
4161	5167247
4162	5168247
4163	5169247
4164	5170247
4165	5171247
4166	5172247
4167	5173247
4168	5174247
4169	5175247
4170	5176247
4171	5177247
4172	5178247
4173	5179247
4174	5180247
4175	5181247
4176	5182247
4177	5183247
4178	5184247
4179	5185247
4180	5186247
4181	5187247
4182	5188247
4183	5189247
4184	5190247
4185	5191247
4186	5192247
4187	5193247
4188	5194247
4189	5195247
4190	5196247
4191	5197247
4192	5198247
4193	5199247
4194	5200247
4195	5201247
4196	5202247
4197	5203247
4198	5204247
4199	5205247
4200	5206247
4201	5207247
4202	5208247
4203	5209247
4204	5210247
4205	5211247
4206	5212247
4207	5213247
4208	5214247
4209	5215247
4210	5216247
4211	5217247
4212	5218247
4213	5219247
4214	5220247
4215	5221247
4216	5222247
4217	5223247
4218	5224247
4219	5225247
4220	5226247
4221	5227247
4222	5228247
4223	5229247
4224	5230247
4225	5231247
4226	5232247
4227	5233247
4228	5234247
4229	5235247
4230	5236247
4231	5237247
4232	5238247
4233	5239247
4234	5240247
4235	5241247
4236	5242247
4237	5243247
4238	5244247
4239	5245247
4240	5246247
4241	5247247
4242	5248247
4243	5249247
4244	5250247
4245	5251247
4246	5252247
4247	5253247
4248	5254247
4249	5255247
4250	5256247
4251	5257247
4252	5258247
4253	5259247
4254	5260247
4255	5261247
4256	5262247
4257	5263247
4258	5264247
4259	5265247
4260	5266247
4261	5267247
4262	5268247
4263	5269247
4264	5270247
4265	5271247
4266	5272247
4267	5273247
4268	5274247
4269	5275247
4270	5276247
4271	5277247
4272	5278247
4273	5279247
4274	5280247
4275	5281247
4276	5282247
4277	5283247
4278	5284247
4279	5285247
4280	5286247
4281	5287247
4282	5288247
4283	5289247
4284	5290247
4285	5291247
4286	5292247
4287	5293247
4288	5294247
4289	5295247
4290	5296247
4291	5297247
4292	5298247
4293	5299247
4294	5300247
4295	5301247
4296	5302247
4297	5303247
4298	5304247
4299	5305247
4300	5306247
4301	5307247
4302	5308247
4303	5309247
4304	5310247
4305	5311247
4306	5312247
4307	5313247
4308	5314247
4309	5315247
4310	5316247
4311	5317247
4312	5318247
4313	5319247
4314	5320247
4315	5321247
4316	5322247
4317	5323247
4318	5324247
4319	5325247
4320	5326247
4321	5327247
4322	5328247
4323	5329247
4324	5330247
4325	5331247
4326	5332247
4327	5333247
4328	5334247
4329	5335247
4330	5336247
4331	5337247
4332	5338247
4333	5339247
4334	5340247
4335	5341247
4336	5342247
4337	5343247
4338	5344247
4339	5345247
4340	5346247
4341	5347247
4342	5348247
4343	5349247
4344	5350247
4345	5351247
4346	5352247
4347	5353247
4348	5354247
4349	5355247
4350	5356247
4351	5357247
4352	5358245
4353	5359247
4354	5360247
4355	5361247
4356	5362245
4357	5363247
4358	5364247
4359	5365247
4360	5366247
4361	5367247
4362	5368247
4363	5369247
4364	5370247
4365	5371247
4366	5372247
4367	5373247
4368	5374247
4369	5375244
4370	5376247
4371	5377247
4372	5378247
4373	5379247
4374	5380247
4375	5381247
4376	5382247
4377	5383247
4378	5384247
4379	5385247
4380	5386247
4381	5387247
4382	5388247
4383	5389247
4384	5390247
4385	5391247
4386	5392247
4387	5393247
4388	5394247
4389	5395247
4390	5396247
4391	5397247
4392	5398247
4393	5399247
4394	5400247
4395	5401247
4396	5402247
4397	5403247
4398	5404247
4399	5405247
4400	5406247
4401	5407247
4402	5408247
4403	5409247
4404	5410247
4405	5411247
4406	5412247
4407	5413247
4408	5414247
4409	5415247
4410	5416247
4411	5417247
4412	5418247
4413	5419247
4414	5420247
4415	5421247
4416	5422247
4417	5423247
4418	5424247
4419	5425247
4420	5426247
4421	5427247
4422	5428247
4423	5429247
4424	5430247
4425	5431247
4426	5432247
4427	5433247
4428	5434247
4429	5435247
4430	5436247
4431	5437247
4432	5438247
4433	5439247
4434	5440247
4435	5441247
4436	5442247
4437	5443247
4438	5444247
4439	5445247
4440	5446247
4441	5447247
4442	5448247
4443	5449247
4444	5450247
4445	5451247
4446	5452247
4447	5453247
4448	5454247
4449	5455247
4450	5456247
4451	5457247
4452	5458247
4453	5459247
4454	5460247
4455	5461247
4456	5462247
4457	5463247
4458	5464247
4459	5465247
4460	5466247
4461	5467247
4462	5468247
4463	5469247
4464	5470247
4465	5471247
4466	5472247
4467	5473247
4468	5474247
4469	5475247
4470	5476247
4471	5477247
4472	5478247
4473	5479247
4474	5480247
4475	5481247
4476	5482247
4477	5483247
4478	5484247
4479	5485247
4480	5486247
4481	5487247
4482	5488247
4483	5489247
4484	5490247
4485	5491247
4486	5492247
4487	5493247
4488	5494247
4489	5495247
4490	5496247
4491	5497247
4492	5498247
4493	5499247
4494	5500247
4495	5501247
4496	5502247
4497	5503247
4498	5504247
4499	5505247
4500	5506247
4501	5507247
4502	5508247
4503	5509247
4504	5510247
4505	5511247
4506	5512247
4507	5513247
4508	5514247
4509	5515247
4510	5516247
4511	5517247
4512	5518247
4513	5519247
4514	5520247
4515	5521247
4516	5522247
4517	5523247
4518	5524247
4519	5525247
4520	5526247
4521	5527247
4522	5528247
4523	5529247
4524	5530247
4525	5531247
4526	5532247
4527	5533247
4528	5534247
4529	5535247
4530	5536247
4531	5537247
4532	5538247
4533	5539247
4534	5540247
4535	5541247
4536	5542247
4537	5543247
4538	5544247
4539	5545247
4540	5546247
4541	5547247
4542	5548247
4543	5549247
4544	5550247
4545	5551247
4546	5552247
4547	5553247
4548	5554247
4549	5555247
4550	5556247
4551	5557247
4552	5558247
4553	5559247
4554	5560247
4555	5561247
4556	5562247
4557	5563247
4558	5564247
4559	5565247
4560	5566247
4561	5567247
4562	5568247
4563	5569247
4564	5570247
4565	5571247
4566	5572247
4567	5573247
4568	5574247
4569	5575247
4570	5576247
4571	5577247
4572	5578247
4573	5579247
4574	5580247
4575	5581247
4576	5582247
4577	5583247
4578	5584247
4579	5585247
4580	5586247
4581	5587247
4582	5588247
4583	5589247
4584	5590247
4585	5591247
4586	5592247
4587	5593247
4588	5594247
4589	5595247
4590	5596247
4591	5597247
4592	5598247
4593	5599247
4594	5600247
4595	5601247
4596	5602247
4597	5603247
4598	5604247
4599	5605247
4600	5606247
4601	5607247
4602	5608247
4603	5609247
4604	5610247
4605	5611247
4606	5612247
4607	5613247
4608	5614247
4609	5615247
4610	5616247
4611	5617247
4612	5618245
4613	5619247
4614	5620247
4615	5621247
4616	5622247
4617	5623247
4618	5624247
4619	5625247
4620	5626247
4621	5627247
4622	5628247
4623	5629247
4624	5630247
4625	5631244
4626	5632247
4627	5633247
4628	5634247
4629	5635247
4630	5636247
4631	5637247
4632	5638247
4633	5639247
4634	5640247
4635	5641247
4636	5642247
4637	5643247
4638	5644247
4639	5645247
4640	5646247
4641	5647247
4642	5648247
4643	5649247
4644	5650247
4645	5651247
4646	5652247
4647	5653247
4648	5654247
4649	5655247
4650	5656247
4651	5657247
4652	5658247
4653	5659247
4654	5660247
4655	5661247
4656	5662247
4657	5663247
4658	5664247
4659	5665247
4660	5666247
4661	5667247
4662	5668247
4663	5669247
4664	5670247
4665	5671247
4666	5672247
4667	5673247
4668	5674247
4669	5675247
4670	5676247
4671	5677247
4672	5678247
4673	5679247
4674	5680247
4675	5681247
4676	5682247
4677	5683247
4678	5684247
4679	5685247
4680	5686247
4681	5687247
4682	5688247
4683	5689247
4684	5690247
4685	5691247
4686	5692247
4687	5693247
4688	5694247
4689	5695247
4690	5696247
4691	5697247
4692	5698247
4693	5699247
4694	5700247
4695	5701247
4696	5702247
4697	5703247
4698	5704247
4699	5705247
4700	5706247
4701	5707247
4702	5708247
4703	5709247
4704	5710247
4705	5711247
4706	5712247
4707	5713247
4708	5714247
4709	5715247
4710	5716247
4711	5717247
4712	5718247
4713	5719247
4714	5720247
4715	5721247
4716	5722247
4717	5723247
4718	5724247
4719	5725247
4720	5726247
4721	5727247
4722	5728247
4723	5729247
4724	5730247
4725	5731247
4726	5732247
4727	5733247
4728	5734247
4729	5735247
4730	5736247
4731	5737247
4732	5738247
4733	5739247
4734	5740247
4735	5741247
4736	5742247
4737	5743247
4738	5744247
4739	5745247
4740	5746247
4741	5747247
4742	5748247
4743	5749247
4744	5750247
4745	5751247
4746	5752247
4747	5753247
4748	5754247
4749	5755247
4750	5756247
4751	5757247
4752	5758247
4753	5759247
4754	5760247
4755	5761247
4756	5762247
4757	5763247
4758	5764247
4759	5765247
4760	5766247
4761	5767247
4762	5768247
4763	5769247
4764	5770247
4765	5771247
4766	5772247
4767	5773247
4768	5774247
4769	5775247
4770	5776247
4771	5777247
4772	5778247
4773	5779247
4774	5780247
4775	5781247
4776	5782247
4777	5783247
4778	5784247
4779	5785247
4780	5786247
4781	5787247
4782	5788247
4783	5789247
4784	5790247
4785	5791247
4786	5792247
4787	5793247
4788	5794247
4789	5795247
4790	5796247
4791	5797247
4792	5798247
4793	5799247
4794	5800247
4795	5801247
4796	5802247
4797	5803247
4798	5804247
4799	5805247
4800	5806247
4801	5807247
4802	5808247
4803	5809247
4804	5810247
4805	5811247
4806	5812247
4807	5813247
4808	5814247
4809	5815247
4810	5816247
4811	5817247
4812	5818247
4813	5819247
4814	5820247
4815	5821247
4816	5822247
4817	5823247
4818	5824247
4819	5825247
4820	5826247
4821	5827247
4822	5828247
4823	5829247
4824	5830247
4825	5831247
4826	5832247
4827	5833247
4828	5834247
4829	5835247
4830	5836247
4831	5837247
4832	5838247
4833	5839247
4834	5840247
4835	5841247
4836	5842247
4837	5843247
4838	5844247
4839	5845247
4840	5846247
4841	5847247
4842	5848247
4843	5849247
4844	5850247
4845	5851247
4846	5852247
4847	5853247
4848	5854247
4849	5855247
4850	5856247
4851	5857247
4852	5858247
4853	5859247
4854	5860247
4855	5861247
4856	5862247
4857	5863247
4858	5864247
4859	5865247
4860	5866247
4861	5867247
4862	5868247
4863	5869247
4864	5870247
4865	5871247
4866	5872247
4867	5873247
4868	5874247
4869	5875247
4870	5876247
4871	5877247
4872	5878247
4873	5879247
4874	5880247
4875	5881247
4876	5882247
4877	5883247
4878	5884247
4879	5885247
4880	5886247
4881	5887244
4882	5888247
4883	5889247
4884	5890247
4885	5891247
4886	5892247
4887	5893247
4888	5894247
4889	5895247
4890	5896247
4891	5897247
4892	5898247
4893	5899247
4894	5900247
4895	5901247
4896	5902247
4897	5903247
4898	5904247
4899	5905247
4900	5906247
4901	5907247
4902	5908247
4903	5909247
4904	5910247
4905	5911247
4906	5912247
4907	5913247
4908	5914247
4909	5915247
4910	5916247
4911	5917247
4912	5918247
4913	5919247
4914	5920247
4915	5921247
4916	5922247
4917	5923247
4918	5924247
4919	5925247
4920	5926247
4921	5927247
4922	5928247
4923	5929247
4924	5930247
4925	5931247
4926	5932247
4927	5933247
4928	5934247
4929	5935247
4930	5936247
4931	5937247
4932	5938247
4933	5939247
4934	5940247
4935	5941247
4936	5942247
4937	5943247
4938	5944247
4939	5945247
4940	5946247
4941	5947247
4942	5948247
4943	5949247
4944	5950247
4945	5951247
4946	5952247
4947	5953247
4948	5954247
4949	5955247
4950	5956247
4951	5957247
4952	5958247
4953	5959247
4954	5960247
4955	5961247
4956	5962247
4957	5963247
4958	5964247
4959	5965247
4960	5966247
4961	5967247
4962	5968247
4963	5969247
4964	5970247
4965	5971247
4966	5972247
4967	5973247
4968	5974247
4969	5975247
4970	5976247
4971	5977247
4972	5978247
4973	5979247
4974	5980247
4975	5981247
4976	5982247
4977	5983247
4978	5984247
4979	5985247
4980	5986247
4981	5987247
4982	5988247
4983	5989247
4984	5990247
4985	5991247
4986	5992247
4987	5993247
4988	5994247
4989	5995247
4990	5996247
4991	5997247
4992	5998247
4993	5999247
4994	6000247
4995	6001247
4996	6002247
4997	6003247
4998	6004247
4999	6005247
5000	6006247
5001	6007247
5002	6008247
5003	6009247
5004	6010247
5005	6011247
5006	6012247
5007	6013247
5008	6014247
5009	6015247
5010	6016247
5011	6017247
5012	6018247
5013	6019247
5014	6020247
5015	6021247
5016	6022247
5017	6023247
5018	6024247
5019	6025247
5020	6026247
5021	6027247
5022	6028247
5023	6029247
5024	6030247
5025	6031247
5026	6032247
5027	6033247
5028	6034247
5029	6035247
5030	6036247
5031	6037247
5032	6038247
5033	6039247
5034	6040247
5035	6041247
5036	6042247
5037	6043247
5038	6044247
5039	6045247
5040	6046247
5041	6047247
5042	6048247
5043	6049247
5044	6050247
5045	6051247
5046	6052247
5047	6053247
5048	6054247
5049	6055247
5050	6056247
5051	6057247
5052	6058247
5053	6059247
5054	6060247
5055	6061247
5056	6062247
5057	6063247
5058	6064247
5059	6065247
5060	6066247
5061	6067247
5062	6068247
5063	6069247
5064	6070247
5065	6071247
5066	6072247
5067	6073247
5068	6074247
5069	6075247
5070	6076247
5071	6077247
5072	6078247
5073	6079247
5074	6080247
5075	6081247
5076	6082247
5077	6083247
5078	6084247
5079	6085247
5080	6086247
5081	6087247
5082	6088247
5083	6089247
5084	6090247
5085	6091247
5086	6092247
5087	6093247
5088	6094247
5089	6095247
5090	6096247
5091	6097247
5092	6098247
5093	6099247
5094	6100247
5095	6101247
5096	6102247
5097	6103247
5098	6104247
5099	6105247
5100	6106247
5101	6107247
5102	6108247
5103	6109247
5104	6110247
5105	6111247
5106	6112247
5107	6113247
5108	6114247
5109	6115247
5110	6116247
5111	6117247
5112	6118247
5113	6119247
5114	6120247
5115	6121247
5116	6122247
5117	6123247
5118	6124247
5119	6125247
5120	6126247
5121	6127247
5122	6128247
5123	6129247
5124	6130247
5125	6131247
5126	6132247
5127	6133247
5128	6134247
5129	6135247
5130	6136247
5131	6137247
5132	6138247
5133	6139247
5134	6140247
5135	6141247
5136	6142247
5137	6143244
5138	6144247
5139	6145247
5140	6146247
5141	6147247
5142	6148247
5143	6149247
5144	6150247
5145	6151247
5146	6152247
5147	6153247
5148	6154247
5149	6155247
5150	6156247
5151	6157247
5152	6158247
5153	6159247
5154	6160247
5155	6161247
5156	6162247
5157	6163247
5158	6164247
5159	6165247
5160	6166247
5161	6167247
5162	6168247
5163	6169247
5164	6170247
5165	6171247
5166	6172247
5167	6173247
5168	6174247
5169	6175247
5170	6176247
5171	6177247
5172	6178247
5173	6179247
5174	6180247
5175	6181247
5176	6182247
5177	6183247
5178	6184247
5179	6185247
5180	6186247
5181	6187247
5182	6188247
5183	6189247
5184	6190247
5185	6191247
5186	6192247
5187	6193247
5188	6194247
5189	6195247
5190	6196247
5191	6197247
5192	6198247
5193	6199247
5194	6200247
5195	6201247
5196	6202247
5197	6203247
5198	6204247
5199	6205247
5200	6206247
5201	6207247
5202	6208247
5203	6209247
5204	6210247
5205	6211247
5206	6212247
5207	6213247
5208	6214247
5209	6215247
5210	6216247
5211	6217247
5212	6218247
5213	6219247
5214	6220247
5215	6221247
5216	6222247
5217	6223247
5218	6224247
5219	6225247
5220	6226247
5221	6227247
5222	6228247
5223	6229247
5224	6230247
5225	6231247
5226	6232247
5227	6233247
5228	6234247
5229	6235247
5230	6236247
5231	6237247
5232	6238247
5233	6239247
5234	6240247
5235	6241247
5236	6242247
5237	6243247
5238	6244247
5239	6245247
5240	6246247
5241	6247247
5242	6248247
5243	6249247
5244	6250247
5245	6251247
5246	6252247
5247	6253247
5248	6254247
5249	6255247
5250	6256247
5251	6257247
5252	6258247
5253	6259247
5254	6260247
5255	6261247
5256	6262247
5257	6263247
5258	6264247
5259	6265247
5260	6266247
5261	6267247
5262	6268247
5263	6269247
5264	6270247
5265	6271247
5266	6272247
5267	6273247
5268	6274247
5269	6275247
5270	6276247
5271	6277247
5272	6278247
5273	6279247
5274	6280247
5275	6281247
5276	6282247
5277	6283247
5278	6284247
5279	6285247
5280	6286247
5281	6287247
5282	6288247
5283	6289247
5284	6290247
5285	6291247
5286	6292247
5287	6293247
5288	6294247
5289	6295247
5290	6296247
5291	6297247
5292	6298247
5293	6299247
5294	6300247
5295	6301247
5296	6302247
5297	6303247
5298	6304247
5299	6305247
5300	6306247
5301	6307247
5302	6308247
5303	6309247
5304	6310247
5305	6311247
5306	6312247
5307	6313247
5308	6314247
5309	6315247
5310	6316247
5311	6317247
5312	6318247
5313	6319247
5314	6320247
5315	6321247
5316	6322247
5317	6323247
5318	6324247
5319	6325247
5320	6326247
5321	6327247
5322	6328247
5323	6329247
5324	6330247
5325	6331247
5326	6332247
5327	6333247
5328	6334247
5329	6335247
5330	6336247
5331	6337247
5332	6338247
5333	6339247
5334	6340247
5335	6341247
5336	6342247
5337	6343247
5338	6344247
5339	6345247
5340	6346247
5341	6347247
5342	6348247
5343	6349247
5344	6350247
5345	6351247
5346	6352247
5347	6353247
5348	6354247
5349	6355247
5350	6356247
5351	6357247
5352	6358247
5353	6359247
5354	6360247
5355	6361247
5356	6362247
5357	6363247
5358	6364247
5359	6365247
5360	6366247
5361	6367247
5362	6368247
5363	6369247
5364	6370247
5365	6371247
5366	6372247
5367	6373247
5368	6374247
5369	6375247
5370	6376247
5371	6377247
5372	6378247
5373	6379247
5374	6380247
5375	6381247
5376	6382247
5377	6383247
5378	6384247
5379	6385247
5380	6386245
5381	6387247
5382	6388247
5383	6389247
5384	6390247
5385	6391247
5386	6392247
5387	6393247
5388	6394247
5389	6395247
5390	6396247
5391	6397247
5392	6398247
5393	6399244
5394	6400247
5395	6401247
5396	6402247
5397	6403247
5398	6404247
5399	6405247
5400	6406247
5401	6407247
5402	6408247
5403	6409247
5404	6410247
5405	6411247
5406	6412247
5407	6413247
5408	6414247
5409	6415247
5410	6416247
5411	6417247
5412	6418247
5413	6419247
5414	6420247
5415	6421247
5416	6422247
5417	6423247
5418	6424247
5419	6425247
5420	6426247
5421	6427247
5422	6428247
5423	6429247
5424	6430247
5425	6431247
5426	6432247
5427	6433247
5428	6434247
5429	6435247
5430	6436247
5431	6437247
5432	6438247
5433	6439247
5434	6440247
5435	6441247
5436	6442247
5437	6443247
5438	6444247
5439	6445247
5440	6446247
5441	6447247
5442	6448247
5443	6449247
5444	6450247
5445	6451247
5446	6452247
5447	6453247
5448	6454247
5449	6455247
5450	6456247
5451	6457247
5452	6458247
5453	6459247
5454	6460247
5455	6461247
5456	6462247
5457	6463247
5458	6464247
5459	6465247
5460	6466247
5461	6467247
5462	6468247
5463	6469247
5464	6470247
5465	6471247
5466	6472247
5467	6473247
5468	6474247
5469	6475247
5470	6476247
5471	6477247
5472	6478247
5473	6479247
5474	6480247
5475	6481247
5476	6482247
5477	6483247
5478	6484247
5479	6485247
5480	6486247
5481	6487247
5482	6488247
5483	6489247
5484	6490247
5485	6491247
5486	6492247
5487	6493247
5488	6494247
5489	6495247
5490	6496247
5491	6497247
5492	6498247
5493	6499247
5494	6500247
5495	6501247
5496	6502247
5497	6503247
5498	6504247
5499	6505247
5500	6506247
5501	6507247
5502	6508247
5503	6509247
5504	6510247
5505	6511247
5506	6512247
5507	6513247
5508	6514247
5509	6515247
5510	6516247
5511	6517247
5512	6518247
5513	6519247
5514	6520247
5515	6521247
5516	6522247
5517	6523247
5518	6524247
5519	6525247
5520	6526247
5521	6527247
5522	6528247
5523	6529247
5524	6530247
5525	6531247
5526	6532247
5527	6533247
5528	6534247
5529	6535247
5530	6536247
5531	6537247
5532	6538247
5533	6539247
5534	6540247
5535	6541247
5536	6542247
5537	6543247
5538	6544247
5539	6545247
5540	6546247
5541	6547247
5542	6548247
5543	6549247
5544	6550247
5545	6551247
5546	6552247
5547	6553247
5548	6554247
5549	6555247
5550	6556247
5551	6557247
5552	6558247
5553	6559247
5554	6560247
5555	6561247
5556	6562247
5557	6563247
5558	6564247
5559	6565247
5560	6566247
5561	6567247
5562	6568247
5563	6569247
5564	6570247
5565	6571247
5566	6572247
5567	6573247
5568	6574247
5569	6575247
5570	6576247
5571	6577247
5572	6578247
5573	6579247
5574	6580247
5575	6581247
5576	6582247
5577	6583247
5578	6584247
5579	6585247
5580	6586247
5581	6587247
5582	6588247
5583	6589247
5584	6590247
5585	6591247
5586	6592247
5587	6593247
5588	6594247
5589	6595247
5590	6596247
5591	6597247
5592	6598247
5593	6599247
5594	6600247
5595	6601247
5596	6602247
5597	6603247
5598	6604247
5599	6605247
5600	6606247
5601	6607247
5602	6608247
5603	6609247
5604	6610247
5605	6611247
5606	6612247
5607	6613247
5608	6614247
5609	6615247
5610	6616247
5611	6617247
5612	6618247
5613	6619247
5614	6620247
5615	6621247
5616	6622247
5617	6623247
5618	6624247
5619	6625247
5620	6626247
5621	6627247
5622	6628247
5623	6629247
5624	6630247
5625	6631247
5626	6632247
5627	6633247
5628	6634247
5629	6635247
5630	6636247
5631	6637247
5632	6638247
5633	6639247
5634	6640247
5635	6641247
5636	6642245
5637	6643247
5638	6644247
5639	6645247
5640	6646247
5641	6647247
5642	6648247
5643	6649247
5644	6650247
5645	6651247
5646	6652247
5647	6653247
5648	6654247
5649	6655244
5650	6656247
5651	6657247
5652	6658247
5653	6659247
5654	6660247
5655	6661247
5656	6662247
5657	6663247
5658	6664247
5659	6665247
5660	6666247
5661	6667247
5662	6668247
5663	6669247
5664	6670247
5665	6671247
5666	6672247
5667	6673247
5668	6674247
5669	6675247
5670	6676247
5671	6677247
5672	6678247
5673	6679247
5674	6680247
5675	6681247
5676	6682247
5677	6683247
5678	6684247
5679	6685247
5680	6686247
5681	6687247
5682	6688247
5683	6689247
5684	6690247
5685	6691247
5686	6692247
5687	6693247
5688	6694247
5689	6695247
5690	6696247
5691	6697247
5692	6698247
5693	6699247
5694	6700247
5695	6701247
5696	6702247
5697	6703247
5698	6704247
5699	6705247
5700	6706247
5701	6707247
5702	6708247
5703	6709247
5704	6710247
5705	6711247
5706	6712247
5707	6713247
5708	6714247
5709	6715247
5710	6716247
5711	6717247
5712	6718247
5713	6719247
5714	6720247
5715	6721247
5716	6722247
5717	6723247
5718	6724247
5719	6725247
5720	6726247
5721	6727247
5722	6728247
5723	6729247
5724	6730247
5725	6731247
5726	6732247
5727	6733247
5728	6734247
5729	6735247
5730	6736247
5731	6737247
5732	6738247
5733	6739247
5734	6740247
5735	6741247
5736	6742247
5737	6743247
5738	6744247
5739	6745247
5740	6746247
5741	6747247
5742	6748247
5743	6749247
5744	6750247
5745	6751247
5746	6752247
5747	6753247
5748	6754247
5749	6755247
5750	6756247
5751	6757247
5752	6758247
5753	6759247
5754	6760247
5755	6761247
5756	6762247
5757	6763247
5758	6764247
5759	6765247
5760	6766247
5761	6767247
5762	6768247
5763	6769247
5764	6770247
5765	6771247
5766	6772247
5767	6773247
5768	6774247
5769	6775247
5770	6776247
5771	6777247
5772	6778247
5773	6779247
5774	6780247
5775	6781247
5776	6782247
5777	6783247
5778	6784247
5779	6785247
5780	6786247
5781	6787247
5782	6788247
5783	6789247
5784	6790247
5785	6791247
5786	6792247
5787	6793247
5788	6794247
5789	6795247
5790	6796247
5791	6797247
5792	6798247
5793	6799247
5794	6800247
5795	6801247
5796	6802247
5797	6803247
5798	6804247
5799	6805247
5800	6806247
5801	6807247
5802	6808247
5803	6809247
5804	6810247
5805	6811247
5806	6812247
5807	6813247
5808	6814247
5809	6815247
5810	6816247
5811	6817247
5812	6818247
5813	6819247
5814	6820247
5815	6821247
5816	6822247
5817	6823247
5818	6824247
5819	6825247
5820	6826247
5821	6827247
5822	6828247
5823	6829247
5824	6830247
5825	6831247
5826	6832247
5827	6833247
5828	6834247
5829	6835247
5830	6836247
5831	6837247
5832	6838247
5833	6839247
5834	6840247
5835	6841247
5836	6842247
5837	6843247
5838	6844247
5839	6845247
5840	6846247
5841	6847247
5842	6848247
5843	6849247
5844	6850247
5845	6851247
5846	6852247
5847	6853247
5848	6854247
5849	6855247
5850	6856247
5851	6857247
5852	6858247
5853	6859247
5854	6860247
5855	6861247
5856	6862247
5857	6863247
5858	6864247
5859	6865247
5860	6866247
5861	6867247
5862	6868247
5863	6869247
5864	6870247
5865	6871247
5866	6872247
5867	6873247
5868	6874247
5869	6875247
5870	6876247
5871	6877247
5872	6878247
5873	6879247
5874	6880247
5875	6881247
5876	6882247
5877	6883247
5878	6884247
5879	6885247
5880	6886247
5881	6887247
5882	6888247
5883	6889247
5884	6890247
5885	6891247
5886	6892247
5887	6893247
5888	6894247
5889	6895247
5890	6896247
5891	6897247
5892	6898247
5893	6899247
5894	6900247
5895	6901247
5896	6902247
5897	6903247
5898	6904247
5899	6905247
5900	6906247
5901	6907247
5902	6908247
5903	6909247
5904	6910247
5905	6911245
5906	6912247
5907	6913247
5908	6914247
5909	6915247
5910	6916247
5911	6917247
5912	6918247
5913	6919247
5914	6920247
5915	6921247
5916	6922247
5917	6923247
5918	6924247
5919	6925247
5920	6926247
5921	6927247
5922	6928247
5923	6929247
5924	6930247
5925	6931247
5926	6932247
5927	6933247
5928	6934247
5929	6935247
5930	6936247
5931	6937247
5932	6938247
5933	6939247
5934	6940247
5935	6941247
5936	6942247
5937	6943247
5938	6944247
5939	6945247
5940	6946247
5941	6947247
5942	6948247
5943	6949247
5944	6950247
5945	6951247
5946	6952247
5947	6953247
5948	6954247
5949	6955247
5950	6956247
5951	6957247
5952	6958247
5953	6959247
5954	6960247
5955	6961247
5956	6962247
5957	6963247
5958	6964247
5959	6965247
5960	6966247
5961	6967247
5962	6968247
5963	6969247
5964	6970247
5965	6971247
5966	6972247
5967	6973247
5968	6974247
5969	6975247
5970	6976247
5971	6977247
5972	6978247
5973	6979247
5974	6980247
5975	6981247
5976	6982247
5977	6983247
5978	6984247
5979	6985247
5980	6986247
5981	6987247
5982	6988247
5983	6989247
5984	6990247
5985	6991247
5986	6992247
5987	6993247
5988	6994247
5989	6995247
5990	6996247
5991	6997247
5992	6998247
5993	6999247
5994	7000247
5995	7001247
5996	7002247
5997	7003247
5998	7004247
5999	7005247
