0	1006227
1	1007226
2	1008226
3	1009226
4	1010225
5	1011226
6	1012226
7	1013226
8	1014226
9	1015225
10	1016225
11	1017226
12	1018226
13	1019225
14	1020225
15	1021226
16	1022226
17	1023224
18	1024226
19	1025226
20	1026226
21	1027226
22	1028226
23	1029226
24	1030225
25	1031225
26	1032225
27	1033226
28	1034225
29	1035225
30	1036225
31	1037226
32	1038225
33	1039226
34	1040226
35	1041226
36	1042226
37	1043226
38	1044226
39	1045226
40	1046226
41	1047225
42	1048226
43	1049226
44	1050225
45	1051225
46	1052226
47	1053226
48	1054225
49	1055225
50	1056226
51	1057226
52	1058226
53	1059226
54	1060226
55	1061226
56	1062226
57	1063225
58	1064226
59	1065226
60	1066225
61	1067226
62	1068226
63	1069225
64	1070225
65	1071226
66	1072226
67	1073226
68	1074226
69	1075226
70	1076226
71	1077226
72	1078226
73	1079226
74	1080226
75	1081226
76	1082225
77	1083226
78	1084226
79	1085226
80	1086225
81	1087226
82	1088225
83	1089226
84	1090224
85	1091226
86	1092226
87	1093226
88	1094226
89	1095226
90	1096226
91	1097226
92	1098226
93	1099226
94	1100225
95	1101226
96	1102226
97	1103226
98	1104225
99	1105226
100	1106226
101	1107226
102	1108226
103	1109226
104	1110226
105	1111226
106	1112226
107	1113226
108	1114226
109	1115226
110	1116225
111	1117226
112	1118226
113	1119225
114	1120225
115	1121226
116	1122226
117	1123226
118	1124226
119	1125226
120	1126226
121	1127226
122	1128226
123	1129226
124	1130226
125	1131225
126	1132225
127	1133226
128	1134226
129	1135225
130	1136225
131	1137226
132	1138226
133	1139225
134	1140226
135	1141226
136	1142226
137	1143226
138	1144226
139	1145226
140	1146226
141	1147225
142	1148225
143	1149226
144	1150226
145	1151226
146	1152226
147	1153226
148	1154226
149	1155226
150	1156226
151	1157226
152	1158226
153	1159226
154	1160226
155	1161226
156	1162226
157	1163226
158	1164226
159	1165226
160	1166226
161	1167226
162	1168226
163	1169226
164	1170226
165	1171226
166	1172226
167	1173226
168	1174226
169	1175226
170	1176226
171	1177226
172	1178226
173	1179226
174	1180226
175	1181226
176	1182226
177	1183226
178	1184226
179	1185226
180	1186226
181	1187226
182	1188226
183	1189226
184	1190226
185	1191226
186	1192226
187	1193226
188	1194226
189	1195226
190	1196226
191	1197226
192	1198226
193	1199226
194	1200226
195	1201226
196	1202226
197	1203226
198	1204226
199	1205226
200	1206226
201	1207226
202	1208226
203	1209226
204	1210226
205	1211226
206	1212226
207	1213226
208	1214226
209	1215226
210	1216226
211	1217226
212	1218226
213	1219226
214	1220226
215	1221226
216	1222226
217	1223226
218	1224226
219	1225226
220	1226226
221	1227226
222	1228226
223	1229226
224	1230226
225	1231226
226	1232226
227	1233226
228	1234226
229	1235226
230	1236226
231	1237226
232	1238226
233	1239226
234	1240226
235	1241226
236	1242226
237	1243226
238	1244226
239	1245226
240	1246226
241	1247226
242	1248226
243	1249226
244	1250226
245	1251226
246	1252226
247	1253226
248	1254226
249	1255226
250	1256226
251	1257226
252	1258226
253	1259226
254	1260226
255	1261226
256	1262227
257	1263227
258	1264227
259	1265227
260	1266226
261	1267227
262	1268227
263	1269227
264	1270227
265	1271227
266	1272227
267	1273227
268	1274227
269	1275227
270	1276227
271	1277227
272	1278227
273	1279225
274	1280227
275	1281227
276	1282227
277	1283227
278	1284227
279	1285227
280	1286227
281	1287227
282	1288227
283	1289227
284	1290227
285	1291227
286	1292227
287	1293227
288	1294227
289	1295227
290	1296227
291	1297227
292	1298227
293	1299227
294	1300227
295	1301227
296	1302227
297	1303227
298	1304227
299	1305227
300	1306227
301	1307227
302	1308227
303	1309227
304	1310227
305	1311227
306	1312227
307	1313227
308	1314227
309	1315227
310	1316227
311	1317227
312	1318227
313	1319227
314	1320227
315	1321227
316	1322227
317	1323227
318	1324227
319	1325227
320	1326227
321	1327227
322	1328227
323	1329227
324	1330227
325	1331227
326	1332227
327	1333227
328	1334227
329	1335227
330	1336227
331	1337227
332	1338227
333	1339227
334	1340227
335	1341227
336	1342227
337	1343227
338	1344227
339	1345227
340	1346226
341	1347227
342	1348227
343	1349227
344	1350227
345	1351227
346	1352227
347	1353227
348	1354227
349	1355227
350	1356227
351	1357227
352	1358227
353	1359227
354	1360227
355	1361227
356	1362227
357	1363227
358	1364227
359	1365227
360	1366227
361	1367227
362	1368227
363	1369227
364	1370227
365	1371227
366	1372227
367	1373227
368	1374227
369	1375227
370	1376227
371	1377227
372	1378227
373	1379227
374	1380227
375	1381227
376	1382227
377	1383227
378	1384227
379	1385227
380	1386227
381	1387227
382	1388227
383	1389227
384	1390227
385	1391227
386	1392227
387	1393227
388	1394227
389	1395227
390	1396227
391	1397227
392	1398227
393	1399227
394	1400227
395	1401227
396	1402227
397	1403227
398	1404227
399	1405227
400	1406227
401	1407227
402	1408227
403	1409227
404	1410227
405	1411227
406	1412227
407	1413227
408	1414227
409	1415227
410	1416227
411	1417227
412	1418227
413	1419227
414	1420227
415	1421227
416	1422227
417	1423227
418	1424227
419	1425227
420	1426227
421	1427227
422	1428227
423	1429227
424	1430227
425	1431227
426	1432227
427	1433227
428	1434227
429	1435227
430	1436227
431	1437227
432	1438227
433	1439227
434	1440227
435	1441227
436	1442227
437	1443227
438	1444227
439	1445227
440	1446227
441	1447227
442	1448227
443	1449227
444	1450227
445	1451227
446	1452227
447	1453227
448	1454227
449	1455227
450	1456227
451	1457227
452	1458227
453	1459227
454	1460227
455	1461227
456	1462227
457	1463227
458	1464227
459	1465227
460	1466227
461	1467227
462	1468227
463	1469227
464	1470227
465	1471227
466	1472227
467	1473227
468	1474227
469	1475227
470	1476227
471	1477227
472	1478227
473	1479227
474	1480227
475	1481227
476	1482227
477	1483227
478	1484227
479	1485227
480	1486227
481	1487227
482	1488227
483	1489227
484	1490227
485	1491227
486	1492227
487	1493227
488	1494227
489	1495227
490	1496227
491	1497227
492	1498227
493	1499227
494	1500227
495	1501227
496	1502227
497	1503227
498	1504227
499	1505227
500	1506227
501	1507227
502	1508227
503	1509227
504	1510227
505	1511227
506	1512227
507	1513227
508	1514227
509	1515227
510	1516227
511	1517227
512	1518227
513	1519227
514	1520227
515	1521227
516	1522226
517	1523227
518	1524227
519	1525227
520	1526227
521	1527227
522	1528227
523	1529227
524	1530227
525	1531227
526	1532227
527	1533227
528	1534227
529	1535225
530	1536227
531	1537227
532	1538227
533	1539227
534	1540227
535	1541227
536	1542227
537	1543227
538	1544227
539	1545227
540	1546227
541	1547227
542	1548227
543	1549227
544	1550227
545	1551227
546	1552227
547	1553227
548	1554227
549	1555227
550	1556227
551	1557227
552	1558227
553	1559227
554	1560227
555	1561227
556	1562227
557	1563227
558	1564227
559	1565227
560	1566227
561	1567227
562	1568227
563	1569227
564	1570227
565	1571227
566	1572227
567	1573227
568	1574227
569	1575227
570	1576227
571	1577227
572	1578227
573	1579227
574	1580227
575	1581227
576	1582227
577	1583227
578	1584227
579	1585227
580	1586227
581	1587227
582	1588227
583	1589227
584	1590227
585	1591227
586	1592227
587	1593227
588	1594227
589	1595227
590	1596227
591	1597227
592	1598227
593	1599227
594	1600227
595	1601227
596	1602226
597	1603227
598	1604227
599	1605227
600	1606227
601	1607227
602	1608227
603	1609227
604	1610227
605	1611227
606	1612227
607	1613227
608	1614227
609	1615227
610	1616227
611	1617227
612	1618227
613	1619227
614	1620227
615	1621227
616	1622227
617	1623227
618	1624227
619	1625227
620	1626227
621	1627227
622	1628227
623	1629227
624	1630227
625	1631227
626	1632227
627	1633227
628	1634227
629	1635227
630	1636227
631	1637227
632	1638227
633	1639227
634	1640227
635	1641227
636	1642227
637	1643227
638	1644227
639	1645227
640	1646227
641	1647227
642	1648227
643	1649227
644	1650227
645	1651227
646	1652227
647	1653227
648	1654227
649	1655227
650	1656227
651	1657227
652	1658227
653	1659227
654	1660227
655	1661227
656	1662227
657	1663227
658	1664227
659	1665227
660	1666227
661	1667227
662	1668227
663	1669227
664	1670227
665	1671227
666	1672227
667	1673227
668	1674227
669	1675227
670	1676227
671	1677227
672	1678227
673	1679227
674	1680227
675	1681227
676	1682227
677	1683227
678	1684227
679	1685227
680	1686227
681	1687227
682	1688227
683	1689227
684	1690227
685	1691227
686	1692227
687	1693227
688	1694227
689	1695227
690	1696227
691	1697227
692	1698227
693	1699227
694	1700227
695	1701227
696	1702227
697	1703227
698	1704227
699	1705227
700	1706227
701	1707227
702	1708227
703	1709227
704	1710227
705	1711227
706	1712227
707	1713227
708	1714227
709	1715227
710	1716227
711	1717227
712	1718227
713	1719227
714	1720227
715	1721227
716	1722227
717	1723227
718	1724227
719	1725227
720	1726227
721	1727227
722	1728227
723	1729227
724	1730227
725	1731227
726	1732227
727	1733227
728	1734227
729	1735227
730	1736227
731	1737227
732	1738227
733	1739227
734	1740227
735	1741227
736	1742227
737	1743227
738	1744227
739	1745227
740	1746227
741	1747227
742	1748227
743	1749227
744	1750227
745	1751227
746	1752227
747	1753227
748	1754227
749	1755227
750	1756227
751	1757227
752	1758227
753	1759227
754	1760227
755	1761227
756	1762227
757	1763227
758	1764227
759	1765227
760	1766227
761	1767227
762	1768227
763	1769227
764	1770227
765	1771227
766	1772227
767	1773227
768	1774227
769	1775227
770	1776227
771	1777227
772	1778227
773	1779227
774	1780227
775	1781227
776	1782227
777	1783227
778	1784227
779	1785227
780	1786227
781	1787227
782	1788227
783	1789227
784	1790227
785	1791225
786	1792227
787	1793227
788	1794227
789	1795227
790	1796227
791	1797227
792	1798227
793	1799227
794	1800227
795	1801227
796	1802227
797	1803227
798	1804227
799	1805227
800	1806227
801	1807227
802	1808227
803	1809227
804	1810227
805	1811227
806	1812227
807	1813227
808	1814227
809	1815227
810	1816227
811	1817227
812	1818227
813	1819227
814	1820227
815	1821227
816	1822227
817	1823227
818	1824227
819	1825227
820	1826227
821	1827227
822	1828227
823	1829227
824	1830227
825	1831227
826	1832227
827	1833227
828	1834227
829	1835227
830	1836227
831	1837227
832	1838227
833	1839227
834	1840227
835	1841227
836	1842227
837	1843227
838	1844227
839	1845227
840	1846227
841	1847227
842	1848227
843	1849227
844	1850227
845	1851227
846	1852227
847	1853227
848	1854227
849	1855227
850	1856227
851	1857227
852	1858226
853	1859227
854	1860227
855	1861227
856	1862227
857	1863227
858	1864227
859	1865227
860	1866227
861	1867227
862	1868227
863	1869227
864	1870227
865	1871227
866	1872227
867	1873227
868	1874227
869	1875227
870	1876227
871	1877227
872	1878227
873	1879227
874	1880227
875	1881227
876	1882227
877	1883227
878	1884227
879	1885227
880	1886227
881	1887227
882	1888227
883	1889227
884	1890227
885	1891227
886	1892227
887	1893227
888	1894227
889	1895227
890	1896227
891	1897227
892	1898227
893	1899227
894	1900227
895	1901227
896	1902227
897	1903227
898	1904227
899	1905227
900	1906227
901	1907227
902	1908227
903	1909227
904	1910227
905	1911227
906	1912227
907	1913227
908	1914227
909	1915227
910	1916227
911	1917227
912	1918227
913	1919227
914	1920227
915	1921227
916	1922227
917	1923227
918	1924227
919	1925227
920	1926227
921	1927227
922	1928227
923	1929227
924	1930227
925	1931227
926	1932227
927	1933227
928	1934227
929	1935227
930	1936227
931	1937227
932	1938227
933	1939227
934	1940227
935	1941227
936	1942227
937	1943227
938	1944227
939	1945227
940	1946227
941	1947227
942	1948227
943	1949227
944	1950227
945	1951227
946	1952227
947	1953227
948	1954227
949	1955227
950	1956227
951	1957227
952	1958227
953	1959227
954	1960227
955	1961227
956	1962227
957	1963227
958	1964227
959	1965227
960	1966227
961	1967227
962	1968227
963	1969227
964	1970227
965	1971227
966	1972227
967	1973227
968	1974227
969	1975227
970	1976227
971	1977227
972	1978227
973	1979227
974	1980227
975	1981227
976	1982227
977	1983227
978	1984227
979	1985227
980	1986227
981	1987227
982	1988227
983	1989227
984	1990227
985	1991227
986	1992227
987	1993227
988	1994227
989	1995227
990	1996227
991	1997227
992	1998227
993	1999227
994	2000227
995	2001227
996	2002227
997	2003227
998	2004227
999	2005227
1000	2006227
1001	2007227
1002	2008227
1003	2009227
1004	2010227
1005	2011227
1006	2012227
1007	2013227
1008	2014227
1009	2015227
1010	2016227
1011	2017227
1012	2018227
1013	2019227
1014	2020227
1015	2021227
1016	2022227
1017	2023227
1018	2024227
1019	2025227
1020	2026227
1021	2027227
1022	2028227
1023	2029227
1024	2030227
1025	2031227
1026	2032227
1027	2033227
1028	2034227
1029	2035227
1030	2036227
1031	2037227
1032	2038227
1033	2039227
1034	2040227
1035	2041227
1036	2042227
1037	2043227
1038	2044227
1039	2045227
1040	2046227
1041	2047225
1042	2048227
1043	2049227
1044	2050227
1045	2051227
1046	2052227
1047	2053227
1048	2054227
1049	2055227
1050	2056227
1051	2057227
1052	2058227
1053	2059227
1054	2060227
1055	2061227
1056	2062227
1057	2063227
1058	2064227
1059	2065227
1060	2066227
1061	2067227
1062	2068227
1063	2069227
1064	2070227
1065	2071227
1066	2072227
1067	2073227
1068	2074227
1069	2075227
1070	2076227
1071	2077227
1072	2078227
1073	2079227
1074	2080227
1075	2081227
1076	2082227
1077	2083227
1078	2084227
1079	2085227
1080	2086227
1081	2087227
1082	2088227
1083	2089227
1084	2090227
1085	2091227
1086	2092227
1087	2093227
1088	2094227
1089	2095227
1090	2096227
1091	2097227
1092	2098227
1093	2099227
1094	2100227
1095	2101227
1096	2102227
1097	2103227
1098	2104227
1099	2105227
1100	2106227
1101	2107227
1102	2108227
1103	2109227
1104	2110227
1105	2111227
1106	2112227
1107	2113227
1108	2114224
1109	2115227
1110	2116227
1111	2117227
1112	2118227
1113	2119227
1114	2120227
1115	2121227
1116	2122227
1117	2123227
1118	2124227
1119	2125227
1120	2126227
1121	2127227
1122	2128227
1123	2129227
1124	2130227
1125	2131227
1126	2132227
1127	2133227
1128	2134227
1129	2135227
1130	2136227
1131	2137227
1132	2138227
1133	2139227
1134	2140227
1135	2141227
1136	2142227
1137	2143227
1138	2144227
1139	2145227
1140	2146227
1141	2147227
1142	2148227
1143	2149227
1144	2150227
1145	2151227
1146	2152227
1147	2153227
1148	2154227
1149	2155227
1150	2156227
1151	2157227
1152	2158227
1153	2159227
1154	2160227
1155	2161227
1156	2162227
1157	2163227
1158	2164227
1159	2165227
1160	2166227
1161	2167227
1162	2168227
1163	2169227
1164	2170227
1165	2171227
1166	2172227
1167	2173227
1168	2174227
1169	2175227
1170	2176227
1171	2177227
1172	2178227
1173	2179227
1174	2180227
1175	2181227
1176	2182227
1177	2183227
1178	2184227
1179	2185227
1180	2186227
1181	2187227
1182	2188227
1183	2189227
1184	2190227
1185	2191227
1186	2192227
1187	2193227
1188	2194227
1189	2195227
1190	2196227
1191	2197227
1192	2198227
1193	2199227
1194	2200227
1195	2201227
1196	2202227
1197	2203227
1198	2204227
1199	2205227
1200	2206227
1201	2207227
1202	2208227
1203	2209227
1204	2210227
1205	2211227
1206	2212227
1207	2213227
1208	2214227
1209	2215227
1210	2216227
1211	2217227
1212	2218227
1213	2219227
1214	2220227
1215	2221227
1216	2222227
1217	2223227
1218	2224227
1219	2225227
1220	2226227
1221	2227227
1222	2228227
1223	2229227
1224	2230227
1225	2231227
1226	2232227
1227	2233227
1228	2234227
1229	2235227
1230	2236227
1231	2237227
1232	2238227
1233	2239227
1234	2240227
1235	2241227
1236	2242227
1237	2243227
1238	2244227
1239	2245227
1240	2246227
1241	2247227
1242	2248227
1243	2249227
1244	2250227
1245	2251227
1246	2252227
1247	2253227
1248	2254227
1249	2255227
1250	2256227
1251	2257227
1252	2258227
1253	2259227
1254	2260227
1255	2261227
1256	2262227
1257	2263227
1258	2264227
1259	2265227
1260	2266227
1261	2267227
1262	2268227
1263	2269227
1264	2270227
1265	2271227
1266	2272227
1267	2273227
1268	2274227
1269	2275227
1270	2276227
1271	2277227
1272	2278227
1273	2279227
1274	2280227
1275	2281227
1276	2282227
1277	2283227
1278	2284227
1279	2285227
1280	2286227
1281	2287227
1282	2288227
1283	2289227
1284	2290226
1285	2291227
1286	2292227
1287	2293227
1288	2294227
1289	2295227
1290	2296227
1291	2297227
1292	2298227
1293	2299227
1294	2300227
1295	2301227
1296	2302227
1297	2303225
1298	2304227
1299	2305227
1300	2306227
1301	2307227
1302	2308227
1303	2309227
1304	2310227
1305	2311227
1306	2312227
1307	2313227
1308	2314227
1309	2315227
1310	2316227
1311	2317227
1312	2318227
1313	2319227
1314	2320227
1315	2321227
1316	2322227
1317	2323227
1318	2324227
1319	2325227
1320	2326227
1321	2327227
1322	2328227
1323	2329227
1324	2330227
1325	2331227
1326	2332227
1327	2333227
1328	2334227
1329	2335227
1330	2336227
1331	2337227
1332	2338227
1333	2339227
1334	2340227
1335	2341227
1336	2342227
1337	2343227
1338	2344227
1339	2345227
1340	2346227
1341	2347227
1342	2348227
1343	2349227
1344	2350227
1345	2351227
1346	2352227
1347	2353227
1348	2354227
1349	2355227
1350	2356227
1351	2357227
1352	2358227
1353	2359227
1354	2360227
1355	2361227
1356	2362227
1357	2363227
1358	2364227
1359	2365227
1360	2366227
1361	2367227
1362	2368227
1363	2369227
1364	2370226
1365	2371227
1366	2372227
1367	2373227
1368	2374227
1369	2375227
1370	2376227
1371	2377227
1372	2378227
1373	2379227
1374	2380227
1375	2381227
1376	2382227
1377	2383227
1378	2384227
1379	2385227
1380	2386227
1381	2387227
1382	2388227
1383	2389227
1384	2390227
1385	2391227
1386	2392227
1387	2393227
1388	2394227
1389	2395227
1390	2396227
1391	2397227
1392	2398227
1393	2399227
1394	2400227
1395	2401227
1396	2402227
1397	2403227
1398	2404227
1399	2405227
1400	2406227
1401	2407227
1402	2408227
1403	2409227
1404	2410227
1405	2411227
1406	2412227
1407	2413227
1408	2414227
1409	2415227
1410	2416227
1411	2417227
1412	2418227
1413	2419227
1414	2420227
1415	2421227
1416	2422227
1417	2423227
1418	2424227
1419	2425227
1420	2426227
1421	2427227
1422	2428227
1423	2429227
1424	2430227
1425	2431227
1426	2432227
1427	2433227
1428	2434227
1429	2435227
1430	2436227
1431	2437227
1432	2438227
1433	2439227
1434	2440227
1435	2441227
1436	2442227
1437	2443227
1438	2444227
1439	2445227
1440	2446227
1441	2447227
1442	2448227
1443	2449227
1444	2450227
1445	2451227
1446	2452227
1447	2453227
1448	2454227
1449	2455227
1450	2456227
1451	2457227
1452	2458227
1453	2459227
1454	2460227
1455	2461227
1456	2462227
1457	2463227
1458	2464227
1459	2465227
1460	2466227
1461	2467227
1462	2468227
1463	2469227
1464	2470227
1465	2471227
1466	2472227
1467	2473227
1468	2474227
1469	2475227
1470	2476227
1471	2477227
1472	2478227
1473	2479227
1474	2480227
1475	2481227
1476	2482227
1477	2483227
1478	2484227
1479	2485227
1480	2486227
1481	2487227
1482	2488227
1483	2489227
1484	2490227
1485	2491227
1486	2492227
1487	2493227
1488	2494227
1489	2495227
1490	2496227
1491	2497227
1492	2498227
1493	2499227
1494	2500227
1495	2501227
1496	2502227
1497	2503227
1498	2504227
1499	2505227
1500	2506227
1501	2507227
1502	2508227
1503	2509227
1504	2510227
1505	2511227
1506	2512227
1507	2513227
1508	2514227
1509	2515227
1510	2516227
1511	2517227
1512	2518227
1513	2519227
1514	2520227
1515	2521227
1516	2522227
1517	2523227
1518	2524227
1519	2525227
1520	2526227
1521	2527227
1522	2528227
1523	2529227
1524	2530227
1525	2531227
1526	2532227
1527	2533227
1528	2534227
1529	2535227
1530	2536227
1531	2537227
1532	2538227
1533	2539227
1534	2540227
1535	2541227
1536	2542227
1537	2543227
1538	2544227
1539	2545227
1540	2546227
1541	2547227
1542	2548227
1543	2549227
1544	2550227
1545	2551227
1546	2552227
1547	2553227
1548	2554227
1549	2555227
1550	2556227
1551	2557227
1552	2558227
1553	2559225
1554	2560227
1555	2561227
1556	2562227
1557	2563227
1558	2564227
1559	2565227
1560	2566227
1561	2567227
1562	2568227
1563	2569227
1564	2570227
1565	2571227
1566	2572227
1567	2573227
1568	2574227
1569	2575227
1570	2576227
1571	2577227
1572	2578227
1573	2579227
1574	2580227
1575	2581227
1576	2582227
1577	2583227
1578	2584227
1579	2585227
1580	2586227
1581	2587227
1582	2588227
1583	2589227
1584	2590227
1585	2591227
1586	2592227
1587	2593227
1588	2594227
1589	2595227
1590	2596227
1591	2597227
1592	2598227
1593	2599227
1594	2600227
1595	2601227
1596	2602227
1597	2603227
1598	2604227
1599	2605227
1600	2606227
1601	2607227
1602	2608227
1603	2609227
1604	2610227
1605	2611227
1606	2612227
1607	2613227
1608	2614227
1609	2615227
1610	2616227
1611	2617227
1612	2618227
1613	2619227
1614	2620227
1615	2621227
1616	2622227
1617	2623227
1618	2624227
1619	2625227
1620	2626226
1621	2627227
1622	2628227
1623	2629227
1624	2630227
1625	2631227
1626	2632227
1627	2633227
1628	2634227
1629	2635227
1630	2636227
1631	2637227
1632	2638227
1633	2639227
1634	2640227
1635	2641227
1636	2642227
1637	2643227
1638	2644227
1639	2645227
1640	2646227
1641	2647227
1642	2648227
1643	2649227
1644	2650227
1645	2651227
1646	2652227
1647	2653227
1648	2654227
1649	2655227
1650	2656227
1651	2657227
1652	2658227
1653	2659227
1654	2660227
1655	2661227
1656	2662227
1657	2663227
1658	2664227
1659	2665227
1660	2666227
1661	2667227
1662	2668227
1663	2669227
1664	2670227
1665	2671227
1666	2672227
1667	2673227
1668	2674227
1669	2675227
1670	2676227
1671	2677227
1672	2678227
1673	2679227
1674	2680227
1675	2681227
1676	2682227
1677	2683227
1678	2684227
1679	2685227
1680	2686227
1681	2687227
1682	2688227
1683	2689227
1684	2690227
1685	2691227
1686	2692227
1687	2693227
1688	2694227
1689	2695227
1690	2696227
1691	2697227
1692	2698227
1693	2699227
1694	2700227
1695	2701227
1696	2702227
1697	2703227
1698	2704227
1699	2705227
1700	2706227
1701	2707227
1702	2708227
1703	2709227
1704	2710227
1705	2711227
1706	2712227
1707	2713227
1708	2714227
1709	2715227
1710	2716227
1711	2717227
1712	2718227
1713	2719227
1714	2720227
1715	2721227
1716	2722227
1717	2723227
1718	2724227
1719	2725227
1720	2726227
1721	2727227
1722	2728227
1723	2729227
1724	2730227
1725	2731227
1726	2732227
1727	2733227
1728	2734227
1729	2735227
1730	2736227
1731	2737227
1732	2738227
1733	2739227
1734	2740227
1735	2741227
1736	2742227
1737	2743227
1738	2744227
1739	2745227
1740	2746227
1741	2747227
1742	2748227
1743	2749227
1744	2750227
1745	2751227
1746	2752227
1747	2753227
1748	2754227
1749	2755227
1750	2756227
1751	2757227
1752	2758227
1753	2759227
1754	2760227
1755	2761227
1756	2762227
1757	2763227
1758	2764227
1759	2765227
1760	2766227
1761	2767227
1762	2768227
1763	2769227
1764	2770227
1765	2771227
1766	2772227
1767	2773227
1768	2774227
1769	2775227
1770	2776227
1771	2777227
1772	2778227
1773	2779227
1774	2780227
1775	2781227
1776	2782227
1777	2783227
1778	2784227
1779	2785227
1780	2786227
1781	2787227
1782	2788227
1783	2789227
1784	2790227
1785	2791227
1786	2792227
1787	2793227
1788	2794227
1789	2795227
1790	2796227
1791	2797227
1792	2798227
1793	2799227
1794	2800227
1795	2801227
1796	2802227
1797	2803227
1798	2804227
1799	2805227
1800	2806227
1801	2807227
1802	2808227
1803	2809227
1804	2810227
1805	2811227
1806	2812227
1807	2813227
1808	2814227
1809	2815225
1810	2816227
1811	2817227
1812	2818227
1813	2819227
1814	2820227
1815	2821227
1816	2822227
1817	2823227
1818	2824227
1819	2825227
1820	2826227
1821	2827227
1822	2828227
1823	2829227
1824	2830227
1825	2831227
1826	2832227
1827	2833227
1828	2834227
1829	2835227
1830	2836227
1831	2837227
1832	2838227
1833	2839227
1834	2840227
1835	2841227
1836	2842227
1837	2843227
1838	2844227
1839	2845227
1840	2846227
1841	2847227
1842	2848227
1843	2849227
1844	2850227
1845	2851227
1846	2852227
1847	2853227
1848	2854227
1849	2855227
1850	2856227
1851	2857227
1852	2858226
1853	2859227
1854	2860227
1855	2861227
1856	2862227
1857	2863227
1858	2864227
1859	2865227
1860	2866227
1861	2867227
1862	2868227
1863	2869227
1864	2870227
1865	2871227
1866	2872227
1867	2873227
1868	2874227
1869	2875227
1870	2876227
1871	2877227
1872	2878227
1873	2879227
1874	2880227
1875	2881227
1876	2882226
1877	2883227
1878	2884227
1879	2885227
1880	2886227
1881	2887227
1882	2888227
1883	2889227
1884	2890227
1885	2891227
1886	2892227
1887	2893227
1888	2894227
1889	2895227
1890	2896227
1891	2897227
1892	2898227
1893	2899227
1894	2900227
1895	2901227
1896	2902227
1897	2903227
1898	2904227
1899	2905227
1900	2906227
1901	2907227
1902	2908227
1903	2909227
1904	2910227
1905	2911227
1906	2912227
1907	2913227
1908	2914227
1909	2915227
1910	2916227
1911	2917227
1912	2918227
1913	2919227
1914	2920227
1915	2921227
1916	2922227
1917	2923227
1918	2924227
1919	2925227
1920	2926227
1921	2927227
1922	2928227
1923	2929227
1924	2930227
1925	2931227
1926	2932227
1927	2933227
1928	2934227
1929	2935227
1930	2936227
1931	2937227
1932	2938227
1933	2939227
1934	2940227
1935	2941227
1936	2942227
1937	2943227
1938	2944227
1939	2945227
1940	2946227
1941	2947227
1942	2948227
1943	2949227
1944	2950227
1945	2951227
1946	2952227
1947	2953227
1948	2954227
1949	2955227
1950	2956227
1951	2957227
1952	2958227
1953	2959227
1954	2960227
1955	2961227
1956	2962227
1957	2963227
1958	2964227
1959	2965227
1960	2966227
1961	2967227
1962	2968227
1963	2969227
1964	2970227
1965	2971227
1966	2972227
1967	2973227
1968	2974227
1969	2975227
1970	2976227
1971	2977227
1972	2978227
1973	2979227
1974	2980227
1975	2981227
1976	2982227
1977	2983227
1978	2984227
1979	2985227
1980	2986227
1981	2987227
1982	2988227
1983	2989227
1984	2990227
1985	2991227
1986	2992227
1987	2993227
1988	2994227
1989	2995227
1990	2996227
1991	2997227
1992	2998227
1993	2999227
1994	3000227
1995	3001227
1996	3002227
1997	3003227
1998	3004227
1999	3005227
2000	3006227
2001	3007227
2002	3008227
2003	3009227
2004	3010227
2005	3011227
2006	3012227
2007	3013227
2008	3014227
2009	3015227
2010	3016227
2011	3017227
2012	3018227
2013	3019227
2014	3020227
2015	3021227
2016	3022227
2017	3023227
2018	3024227
2019	3025227
2020	3026227
2021	3027227
2022	3028227
2023	3029227
2024	3030227
2025	3031227
2026	3032227
2027	3033227
2028	3034227
2029	3035227
2030	3036227
2031	3037227
2032	3038227
2033	3039227
2034	3040227
2035	3041227
2036	3042227
2037	3043227
2038	3044227
2039	3045227
2040	3046227
2041	3047227
2042	3048227
2043	3049227
2044	3050227
2045	3051227
2046	3052227
2047	3053227
2048	3054227
2049	3055227
2050	3056227
2051	3057227
2052	3058227
2053	3059227
2054	3060227
2055	3061227
2056	3062227
2057	3063227
2058	3064227
2059	3065227
2060	3066227
2061	3067227
2062	3068227
2063	3069227
2064	3070227
2065	3071225
2066	3072227
2067	3073227
2068	3074227
2069	3075227
2070	3076227
2071	3077227
2072	3078227
2073	3079227
2074	3080227
2075	3081227
2076	3082227
2077	3083227
2078	3084227
2079	3085227
2080	3086227
2081	3087227
2082	3088227
2083	3089227
2084	3090227
2085	3091227
2086	3092227
2087	3093227
2088	3094227
2089	3095227
2090	3096227
2091	3097227
2092	3098227
2093	3099227
2094	3100227
2095	3101227
2096	3102227
2097	3103227
2098	3104227
2099	3105227
2100	3106227
2101	3107227
2102	3108227
2103	3109227
2104	3110227
2105	3111227
2106	3112227
2107	3113227
2108	3114227
2109	3115227
2110	3116227
2111	3117227
2112	3118227
2113	3119227
2114	3120227
2115	3121227
2116	3122227
2117	3123227
2118	3124227
2119	3125227
2120	3126227
2121	3127227
2122	3128227
2123	3129227
2124	3130227
2125	3131227
2126	3132227
2127	3133227
2128	3134227
2129	3135227
2130	3136227
2131	3137227
2132	3138226
2133	3139227
2134	3140227
2135	3141227
2136	3142227
2137	3143227
2138	3144227
2139	3145227
2140	3146227
2141	3147227
2142	3148227
2143	3149227
2144	3150227
2145	3151227
2146	3152227
2147	3153227
2148	3154227
2149	3155227
2150	3156227
2151	3157227
2152	3158227
2153	3159227
2154	3160227
2155	3161227
2156	3162227
2157	3163227
2158	3164227
2159	3165227
2160	3166227
2161	3167227
2162	3168227
2163	3169227
2164	3170227
2165	3171227
2166	3172227
2167	3173227
2168	3174227
2169	3175227
2170	3176227
2171	3177227
2172	3178227
2173	3179227
2174	3180227
2175	3181227
2176	3182227
2177	3183227
2178	3184227
2179	3185227
2180	3186227
2181	3187227
2182	3188227
2183	3189227
2184	3190227
2185	3191227
2186	3192227
2187	3193227
2188	3194227
2189	3195227
2190	3196227
2191	3197227
2192	3198227
2193	3199227
2194	3200227
2195	3201227
2196	3202227
2197	3203227
2198	3204227
2199	3205227
2200	3206227
2201	3207227
2202	3208227
2203	3209227
2204	3210227
2205	3211227
2206	3212227
2207	3213227
2208	3214227
2209	3215227
2210	3216227
2211	3217227
2212	3218227
2213	3219227
2214	3220227
2215	3221227
2216	3222227
2217	3223227
2218	3224227
2219	3225227
2220	3226227
2221	3227227
2222	3228227
2223	3229227
2224	3230227
2225	3231227
2226	3232227
2227	3233227
2228	3234227
2229	3235227
2230	3236227
2231	3237227
2232	3238227
2233	3239227
2234	3240227
2235	3241227
2236	3242227
2237	3243227
2238	3244227
2239	3245227
2240	3246227
2241	3247227
2242	3248227
2243	3249227
2244	3250227
2245	3251227
2246	3252227
2247	3253227
2248	3254227
2249	3255227
2250	3256227
2251	3257227
2252	3258227
2253	3259227
2254	3260227
2255	3261227
2256	3262227
2257	3263227
2258	3264227
2259	3265227
2260	3266227
2261	3267227
2262	3268227
2263	3269227
2264	3270227
2265	3271227
2266	3272227
2267	3273227
2268	3274227
2269	3275227
2270	3276227
2271	3277227
2272	3278227
2273	3279227
2274	3280227
2275	3281227
2276	3282227
2277	3283227
2278	3284227
2279	3285227
2280	3286227
2281	3287227
2282	3288227
2283	3289227
2284	3290227
2285	3291227
2286	3292227
2287	3293227
2288	3294227
2289	3295227
2290	3296227
2291	3297227
2292	3298227
2293	3299227
2294	3300227
2295	3301227
2296	3302227
2297	3303227
2298	3304227
2299	3305227
2300	3306227
2301	3307227
2302	3308227
2303	3309227
2304	3310227
2305	3311227
2306	3312227
2307	3313227
2308	3314227
2309	3315227
2310	3316227
2311	3317227
2312	3318227
2313	3319227
2314	3320227
2315	3321227
2316	3322227
2317	3323227
2318	3324227
2319	3325227
2320	3326227
2321	3327225
2322	3328227
2323	3329227
2324	3330227
2325	3331227
2326	3332227
2327	3333227
2328	3334227
2329	3335227
2330	3336227
2331	3337227
2332	3338227
2333	3339227
2334	3340227
2335	3341227
2336	3342227
2337	3343227
2338	3344227
2339	3345227
2340	3346227
2341	3347227
2342	3348227
2343	3349227
2344	3350227
2345	3351227
2346	3352227
2347	3353227
2348	3354227
2349	3355227
2350	3356227
2351	3357227
2352	3358227
2353	3359227
2354	3360227
2355	3361227
2356	3362227
2357	3363227
2358	3364227
2359	3365227
2360	3366227
2361	3367227
2362	3368227
2363	3369227
2364	3370227
2365	3371227
2366	3372227
2367	3373227
2368	3374227
2369	3375227
2370	3376227
2371	3377227
2372	3378227
2373	3379227
2374	3380227
2375	3381227
2376	3382227
2377	3383227
2378	3384227
2379	3385227
2380	3386227
2381	3387227
2382	3388227
2383	3389227
2384	3390227
2385	3391227
2386	3392227
2387	3393227
2388	3394226
2389	3395227
2390	3396227
2391	3397227
2392	3398227
2393	3399227
2394	3400227
2395	3401227
2396	3402227
2397	3403227
2398	3404227
2399	3405227
2400	3406227
2401	3407227
2402	3408227
2403	3409227
2404	3410227
2405	3411227
2406	3412227
2407	3413227
2408	3414227
2409	3415227
2410	3416227
2411	3417227
2412	3418227
2413	3419227
2414	3420227
2415	3421227
2416	3422227
2417	3423227
2418	3424227
2419	3425227
2420	3426227
2421	3427227
2422	3428227
2423	3429227
2424	3430227
2425	3431227
2426	3432227
2427	3433227
2428	3434227
2429	3435227
2430	3436227
2431	3437227
2432	3438227
2433	3439227
2434	3440227
2435	3441227
2436	3442227
2437	3443227
2438	3444227
2439	3445227
2440	3446227
2441	3447227
2442	3448227
2443	3449227
2444	3450227
2445	3451227
2446	3452227
2447	3453227
2448	3454227
2449	3455227
2450	3456227
2451	3457227
2452	3458227
2453	3459227
2454	3460227
2455	3461227
2456	3462227
2457	3463227
2458	3464227
2459	3465227
2460	3466227
2461	3467227
2462	3468227
2463	3469227
2464	3470227
2465	3471227
2466	3472227
2467	3473227
2468	3474227
2469	3475227
2470	3476227
2471	3477227
2472	3478227
2473	3479227
2474	3480227
2475	3481227
2476	3482227
2477	3483227
2478	3484227
2479	3485227
2480	3486227
2481	3487227
2482	3488227
2483	3489227
2484	3490227
2485	3491227
2486	3492227
2487	3493227
2488	3494227
2489	3495227
2490	3496227
2491	3497227
2492	3498227
2493	3499227
2494	3500227
2495	3501227
2496	3502227
2497	3503227
2498	3504227
2499	3505227
2500	3506227
2501	3507227
2502	3508227
2503	3509227
2504	3510227
2505	3511227
2506	3512227
2507	3513227
2508	3514227
2509	3515227
2510	3516227
2511	3517227
2512	3518227
2513	3519227
2514	3520227
2515	3521227
2516	3522227
2517	3523227
2518	3524227
2519	3525227
2520	3526227
2521	3527227
2522	3528227
2523	3529227
2524	3530227
2525	3531227
2526	3532227
2527	3533227
2528	3534227
2529	3535227
2530	3536227
2531	3537227
2532	3538227
2533	3539227
2534	3540227
2535	3541227
2536	3542227
2537	3543227
2538	3544227
2539	3545227
2540	3546227
2541	3547227
2542	3548227
2543	3549227
2544	3550227
2545	3551227
2546	3552227
2547	3553227
2548	3554227
2549	3555227
2550	3556227
2551	3557227
2552	3558227
2553	3559227
2554	3560227
2555	3561227
2556	3562227
2557	3563227
2558	3564227
2559	3565227
2560	3566227
2561	3567226
2562	3568227
2563	3569227
2564	3570227
2565	3571227
2566	3572227
2567	3573227
2568	3574227
2569	3575227
2570	3576227
2571	3577227
2572	3578227
2573	3579227
2574	3580227
2575	3581227
2576	3582227
2577	3583225
2578	3584227
2579	3585227
2580	3586227
2581	3587227
2582	3588227
2583	3589227
2584	3590227
2585	3591227
2586	3592227
2587	3593227
2588	3594227
2589	3595227
2590	3596227
2591	3597227
2592	3598227
2593	3599227
2594	3600227
2595	3601227
2596	3602227
2597	3603227
2598	3604227
2599	3605227
2600	3606227
2601	3607227
2602	3608227
2603	3609227
2604	3610227
2605	3611227
2606	3612227
2607	3613227
2608	3614227
2609	3615227
2610	3616227
2611	3617227
2612	3618227
2613	3619227
2614	3620227
2615	3621227
2616	3622227
2617	3623227
2618	3624227
2619	3625227
2620	3626227
2621	3627227
2622	3628227
2623	3629227
2624	3630227
2625	3631227
2626	3632227
2627	3633227
2628	3634227
2629	3635227
2630	3636227
2631	3637227
2632	3638227
2633	3639227
2634	3640227
2635	3641227
2636	3642227
2637	3643227
2638	3644227
2639	3645227
2640	3646227
2641	3647227
2642	3648227
2643	3649227
2644	3650225
2645	3651227
2646	3652227
2647	3653227
2648	3654227
2649	3655227
2650	3656227
2651	3657227
2652	3658227
2653	3659227
2654	3660227
2655	3661227
2656	3662227
2657	3663227
2658	3664227
2659	3665227
2660	3666227
2661	3667227
2662	3668227
2663	3669227
2664	3670227
2665	3671227
2666	3672227
2667	3673227
2668	3674227
2669	3675227
2670	3676227
2671	3677227
2672	3678227
2673	3679227
2674	3680227
2675	3681227
2676	3682227
2677	3683227
2678	3684227
2679	3685227
2680	3686227
2681	3687227
2682	3688227
2683	3689227
2684	3690227
2685	3691227
2686	3692227
2687	3693227
2688	3694227
2689	3695227
2690	3696227
2691	3697227
2692	3698227
2693	3699227
2694	3700227
2695	3701227
2696	3702227
2697	3703227
2698	3704227
2699	3705227
2700	3706227
2701	3707227
2702	3708227
2703	3709227
2704	3710227
2705	3711227
2706	3712227
2707	3713227
2708	3714227
2709	3715227
2710	3716227
2711	3717227
2712	3718227
2713	3719227
2714	3720227
2715	3721227
2716	3722227
2717	3723227
2718	3724227
2719	3725227
2720	3726227
2721	3727227
2722	3728227
2723	3729227
2724	3730227
2725	3731227
2726	3732227
2727	3733227
2728	3734227
2729	3735227
2730	3736227
2731	3737227
2732	3738227
2733	3739227
2734	3740227
2735	3741227
2736	3742227
2737	3743227
2738	3744227
2739	3745227
2740	3746227
2741	3747227
2742	3748227
2743	3749227
2744	3750227
2745	3751227
2746	3752227
2747	3753227
2748	3754227
2749	3755227
2750	3756227
2751	3757227
2752	3758227
2753	3759227
2754	3760227
2755	3761227
2756	3762227
2757	3763227
2758	3764227
2759	3765227
2760	3766227
2761	3767227
2762	3768227
2763	3769227
2764	3770227
2765	3771227
2766	3772227
2767	3773227
2768	3774227
2769	3775227
2770	3776227
2771	3777227
2772	3778227
2773	3779227
2774	3780227
2775	3781227
2776	3782227
2777	3783227
2778	3784227
2779	3785227
2780	3786227
2781	3787227
2782	3788227
2783	3789227
2784	3790227
2785	3791227
2786	3792227
2787	3793227
2788	3794227
2789	3795227
2790	3796227
2791	3797227
2792	3798227
2793	3799227
2794	3800227
2795	3801227
2796	3802227
2797	3803227
2798	3804227
2799	3805227
2800	3806231
2801	3807227
2802	3808227
2803	3809227
2804	3810227
2805	3811227
2806	3812227
2807	3813227
2808	3814227
2809	3815227
2810	3816227
2811	3817227
2812	3818227
2813	3819227
2814	3820227
2815	3821227
2816	3822227
2817	3823227
2818	3824227
2819	3825227
2820	3826227
2821	3827227
2822	3828227
2823	3829227
2824	3830227
2825	3831227
2826	3832227
2827	3833227
2828	3834227
2829	3835227
2830	3836227
2831	3837227
2832	3838227
2833	3839225
2834	3840227
2835	3841227
2836	3842227
2837	3843227
2838	3844227
2839	3845227
2840	3846227
2841	3847227
2842	3848227
2843	3849227
2844	3850227
2845	3851227
2846	3852227
2847	3853227
2848	3854227
2849	3855227
2850	3856227
2851	3857227
2852	3858227
2853	3859227
2854	3860227
2855	3861227
2856	3862227
2857	3863227
2858	3864227
2859	3865227
2860	3866227
2861	3867227
2862	3868227
2863	3869227
2864	3870227
2865	3871227
2866	3872227
2867	3873227
2868	3874227
2869	3875227
2870	3876227
2871	3877227
2872	3878227
2873	3879227
2874	3880227
2875	3881227
2876	3882227
2877	3883227
2878	3884227
2879	3885227
2880	3886227
2881	3887227
2882	3888227
2883	3889227
2884	3890227
2885	3891227
2886	3892227
2887	3893227
2888	3894227
2889	3895227
2890	3896227
2891	3897227
2892	3898227
2893	3899227
2894	3900227
2895	3901227
2896	3902227
2897	3903227
2898	3904227
2899	3905227
2900	3906226
2901	3907227
2902	3908227
2903	3909227
2904	3910227
2905	3911227
2906	3912227
2907	3913227
2908	3914227
2909	3915227
2910	3916227
2911	3917227
2912	3918227
2913	3919227
2914	3920227
2915	3921227
2916	3922227
2917	3923227
2918	3924227
2919	3925227
2920	3926227
2921	3927227
2922	3928227
2923	3929227
2924	3930227
2925	3931227
2926	3932227
2927	3933227
2928	3934227
2929	3935227
2930	3936227
2931	3937227
2932	3938227
2933	3939227
2934	3940227
2935	3941227
2936	3942227
2937	3943227
2938	3944227
2939	3945227
2940	3946227
2941	3947227
2942	3948227
2943	3949227
2944	3950227
2945	3951227
2946	3952227
2947	3953227
2948	3954227
2949	3955227
2950	3956227
2951	3957227
2952	3958227
2953	3959227
2954	3960227
2955	3961227
2956	3962227
2957	3963227
2958	3964227
2959	3965227
2960	3966227
2961	3967227
2962	3968227
2963	3969227
2964	3970227
2965	3971227
2966	3972227
2967	3973227
2968	3974227
2969	3975227
2970	3976227
2971	3977227
2972	3978227
2973	3979227
2974	3980227
2975	3981227
2976	3982227
2977	3983227
2978	3984227
2979	3985227
2980	3986227
2981	3987227
2982	3988227
2983	3989227
2984	3990227
2985	3991227
2986	3992227
2987	3993227
2988	3994227
2989	3995227
2990	3996227
2991	3997227
2992	3998227
2993	3999227
2994	4000227
2995	4001227
2996	4002227
2997	4003227
2998	4004227
2999	4005227
3000	4006227
3001	4007227
3002	4008227
3003	4009227
3004	4010227
3005	4011227
3006	4012227
3007	4013227
3008	4014227
3009	4015227
3010	4016227
3011	4017227
3012	4018227
3013	4019227
3014	4020227
3015	4021227
3016	4022227
3017	4023227
3018	4024227
3019	4025227
3020	4026227
3021	4027227
3022	4028227
3023	4029227
3024	4030227
3025	4031227
3026	4032227
3027	4033227
3028	4034227
3029	4035227
3030	4036227
3031	4037227
3032	4038227
3033	4039227
3034	4040227
3035	4041227
3036	4042227
3037	4043227
3038	4044227
3039	4045227
3040	4046227
3041	4047227
3042	4048227
3043	4049227
3044	4050227
3045	4051227
3046	4052227
3047	4053227
3048	4054227
3049	4055227
3050	4056227
3051	4057227
3052	4058227
3053	4059227
3054	4060227
3055	4061227
3056	4062227
3057	4063227
3058	4064227
3059	4065227
3060	4066227
3061	4067227
3062	4068227
3063	4069227
3064	4070227
3065	4071227
3066	4072227
3067	4073227
3068	4074227
3069	4075227
3070	4076227
3071	4077227
3072	4078227
3073	4079227
3074	4080227
3075	4081227
3076	4082227
3077	4083227
3078	4084227
3079	4085227
3080	4086227
3081	4087227
3082	4088227
3083	4089227
3084	4090227
3085	4091227
3086	4092227
3087	4093227
3088	4094227
3089	4095225
3090	4096227
3091	4097227
3092	4098227
3093	4099227
3094	4100227
3095	4101227
3096	4102227
3097	4103227
3098	4104227
3099	4105227
3100	4106227
3101	4107227
3102	4108227
3103	4109227
3104	4110227
3105	4111227
3106	4112227
3107	4113227
3108	4114227
3109	4115227
3110	4116227
3111	4117227
3112	4118227
3113	4119227
3114	4120227
3115	4121227
3116	4122227
3117	4123227
3118	4124227
3119	4125227
3120	4126227
3121	4127227
3122	4128227
3123	4129227
3124	4130227
3125	4131227
3126	4132227
3127	4133227
3128	4134227
3129	4135227
3130	4136227
3131	4137227
3132	4138227
3133	4139227
3134	4140227
3135	4141227
3136	4142227
3137	4143227
3138	4144227
3139	4145227
3140	4146227
3141	4147227
3142	4148227
3143	4149227
3144	4150227
3145	4151227
3146	4152227
3147	4153227
3148	4154227
3149	4155227
3150	4156227
3151	4157227
3152	4158227
3153	4159227
3154	4160227
3155	4161227
3156	4162226
3157	4163227
3158	4164227
3159	4165227
3160	4166227
3161	4167227
3162	4168227
3163	4169227
3164	4170227
3165	4171227
3166	4172227
3167	4173227
3168	4174227
3169	4175227
3170	4176227
3171	4177227
3172	4178227
3173	4179227
3174	4180227
3175	4181227
3176	4182227
3177	4183227
3178	4184227
3179	4185227
3180	4186227
3181	4187227
3182	4188227
3183	4189227
3184	4190227
3185	4191227
3186	4192227
3187	4193227
3188	4194227
3189	4195227
3190	4196227
3191	4197227
3192	4198227
3193	4199227
3194	4200227
3195	4201227
3196	4202227
3197	4203227
3198	4204227
3199	4205227
3200	4206227
3201	4207227
3202	4208227
3203	4209227
3204	4210227
3205	4211227
3206	4212227
3207	4213227
3208	4214227
3209	4215227
3210	4216227
3211	4217227
3212	4218227
3213	4219227
3214	4220227
3215	4221227
3216	4222227
3217	4223227
3218	4224227
3219	4225227
3220	4226227
3221	4227227
3222	4228227
3223	4229227
3224	4230227
3225	4231227
3226	4232227
3227	4233227
3228	4234227
3229	4235227
3230	4236227
3231	4237227
3232	4238227
3233	4239227
3234	4240227
3235	4241227
3236	4242227
3237	4243227
3238	4244227
3239	4245227
3240	4246227
3241	4247227
3242	4248227
3243	4249227
3244	4250227
3245	4251227
3246	4252227
3247	4253227
3248	4254227
3249	4255227
3250	4256227
3251	4257227
3252	4258227
3253	4259227
3254	4260227
3255	4261227
3256	4262227
3257	4263227
3258	4264227
3259	4265227
3260	4266227
3261	4267227
3262	4268226
3263	4269226
3264	4270226
3265	4271226
3266	4272226
3267	4273226
3268	4274226
3269	4275226
3270	4276226
3271	4277226
3272	4278226
3273	4279226
3274	4280226
3275	4281226
3276	4282226
3277	4283226
3278	4284226
3279	4285227
3280	4286227
3281	4287227
3282	4288227
3283	4289227
3284	4290227
3285	4291227
3286	4292227
3287	4293227
3288	4294227
3289	4295227
3290	4296227
3291	4297227
3292	4298227
3293	4299227
3294	4300227
3295	4301227
3296	4302227
3297	4303227
3298	4304227
3299	4305227
3300	4306227
3301	4307227
3302	4308227
3303	4309227
3304	4310227
3305	4311227
3306	4312227
3307	4313227
3308	4314227
3309	4315227
3310	4316227
3311	4317227
3312	4318227
3313	4319227
3314	4320227
3315	4321227
3316	4322227
3317	4323227
3318	4324227
3319	4325227
3320	4326227
3321	4327227
3322	4328227
3323	4329227
3324	4330227
3325	4331227
3326	4332227
3327	4333227
3328	4334227
3329	4335227
3330	4336227
3331	4337227
3332	4338226
3333	4339227
3334	4340227
3335	4341227
3336	4342227
3337	4343227
3338	4344227
3339	4345227
3340	4346227
3341	4347227
3342	4348227
3343	4349227
3344	4350227
3345	4351225
3346	4352227
3347	4353227
3348	4354227
3349	4355227
3350	4356227
3351	4357227
3352	4358227
3353	4359227
3354	4360227
3355	4361227
3356	4362227
3357	4363227
3358	4364227
3359	4365227
3360	4366227
3361	4367227
3362	4368227
3363	4369227
3364	4370227
3365	4371227
3366	4372227
3367	4373227
3368	4374227
3369	4375227
3370	4376227
3371	4377227
3372	4378227
3373	4379227
3374	4380227
3375	4381227
3376	4382227
3377	4383227
3378	4384227
3379	4385227
3380	4386227
3381	4387227
3382	4388227
3383	4389227
3384	4390227
3385	4391227
3386	4392227
3387	4393227
3388	4394227
3389	4395227
3390	4396227
3391	4397227
3392	4398227
3393	4399227
3394	4400227
3395	4401227
3396	4402227
3397	4403227
3398	4404227
3399	4405227
3400	4406227
3401	4407227
3402	4408227
3403	4409227
3404	4410227
3405	4411227
3406	4412227
3407	4413227
3408	4414227
3409	4415227
3410	4416227
3411	4417227
3412	4418227
3413	4419227
3414	4420227
3415	4421227
3416	4422227
3417	4423227
3418	4424227
3419	4425227
3420	4426227
3421	4427227
3422	4428227
3423	4429227
3424	4430227
3425	4431227
3426	4432227
3427	4433227
3428	4434227
3429	4435227
3430	4436227
3431	4437227
3432	4438227
3433	4439227
3434	4440227
3435	4441227
3436	4442227
3437	4443227
3438	4444227
3439	4445227
3440	4446227
3441	4447227
3442	4448227
3443	4449227
3444	4450227
3445	4451227
3446	4452227
3447	4453227
3448	4454227
3449	4455227
3450	4456227
3451	4457227
3452	4458227
3453	4459227
3454	4460227
3455	4461227
3456	4462227
3457	4463227
3458	4464227
3459	4465227
3460	4466227
3461	4467227
3462	4468227
3463	4469227
3464	4470227
3465	4471227
3466	4472227
3467	4473227
3468	4474227
3469	4475227
3470	4476227
3471	4477227
3472	4478227
3473	4479227
3474	4480227
3475	4481227
3476	4482227
3477	4483227
3478	4484227
3479	4485227
3480	4486227
3481	4487227
3482	4488227
3483	4489227
3484	4490227
3485	4491227
3486	4492227
3487	4493227
3488	4494227
3489	4495227
3490	4496227
3491	4497227
3492	4498227
3493	4499227
3494	4500227
3495	4501227
3496	4502227
3497	4503227
3498	4504227
3499	4505227
3500	4506227
3501	4507227
3502	4508227
3503	4509227
3504	4510227
3505	4511227
3506	4512227
3507	4513227
3508	4514227
3509	4515227
3510	4516227
3511	4517227
3512	4518227
3513	4519227
3514	4520227
3515	4521227
3516	4522227
3517	4523227
3518	4524227
3519	4525227
3520	4526227
3521	4527227
3522	4528227
3523	4529227
3524	4530227
3525	4531227
3526	4532227
3527	4533227
3528	4534227
3529	4535227
3530	4536227
3531	4537227
3532	4538227
3533	4539227
3534	4540227
3535	4541227
3536	4542227
3537	4543227
3538	4544227
3539	4545227
3540	4546227
3541	4547227
3542	4548227
3543	4549227
3544	4550227
3545	4551227
3546	4552227
3547	4553227
3548	4554227
3549	4555227
3550	4556227
3551	4557227
3552	4558227
3553	4559227
3554	4560227
3555	4561227
3556	4562227
3557	4563227
3558	4564227
3559	4565227
3560	4566227
3561	4567227
3562	4568227
3563	4569227
3564	4570227
3565	4571227
3566	4572227
3567	4573227
3568	4574227
3569	4575227
3570	4576227
3571	4577227
3572	4578227
3573	4579227
3574	4580227
3575	4581227
3576	4582227
3577	4583227
3578	4584227
3579	4585227
3580	4586227
3581	4587227
3582	4588227
3583	4589227
3584	4590227
3585	4591227
3586	4592227
3587	4593227
3588	4594226
3589	4595227
3590	4596227
3591	4597227
3592	4598227
3593	4599227
3594	4600227
3595	4601227
3596	4602227
3597	4603227
3598	4604227
3599	4605227
3600	4606227
3601	4607225
3602	4608227
3603	4609227
3604	4610227
3605	4611227
3606	4612227
3607	4613227
3608	4614227
3609	4615227
3610	4616227
3611	4617227
3612	4618227
3613	4619227
3614	4620227
3615	4621227
3616	4622227
3617	4623227
3618	4624227
3619	4625227
3620	4626227
3621	4627227
3622	4628227
3623	4629227
3624	4630227
3625	4631227
3626	4632227
3627	4633227
3628	4634227
3629	4635227
3630	4636227
3631	4637227
3632	4638227
3633	4639227
3634	4640227
3635	4641227
3636	4642227
3637	4643227
3638	4644227
3639	4645227
3640	4646227
3641	4647227
3642	4648227
3643	4649227
3644	4650227
3645	4651227
3646	4652227
3647	4653227
3648	4654227
3649	4655227
3650	4656227
3651	4657227
3652	4658227
3653	4659227
3654	4660227
3655	4661227
3656	4662227
3657	4663227
3658	4664227
3659	4665227
3660	4666227
3661	4667227
3662	4668227
3663	4669227
3664	4670227
3665	4671227
3666	4672227
3667	4673227
3668	4674227
3669	4675227
3670	4676227
3671	4677227
3672	4678227
3673	4679227
3674	4680227
3675	4681227
3676	4682227
3677	4683227
3678	4684227
3679	4685227
3680	4686227
3681	4687227
3682	4688227
3683	4689227
3684	4690227
3685	4691227
3686	4692227
3687	4693227
3688	4694227
3689	4695227
3690	4696227
3691	4697227
3692	4698227
3693	4699227
3694	4700227
3695	4701227
3696	4702227
3697	4703227
3698	4704227
3699	4705227
3700	4706227
3701	4707227
3702	4708227
3703	4709227
3704	4710227
3705	4711227
3706	4712227
3707	4713227
3708	4714227
3709	4715227
3710	4716227
3711	4717227
3712	4718227
3713	4719227
3714	4720227
3715	4721227
3716	4722227
3717	4723227
3718	4724227
3719	4725227
3720	4726227
3721	4727227
3722	4728227
3723	4729227
3724	4730227
3725	4731227
3726	4732227
3727	4733227
3728	4734227
3729	4735227
3730	4736227
3731	4737227
3732	4738227
3733	4739227
3734	4740227
3735	4741227
3736	4742227
3737	4743227
3738	4744227
3739	4745227
3740	4746227
3741	4747227
3742	4748227
3743	4749227
3744	4750227
3745	4751227
3746	4752227
3747	4753227
3748	4754227
3749	4755227
3750	4756227
3751	4757227
3752	4758227
3753	4759227
3754	4760227
3755	4761227
3756	4762227
3757	4763227
3758	4764227
3759	4765227
3760	4766227
3761	4767227
3762	4768227
3763	4769227
3764	4770227
3765	4771227
3766	4772227
3767	4773227
3768	4774227
3769	4775227
3770	4776227
3771	4777227
3772	4778227
3773	4779227
3774	4780227
3775	4781227
3776	4782227
3777	4783227
3778	4784227
3779	4785227
3780	4786227
3781	4787227
3782	4788227
3783	4789227
3784	4790227
3785	4791227
3786	4792227
3787	4793227
3788	4794227
3789	4795227
3790	4796227
3791	4797227
3792	4798227
3793	4799227
3794	4800227
3795	4801227
3796	4802227
3797	4803227
3798	4804227
3799	4805227
3800	4806227
3801	4807227
3802	4808227
3803	4809227
3804	4810227
3805	4811227
3806	4812227
3807	4813227
3808	4814227
3809	4815227
3810	4816227
3811	4817227
3812	4818227
3813	4819227
3814	4820227
3815	4821227
3816	4822227
3817	4823227
3818	4824227
3819	4825227
3820	4826227
3821	4827227
3822	4828227
3823	4829227
3824	4830227
3825	4831227
3826	4832227
3827	4833227
3828	4834227
3829	4835227
3830	4836227
3831	4837227
3832	4838227
3833	4839227
3834	4840227
3835	4841227
3836	4842227
3837	4843227
3838	4844227
3839	4845227
3840	4846227
3841	4847227
3842	4848227
3843	4849227
3844	4850227
3845	4851227
3846	4852227
3847	4853227
3848	4854227
3849	4855227
3850	4856227
3851	4857227
3852	4858227
3853	4859227
3854	4860227
3855	4861227
3856	4862227
3857	4863225
3858	4864227
3859	4865227
3860	4866227
3861	4867227
3862	4868227
3863	4869227
3864	4870227
3865	4871227
3866	4872227
3867	4873227
3868	4874227
3869	4875227
3870	4876227
3871	4877227
3872	4878227
3873	4879227
3874	4880227
3875	4881227
3876	4882227
3877	4883227
3878	4884227
3879	4885227
3880	4886227
3881	4887227
3882	4888227
3883	4889227
3884	4890227
3885	4891227
3886	4892227
3887	4893227
3888	4894227
3889	4895227
3890	4896227
3891	4897227
3892	4898227
3893	4899227
3894	4900227
3895	4901227
3896	4902227
3897	4903227
3898	4904227
3899	4905227
3900	4906227
3901	4907227
3902	4908227
3903	4909227
3904	4910227
3905	4911227
3906	4912227
3907	4913227
3908	4914227
3909	4915227
3910	4916227
3911	4917227
3912	4918227
3913	4919227
3914	4920227
3915	4921227
3916	4922227
3917	4923227
3918	4924227
3919	4925227
3920	4926227
3921	4927227
3922	4928227
3923	4929227
3924	4930227
3925	4931227
3926	4932227
3927	4933227
3928	4934227
3929	4935227
3930	4936227
3931	4937227
3932	4938227
3933	4939227
3934	4940227
3935	4941227
3936	4942227
3937	4943227
3938	4944227
3939	4945227
3940	4946227
3941	4947227
3942	4948227
3943	4949227
3944	4950227
3945	4951227
3946	4952227
3947	4953227
3948	4954227
3949	4955227
3950	4956227
3951	4957227
3952	4958227
3953	4959227
3954	4960227
3955	4961227
3956	4962227
3957	4963227
3958	4964227
3959	4965227
3960	4966227
3961	4967227
3962	4968227
3963	4969227
3964	4970227
3965	4971227
3966	4972227
3967	4973227
3968	4974227
3969	4975227
3970	4976227
3971	4977227
3972	4978227
3973	4979227
3974	4980227
3975	4981227
3976	4982227
3977	4983227
3978	4984227
3979	4985227
3980	4986227
3981	4987227
3982	4988227
3983	4989227
3984	4990227
3985	4991227
3986	4992227
3987	4993227
3988	4994227
3989	4995227
3990	4996227
3991	4997227
3992	4998227
3993	4999227
3994	5000227
3995	5001227
3996	5002227
3997	5003227
3998	5004227
3999	5005227
4000	5006227
4001	5007227
4002	5008227
4003	5009227
4004	5010227
4005	5011227
4006	5012227
4007	5013227
4008	5014227
4009	5015227
4010	5016227
4011	5017227
4012	5018227
4013	5019227
4014	5020227
4015	5021227
4016	5022227
4017	5023227
4018	5024227
4019	5025227
4020	5026227
4021	5027227
4022	5028227
4023	5029227
4024	5030227
4025	5031227
4026	5032227
4027	5033227
4028	5034227
4029	5035227
4030	5036227
4031	5037227
4032	5038227
4033	5039227
4034	5040227
4035	5041227
4036	5042227
4037	5043227
4038	5044227
4039	5045227
4040	5046227
4041	5047227
4042	5048227
4043	5049227
4044	5050227
4045	5051227
4046	5052227
4047	5053227
4048	5054227
4049	5055227
4050	5056227
4051	5057227
4052	5058227
4053	5059227
4054	5060227
4055	5061227
4056	5062227
4057	5063227
4058	5064227
4059	5065227
4060	5066227
4061	5067227
4062	5068227
4063	5069227
4064	5070227
4065	5071227
4066	5072227
4067	5073227
4068	5074227
4069	5075227
4070	5076227
4071	5077227
4072	5078227
4073	5079227
4074	5080227
4075	5081227
4076	5082227
4077	5083227
4078	5084227
4079	5085227
4080	5086227
4081	5087227
4082	5088227
4083	5089227
4084	5090227
4085	5091227
4086	5092227
4087	5093227
4088	5094227
4089	5095227
4090	5096227
4091	5097227
4092	5098227
4093	5099227
4094	5100227
4095	5101227
4096	5102227
4097	5103227
4098	5104227
4099	5105227
4100	5106227
4101	5107227
4102	5108227
4103	5109227
4104	5110227
4105	5111227
4106	5112227
4107	5113227
4108	5114227
4109	5115227
4110	5116227
4111	5117227
4112	5118227
4113	5119225
4114	5120227
4115	5121227
4116	5122227
4117	5123227
4118	5124227
4119	5125227
4120	5126227
4121	5127227
4122	5128227
4123	5129227
4124	5130227
4125	5131227
4126	5132227
4127	5133227
4128	5134227
4129	5135227
4130	5136227
4131	5137227
4132	5138227
4133	5139227
4134	5140227
4135	5141227
4136	5142227
4137	5143227
4138	5144227
4139	5145227
4140	5146227
4141	5147227
4142	5148227
4143	5149227
4144	5150227
4145	5151227
4146	5152227
4147	5153227
4148	5154227
4149	5155227
4150	5156227
4151	5157227
4152	5158227
4153	5159227
4154	5160227
4155	5161227
4156	5162227
4157	5163227
4158	5164227
4159	5165227
4160	5166227
4161	5167227
4162	5168227
4163	5169227
4164	5170227
4165	5171227
4166	5172227
4167	5173227
4168	5174227
4169	5175227
4170	5176227
4171	5177227
4172	5178227
4173	5179227
4174	5180227
4175	5181227
4176	5182227
4177	5183227
4178	5184227
4179	5185227
4180	5186227
4181	5187227
4182	5188227
4183	5189227
4184	5190227
4185	5191227
4186	5192227
4187	5193227
4188	5194227
4189	5195227
4190	5196227
4191	5197227
4192	5198227
4193	5199227
4194	5200227
4195	5201227
4196	5202227
4197	5203227
4198	5204227
4199	5205227
4200	5206227
4201	5207227
4202	5208227
4203	5209227
4204	5210227
4205	5211227
4206	5212227
4207	5213227
4208	5214227
4209	5215227
4210	5216227
4211	5217227
4212	5218227
4213	5219227
4214	5220227
4215	5221227
4216	5222227
4217	5223227
4218	5224227
4219	5225227
4220	5226227
4221	5227227
4222	5228227
4223	5229227
4224	5230227
4225	5231227
4226	5232227
4227	5233227
4228	5234227
4229	5235227
4230	5236227
4231	5237227
4232	5238227
4233	5239227
4234	5240227
4235	5241227
4236	5242227
4237	5243227
4238	5244227
4239	5245227
4240	5246227
4241	5247227
4242	5248227
4243	5249227
4244	5250227
4245	5251227
4246	5252227
4247	5253227
4248	5254227
4249	5255227
4250	5256227
4251	5257227
4252	5258227
4253	5259227
4254	5260227
4255	5261227
4256	5262227
4257	5263227
4258	5264227
4259	5265227
4260	5266227
4261	5267227
4262	5268227
4263	5269227
4264	5270227
4265	5271227
4266	5272227
4267	5273227
4268	5274227
4269	5275227
4270	5276227
4271	5277227
4272	5278227
4273	5279227
4274	5280227
4275	5281227
4276	5282227
4277	5283227
4278	5284227
4279	5285227
4280	5286227
4281	5287227
4282	5288227
4283	5289227
4284	5290227
4285	5291227
4286	5292227
4287	5293227
4288	5294227
4289	5295227
4290	5296227
4291	5297227
4292	5298227
4293	5299227
4294	5300227
4295	5301227
4296	5302227
4297	5303227
4298	5304227
4299	5305227
4300	5306227
4301	5307227
4302	5308227
4303	5309227
4304	5310227
4305	5311227
4306	5312227
4307	5313227
4308	5314227
4309	5315227
4310	5316227
4311	5317227
4312	5318227
4313	5319227
4314	5320227
4315	5321227
4316	5322227
4317	5323227
4318	5324227
4319	5325227
4320	5326227
4321	5327227
4322	5328227
4323	5329227
4324	5330227
4325	5331227
4326	5332227
4327	5333227
4328	5334227
4329	5335227
4330	5336227
4331	5337227
4332	5338227
4333	5339227
4334	5340227
4335	5341227
4336	5342227
4337	5343227
4338	5344227
4339	5345227
4340	5346227
4341	5347227
4342	5348227
4343	5349227
4344	5350227
4345	5351227
4346	5352227
4347	5353227
4348	5354227
4349	5355227
4350	5356227
4351	5357227
4352	5358226
4353	5359227
4354	5360227
4355	5361227
4356	5362226
4357	5363227
4358	5364227
4359	5365227
4360	5366227
4361	5367227
4362	5368227
4363	5369227
4364	5370227
4365	5371227
4366	5372227
4367	5373227
4368	5374227
4369	5375225
4370	5376227
4371	5377227
4372	5378227
4373	5379227
4374	5380227
4375	5381227
4376	5382227
4377	5383227
4378	5384227
4379	5385227
4380	5386227
4381	5387227
4382	5388227
4383	5389227
4384	5390227
4385	5391227
4386	5392227
4387	5393227
4388	5394227
4389	5395227
4390	5396227
4391	5397227
4392	5398227
4393	5399227
4394	5400227
4395	5401227
4396	5402227
4397	5403227
4398	5404227
4399	5405227
4400	5406227
4401	5407227
4402	5408227
4403	5409227
4404	5410227
4405	5411227
4406	5412227
4407	5413227
4408	5414227
4409	5415227
4410	5416227
4411	5417227
4412	5418227
4413	5419227
4414	5420227
4415	5421227
4416	5422227
4417	5423227
4418	5424227
4419	5425227
4420	5426227
4421	5427227
4422	5428227
4423	5429227
4424	5430227
4425	5431227
4426	5432227
4427	5433227
4428	5434227
4429	5435227
4430	5436227
4431	5437227
4432	5438227
4433	5439227
4434	5440227
4435	5441227
4436	5442227
4437	5443227
4438	5444227
4439	5445227
4440	5446227
4441	5447227
4442	5448227
4443	5449227
4444	5450227
4445	5451227
4446	5452227
4447	5453227
4448	5454227
4449	5455227
4450	5456227
4451	5457227
4452	5458227
4453	5459227
4454	5460227
4455	5461227
4456	5462227
4457	5463227
4458	5464227
4459	5465227
4460	5466227
4461	5467227
4462	5468227
4463	5469227
4464	5470227
4465	5471227
4466	5472227
4467	5473227
4468	5474227
4469	5475227
4470	5476227
4471	5477227
4472	5478227
4473	5479227
4474	5480227
4475	5481227
4476	5482227
4477	5483227
4478	5484227
4479	5485227
4480	5486227
4481	5487227
4482	5488227
4483	5489227
4484	5490227
4485	5491227
4486	5492227
4487	5493227
4488	5494227
4489	5495227
4490	5496227
4491	5497227
4492	5498227
4493	5499227
4494	5500227
4495	5501227
4496	5502227
4497	5503227
4498	5504227
4499	5505227
4500	5506227
4501	5507227
4502	5508227
4503	5509227
4504	5510227
4505	5511227
4506	5512227
4507	5513227
4508	5514227
4509	5515227
4510	5516227
4511	5517227
4512	5518227
4513	5519227
4514	5520227
4515	5521227
4516	5522227
4517	5523227
4518	5524227
4519	5525227
4520	5526227
4521	5527227
4522	5528227
4523	5529227
4524	5530227
4525	5531227
4526	5532227
4527	5533227
4528	5534227
4529	5535227
4530	5536227
4531	5537227
4532	5538227
4533	5539227
4534	5540227
4535	5541227
4536	5542227
4537	5543227
4538	5544227
4539	5545227
4540	5546227
4541	5547227
4542	5548227
4543	5549227
4544	5550227
4545	5551227
4546	5552227
4547	5553227
4548	5554227
4549	5555227
4550	5556227
4551	5557227
4552	5558227
4553	5559227
4554	5560227
4555	5561227
4556	5562227
4557	5563227
4558	5564227
4559	5565227
4560	5566227
4561	5567227
4562	5568227
4563	5569227
4564	5570227
4565	5571227
4566	5572227
4567	5573227
4568	5574227
4569	5575227
4570	5576227
4571	5577227
4572	5578227
4573	5579227
4574	5580227
4575	5581227
4576	5582227
4577	5583227
4578	5584227
4579	5585227
4580	5586227
4581	5587227
4582	5588227
4583	5589227
4584	5590227
4585	5591227
4586	5592227
4587	5593227
4588	5594227
4589	5595227
4590	5596227
4591	5597227
4592	5598227
4593	5599227
4594	5600227
4595	5601227
4596	5602227
4597	5603227
4598	5604227
4599	5605227
4600	5606227
4601	5607227
4602	5608227
4603	5609227
4604	5610227
4605	5611227
4606	5612227
4607	5613227
4608	5614227
4609	5615227
4610	5616227
4611	5617227
4612	5618226
4613	5619227
4614	5620227
4615	5621227
4616	5622227
4617	5623227
4618	5624227
4619	5625227
4620	5626227
4621	5627227
4622	5628227
4623	5629227
4624	5630227
4625	5631225
4626	5632227
4627	5633227
4628	5634227
4629	5635227
4630	5636227
4631	5637227
4632	5638227
4633	5639227
4634	5640227
4635	5641227
4636	5642227
4637	5643227
4638	5644227
4639	5645227
4640	5646227
4641	5647227
4642	5648227
4643	5649227
4644	5650227
4645	5651227
4646	5652227
4647	5653227
4648	5654227
4649	5655227
4650	5656227
4651	5657227
4652	5658227
4653	5659227
4654	5660227
4655	5661227
4656	5662227
4657	5663227
4658	5664227
4659	5665227
4660	5666227
4661	5667227
4662	5668227
4663	5669227
4664	5670227
4665	5671227
4666	5672227
4667	5673227
4668	5674227
4669	5675227
4670	5676227
4671	5677227
4672	5678227
4673	5679227
4674	5680227
4675	5681227
4676	5682227
4677	5683227
4678	5684227
4679	5685227
4680	5686227
4681	5687227
4682	5688227
4683	5689227
4684	5690227
4685	5691227
4686	5692227
4687	5693227
4688	5694227
4689	5695227
4690	5696227
4691	5697227
4692	5698227
4693	5699227
4694	5700227
4695	5701227
4696	5702227
4697	5703227
4698	5704227
4699	5705227
4700	5706227
4701	5707227
4702	5708227
4703	5709227
4704	5710227
4705	5711227
4706	5712227
4707	5713227
4708	5714227
4709	5715227
4710	5716227
4711	5717227
4712	5718227
4713	5719227
4714	5720227
4715	5721227
4716	5722227
4717	5723227
4718	5724227
4719	5725227
4720	5726227
4721	5727227
4722	5728227
4723	5729227
4724	5730227
4725	5731227
4726	5732227
4727	5733227
4728	5734227
4729	5735227
4730	5736227
4731	5737227
4732	5738227
4733	5739227
4734	5740227
4735	5741227
4736	5742227
4737	5743227
4738	5744227
4739	5745227
4740	5746227
4741	5747227
4742	5748227
4743	5749227
4744	5750227
4745	5751227
4746	5752227
4747	5753227
4748	5754227
4749	5755227
4750	5756227
4751	5757227
4752	5758227
4753	5759227
4754	5760227
4755	5761227
4756	5762227
4757	5763227
4758	5764227
4759	5765227
4760	5766227
4761	5767227
4762	5768227
4763	5769227
4764	5770227
4765	5771227
4766	5772227
4767	5773227
4768	5774227
4769	5775227
4770	5776227
4771	5777227
4772	5778227
4773	5779227
4774	5780227
4775	5781227
4776	5782227
4777	5783227
4778	5784227
4779	5785227
4780	5786227
4781	5787227
4782	5788227
4783	5789227
4784	5790227
4785	5791227
4786	5792227
4787	5793227
4788	5794227
4789	5795227
4790	5796227
4791	5797227
4792	5798227
4793	5799227
4794	5800227
4795	5801227
4796	5802227
4797	5803227
4798	5804227
4799	5805227
4800	5806227
4801	5807227
4802	5808227
4803	5809227
4804	5810227
4805	5811227
4806	5812227
4807	5813227
4808	5814227
4809	5815227
4810	5816227
4811	5817227
4812	5818227
4813	5819227
4814	5820227
4815	5821227
4816	5822227
4817	5823227
4818	5824227
4819	5825227
4820	5826227
4821	5827227
4822	5828227
4823	5829227
4824	5830227
4825	5831227
4826	5832227
4827	5833227
4828	5834227
4829	5835227
4830	5836227
4831	5837227
4832	5838227
4833	5839227
4834	5840227
4835	5841227
4836	5842227
4837	5843227
4838	5844227
4839	5845227
4840	5846227
4841	5847227
4842	5848227
4843	5849227
4844	5850227
4845	5851227
4846	5852227
4847	5853227
4848	5854227
4849	5855227
4850	5856227
4851	5857227
4852	5858227
4853	5859227
4854	5860227
4855	5861227
4856	5862227
4857	5863227
4858	5864227
4859	5865227
4860	5866227
4861	5867227
4862	5868227
4863	5869227
4864	5870227
4865	5871227
4866	5872227
4867	5873227
4868	5874227
4869	5875227
4870	5876227
4871	5877227
4872	5878227
4873	5879227
4874	5880227
4875	5881227
4876	5882227
4877	5883227
4878	5884227
4879	5885227
4880	5886227
4881	5887225
4882	5888227
4883	5889227
4884	5890227
4885	5891227
4886	5892227
4887	5893227
4888	5894227
4889	5895227
4890	5896227
4891	5897227
4892	5898227
4893	5899227
4894	5900227
4895	5901227
4896	5902227
4897	5903227
4898	5904227
4899	5905227
4900	5906227
4901	5907227
4902	5908227
4903	5909227
4904	5910227
4905	5911227
4906	5912227
4907	5913227
4908	5914227
4909	5915227
4910	5916227
4911	5917227
4912	5918227
4913	5919227
4914	5920227
4915	5921227
4916	5922227
4917	5923227
4918	5924227
4919	5925227
4920	5926227
4921	5927227
4922	5928227
4923	5929227
4924	5930227
4925	5931227
4926	5932227
4927	5933227
4928	5934227
4929	5935227
4930	5936227
4931	5937227
4932	5938227
4933	5939227
4934	5940227
4935	5941227
4936	5942227
4937	5943227
4938	5944227
4939	5945227
4940	5946227
4941	5947227
4942	5948227
4943	5949227
4944	5950227
4945	5951227
4946	5952227
4947	5953227
4948	5954227
4949	5955227
4950	5956227
4951	5957227
4952	5958227
4953	5959227
4954	5960227
4955	5961227
4956	5962227
4957	5963227
4958	5964227
4959	5965227
4960	5966227
4961	5967227
4962	5968227
4963	5969227
4964	5970227
4965	5971227
4966	5972227
4967	5973227
4968	5974227
4969	5975227
4970	5976227
4971	5977227
4972	5978227
4973	5979227
4974	5980227
4975	5981227
4976	5982227
4977	5983227
4978	5984227
4979	5985227
4980	5986227
4981	5987227
4982	5988227
4983	5989227
4984	5990227
4985	5991227
4986	5992227
4987	5993227
4988	5994227
4989	5995227
4990	5996227
4991	5997227
4992	5998227
4993	5999227
4994	6000227
4995	6001227
4996	6002227
4997	6003227
4998	6004227
4999	6005227
5000	6006227
5001	6007227
5002	6008227
5003	6009227
5004	6010227
5005	6011227
5006	6012227
5007	6013227
5008	6014227
5009	6015227
5010	6016227
5011	6017227
5012	6018227
5013	6019227
5014	6020227
5015	6021227
5016	6022227
5017	6023227
5018	6024227
5019	6025227
5020	6026227
5021	6027227
5022	6028227
5023	6029227
5024	6030227
5025	6031227
5026	6032227
5027	6033227
5028	6034227
5029	6035227
5030	6036227
5031	6037227
5032	6038227
5033	6039227
5034	6040227
5035	6041227
5036	6042227
5037	6043227
5038	6044227
5039	6045227
5040	6046227
5041	6047227
5042	6048227
5043	6049227
5044	6050227
5045	6051227
5046	6052227
5047	6053227
5048	6054227
5049	6055227
5050	6056227
5051	6057227
5052	6058227
5053	6059227
5054	6060227
5055	6061227
5056	6062227
5057	6063227
5058	6064227
5059	6065227
5060	6066227
5061	6067227
5062	6068227
5063	6069227
5064	6070227
5065	6071227
5066	6072227
5067	6073227
5068	6074227
5069	6075227
5070	6076227
5071	6077227
5072	6078227
5073	6079227
5074	6080227
5075	6081227
5076	6082227
5077	6083227
5078	6084227
5079	6085227
5080	6086227
5081	6087227
5082	6088227
5083	6089227
5084	6090227
5085	6091227
5086	6092227
5087	6093227
5088	6094227
5089	6095227
5090	6096227
5091	6097227
5092	6098227
5093	6099227
5094	6100227
5095	6101227
5096	6102227
5097	6103227
5098	6104227
5099	6105227
5100	6106227
5101	6107227
5102	6108227
5103	6109227
5104	6110227
5105	6111227
5106	6112227
5107	6113227
5108	6114227
5109	6115227
5110	6116227
5111	6117227
5112	6118227
5113	6119227
5114	6120227
5115	6121227
5116	6122227
5117	6123227
5118	6124227
5119	6125227
5120	6126227
5121	6127227
5122	6128227
5123	6129227
5124	6130227
5125	6131227
5126	6132227
5127	6133227
5128	6134227
5129	6135227
5130	6136227
5131	6137227
5132	6138227
5133	6139227
5134	6140227
5135	6141227
5136	6142227
5137	6143225
5138	6144227
5139	6145227
5140	6146227
5141	6147227
5142	6148227
5143	6149227
5144	6150227
5145	6151227
5146	6152227
5147	6153227
5148	6154227
5149	6155227
5150	6156227
5151	6157227
5152	6158227
5153	6159227
5154	6160227
5155	6161227
5156	6162227
5157	6163227
5158	6164227
5159	6165227
5160	6166227
5161	6167227
5162	6168227
5163	6169227
5164	6170227
5165	6171227
5166	6172227
5167	6173227
5168	6174227
5169	6175227
5170	6176227
5171	6177227
5172	6178227
5173	6179227
5174	6180227
5175	6181227
5176	6182227
5177	6183227
5178	6184227
5179	6185227
5180	6186227
5181	6187227
5182	6188227
5183	6189227
5184	6190227
5185	6191227
5186	6192227
5187	6193227
5188	6194227
5189	6195227
5190	6196227
5191	6197227
5192	6198227
5193	6199227
5194	6200227
5195	6201227
5196	6202227
5197	6203227
5198	6204227
5199	6205227
5200	6206227
5201	6207227
5202	6208227
5203	6209227
5204	6210227
5205	6211227
5206	6212227
5207	6213227
5208	6214227
5209	6215227
5210	6216227
5211	6217227
5212	6218227
5213	6219227
5214	6220227
5215	6221227
5216	6222227
5217	6223227
5218	6224227
5219	6225227
5220	6226227
5221	6227227
5222	6228227
5223	6229227
5224	6230227
5225	6231227
5226	6232227
5227	6233227
5228	6234227
5229	6235227
5230	6236227
5231	6237227
5232	6238227
5233	6239227
5234	6240227
5235	6241227
5236	6242227
5237	6243227
5238	6244227
5239	6245227
5240	6246227
5241	6247227
5242	6248227
5243	6249227
5244	6250227
5245	6251227
5246	6252227
5247	6253227
5248	6254227
5249	6255227
5250	6256227
5251	6257227
5252	6258227
5253	6259227
5254	6260227
5255	6261227
5256	6262227
5257	6263227
5258	6264227
5259	6265227
5260	6266227
5261	6267227
5262	6268227
5263	6269227
5264	6270227
5265	6271227
5266	6272227
5267	6273227
5268	6274227
5269	6275227
5270	6276227
5271	6277227
5272	6278227
5273	6279227
5274	6280227
5275	6281227
5276	6282227
5277	6283227
5278	6284227
5279	6285227
5280	6286227
5281	6287227
5282	6288227
5283	6289227
5284	6290227
5285	6291227
5286	6292227
5287	6293227
5288	6294227
5289	6295227
5290	6296227
5291	6297227
5292	6298227
5293	6299227
5294	6300227
5295	6301227
5296	6302227
5297	6303227
5298	6304227
5299	6305227
5300	6306227
5301	6307227
5302	6308227
5303	6309227
5304	6310227
5305	6311227
5306	6312227
5307	6313227
5308	6314227
5309	6315227
5310	6316227
5311	6317227
5312	6318227
5313	6319227
5314	6320227
5315	6321227
5316	6322227
5317	6323227
5318	6324227
5319	6325227
5320	6326227
5321	6327227
5322	6328227
5323	6329227
5324	6330227
5325	6331227
5326	6332227
5327	6333227
5328	6334227
5329	6335227
5330	6336227
5331	6337227
5332	6338227
5333	6339227
5334	6340227
5335	6341227
5336	6342227
5337	6343227
5338	6344227
5339	6345227
5340	6346227
5341	6347227
5342	6348227
5343	6349227
5344	6350227
5345	6351227
5346	6352227
5347	6353227
5348	6354227
5349	6355227
5350	6356227
5351	6357227
5352	6358227
5353	6359227
5354	6360227
5355	6361227
5356	6362227
5357	6363227
5358	6364227
5359	6365227
5360	6366227
5361	6367227
5362	6368227
5363	6369227
5364	6370227
5365	6371227
5366	6372227
5367	6373227
5368	6374227
5369	6375227
5370	6376227
5371	6377227
5372	6378227
5373	6379227
5374	6380227
5375	6381227
5376	6382227
5377	6383227
5378	6384227
5379	6385227
5380	6386226
5381	6387227
5382	6388227
5383	6389227
5384	6390227
5385	6391227
5386	6392227
5387	6393227
5388	6394227
5389	6395227
5390	6396227
5391	6397227
5392	6398227
5393	6399225
5394	6400227
5395	6401227
5396	6402227
5397	6403227
5398	6404227
5399	6405227
5400	6406227
5401	6407227
5402	6408227
5403	6409227
5404	6410227
5405	6411227
5406	6412227
5407	6413227
5408	6414227
5409	6415227
5410	6416227
5411	6417227
5412	6418227
5413	6419227
5414	6420227
5415	6421227
5416	6422227
5417	6423227
5418	6424227
5419	6425227
5420	6426227
5421	6427227
5422	6428227
5423	6429227
5424	6430227
5425	6431227
5426	6432227
5427	6433227
5428	6434227
5429	6435227
5430	6436227
5431	6437227
5432	6438227
5433	6439227
5434	6440227
5435	6441227
5436	6442227
5437	6443227
5438	6444227
5439	6445227
5440	6446227
5441	6447227
5442	6448227
5443	6449227
5444	6450227
5445	6451227
5446	6452227
5447	6453227
5448	6454227
5449	6455227
5450	6456227
5451	6457227
5452	6458227
5453	6459227
5454	6460227
5455	6461227
5456	6462227
5457	6463227
5458	6464227
5459	6465227
5460	6466227
5461	6467227
5462	6468227
5463	6469227
5464	6470227
5465	6471227
5466	6472227
5467	6473227
5468	6474227
5469	6475227
5470	6476227
5471	6477227
5472	6478227
5473	6479227
5474	6480227
5475	6481227
5476	6482227
5477	6483227
5478	6484227
5479	6485227
5480	6486227
5481	6487227
5482	6488227
5483	6489227
5484	6490227
5485	6491227
5486	6492227
5487	6493227
5488	6494227
5489	6495227
5490	6496227
5491	6497227
5492	6498227
5493	6499227
5494	6500227
5495	6501227
5496	6502227
5497	6503227
5498	6504227
5499	6505227
5500	6506227
5501	6507227
5502	6508227
5503	6509227
5504	6510227
5505	6511227
5506	6512227
5507	6513227
5508	6514227
5509	6515227
5510	6516227
5511	6517227
5512	6518227
5513	6519227
5514	6520227
5515	6521227
5516	6522227
5517	6523227
5518	6524227
5519	6525227
5520	6526227
5521	6527227
5522	6528227
5523	6529227
5524	6530227
5525	6531227
5526	6532227
5527	6533227
5528	6534227
5529	6535227
5530	6536227
5531	6537227
5532	6538227
5533	6539227
5534	6540227
5535	6541227
5536	6542227
5537	6543227
5538	6544227
5539	6545227
5540	6546227
5541	6547227
5542	6548227
5543	6549227
5544	6550227
5545	6551227
5546	6552227
5547	6553227
5548	6554227
5549	6555227
5550	6556227
5551	6557227
5552	6558227
5553	6559227
5554	6560227
5555	6561227
5556	6562227
5557	6563227
5558	6564227
5559	6565227
5560	6566227
5561	6567227
5562	6568227
5563	6569227
5564	6570227
5565	6571227
5566	6572227
5567	6573227
5568	6574227
5569	6575227
5570	6576227
5571	6577227
5572	6578227
5573	6579227
5574	6580227
5575	6581227
5576	6582227
5577	6583227
5578	6584227
5579	6585227
5580	6586227
5581	6587227
5582	6588227
5583	6589227
5584	6590227
5585	6591227
5586	6592227
5587	6593227
5588	6594227
5589	6595227
5590	6596227
5591	6597227
5592	6598227
5593	6599227
5594	6600227
5595	6601227
5596	6602227
5597	6603227
5598	6604227
5599	6605227
5600	6606227
5601	6607227
5602	6608227
5603	6609227
5604	6610227
5605	6611227
5606	6612227
5607	6613227
5608	6614227
5609	6615227
5610	6616227
5611	6617227
5612	6618227
5613	6619227
5614	6620227
5615	6621227
5616	6622227
5617	6623227
5618	6624227
5619	6625227
5620	6626227
5621	6627227
5622	6628227
5623	6629227
5624	6630227
5625	6631227
5626	6632227
5627	6633227
5628	6634227
5629	6635227
5630	6636227
5631	6637227
5632	6638227
5633	6639227
5634	6640227
5635	6641227
5636	6642226
5637	6643227
5638	6644227
5639	6645227
5640	6646227
5641	6647227
5642	6648227
5643	6649227
5644	6650227
5645	6651227
5646	6652227
5647	6653227
5648	6654227
5649	6655225
5650	6656227
5651	6657227
5652	6658227
5653	6659227
5654	6660227
5655	6661227
5656	6662227
5657	6663227
5658	6664227
5659	6665227
5660	6666227
5661	6667227
5662	6668227
5663	6669227
5664	6670227
5665	6671227
5666	6672227
5667	6673227
5668	6674227
5669	6675227
5670	6676227
5671	6677227
5672	6678227
5673	6679227
5674	6680227
5675	6681227
5676	6682227
5677	6683227
5678	6684227
5679	6685227
5680	6686227
5681	6687227
5682	6688227
5683	6689227
5684	6690227
5685	6691227
5686	6692227
5687	6693227
5688	6694227
5689	6695227
5690	6696227
5691	6697227
5692	6698227
5693	6699227
5694	6700227
5695	6701227
5696	6702227
5697	6703227
5698	6704227
5699	6705227
5700	6706227
5701	6707227
5702	6708227
5703	6709227
5704	6710227
5705	6711227
5706	6712227
5707	6713227
5708	6714227
5709	6715227
5710	6716227
5711	6717227
5712	6718227
5713	6719227
5714	6720227
5715	6721227
5716	6722227
5717	6723227
5718	6724227
5719	6725227
5720	6726227
5721	6727227
5722	6728227
5723	6729227
5724	6730227
5725	6731227
5726	6732227
5727	6733227
5728	6734227
5729	6735227
5730	6736227
5731	6737227
5732	6738227
5733	6739227
5734	6740227
5735	6741227
5736	6742227
5737	6743227
5738	6744227
5739	6745227
5740	6746227
5741	6747227
5742	6748227
5743	6749227
5744	6750227
5745	6751227
5746	6752227
5747	6753227
5748	6754227
5749	6755227
5750	6756227
5751	6757227
5752	6758227
5753	6759227
5754	6760227
5755	6761227
5756	6762227
5757	6763227
5758	6764227
5759	6765227
5760	6766227
5761	6767227
5762	6768227
5763	6769227
5764	6770227
5765	6771227
5766	6772227
5767	6773227
5768	6774227
5769	6775227
5770	6776227
5771	6777227
5772	6778227
5773	6779227
5774	6780227
5775	6781227
5776	6782227
5777	6783227
5778	6784227
5779	6785227
5780	6786227
5781	6787227
5782	6788227
5783	6789227
5784	6790227
5785	6791227
5786	6792227
5787	6793227
5788	6794227
5789	6795227
5790	6796227
5791	6797227
5792	6798227
5793	6799227
5794	6800227
5795	6801227
5796	6802227
5797	6803227
5798	6804227
5799	6805227
5800	6806227
5801	6807227
5802	6808227
5803	6809227
5804	6810227
5805	6811227
5806	6812227
5807	6813227
5808	6814227
5809	6815227
5810	6816227
5811	6817227
5812	6818227
5813	6819227
5814	6820227
5815	6821227
5816	6822227
5817	6823227
5818	6824227
5819	6825227
5820	6826227
5821	6827227
5822	6828227
5823	6829227
5824	6830227
5825	6831227
5826	6832227
5827	6833227
5828	6834227
5829	6835227
5830	6836227
5831	6837227
5832	6838227
5833	6839227
5834	6840227
5835	6841227
5836	6842227
5837	6843227
5838	6844227
5839	6845227
5840	6846227
5841	6847227
5842	6848227
5843	6849227
5844	6850227
5845	6851227
5846	6852227
5847	6853227
5848	6854227
5849	6855227
5850	6856227
5851	6857227
5852	6858227
5853	6859227
5854	6860227
5855	6861227
5856	6862227
5857	6863227
5858	6864227
5859	6865227
5860	6866227
5861	6867227
5862	6868227
5863	6869227
5864	6870227
5865	6871227
5866	6872227
5867	6873227
5868	6874227
5869	6875227
5870	6876227
5871	6877227
5872	6878227
5873	6879227
5874	6880227
5875	6881227
5876	6882227
5877	6883227
5878	6884227
5879	6885227
5880	6886227
5881	6887227
5882	6888227
5883	6889227
5884	6890227
5885	6891227
5886	6892227
5887	6893227
5888	6894227
5889	6895227
5890	6896227
5891	6897227
5892	6898227
5893	6899227
5894	6900227
5895	6901227
5896	6902227
5897	6903227
5898	6904227
5899	6905227
5900	6906227
5901	6907227
5902	6908227
5903	6909227
5904	6910227
5905	6911226
5906	6912227
5907	6913227
5908	6914227
5909	6915227
5910	6916227
5911	6917227
5912	6918227
5913	6919227
5914	6920227
5915	6921227
5916	6922227
5917	6923227
5918	6924227
5919	6925227
5920	6926227
5921	6927227
5922	6928227
5923	6929227
5924	6930227
5925	6931227
5926	6932227
5927	6933227
5928	6934227
5929	6935227
5930	6936227
5931	6937227
5932	6938227
5933	6939227
5934	6940227
5935	6941227
5936	6942227
5937	6943227
5938	6944227
5939	6945227
5940	6946227
5941	6947227
5942	6948227
5943	6949227
5944	6950227
5945	6951227
5946	6952227
5947	6953227
5948	6954227
5949	6955227
5950	6956227
5951	6957227
5952	6958227
5953	6959227
5954	6960227
5955	6961227
5956	6962227
5957	6963227
5958	6964227
5959	6965227
5960	6966227
5961	6967227
5962	6968227
5963	6969227
5964	6970227
5965	6971227
5966	6972227
5967	6973227
5968	6974227
5969	6975227
5970	6976227
5971	6977227
5972	6978227
5973	6979227
5974	6980227
5975	6981227
5976	6982227
5977	6983227
5978	6984227
5979	6985227
5980	6986227
5981	6987227
5982	6988227
5983	6989227
5984	6990227
5985	6991227
5986	6992227
5987	6993227
5988	6994227
5989	6995227
5990	6996227
5991	6997227
5992	6998227
5993	6999227
5994	7000227
5995	7001227
5996	7002227
5997	7003227
5998	7004227
5999	7005227
