0	1006232
1	1007231
2	1008231
3	1009231
4	1010230
5	1011231
6	1012231
7	1013231
8	1014231
9	1015230
10	1016230
11	1017231
12	1018231
13	1019230
14	1020230
15	1021231
16	1022231
17	1023229
18	1024231
19	1025231
20	1026231
21	1027231
22	1028231
23	1029231
24	1030230
25	1031230
26	1032230
27	1033231
28	1034230
29	1035230
30	1036230
31	1037231
32	1038230
33	1039231
34	1040231
35	1041231
36	1042231
37	1043231
38	1044231
39	1045231
40	1046231
41	1047230
42	1048231
43	1049231
44	1050230
45	1051230
46	1052231
47	1053231
48	1054230
49	1055230
50	1056231
51	1057231
52	1058231
53	1059231
54	1060231
55	1061231
56	1062231
57	1063230
58	1064231
59	1065231
60	1066230
61	1067231
62	1068231
63	1069230
64	1070230
65	1071231
66	1072231
67	1073231
68	1074231
69	1075231
70	1076231
71	1077231
72	1078231
73	1079231
74	1080231
75	1081231
76	1082230
77	1083231
78	1084231
79	1085231
80	1086230
81	1087231
82	1088230
83	1089231
84	1090229
85	1091231
86	1092231
87	1093231
88	1094231
89	1095231
90	1096231
91	1097231
92	1098231
93	1099231
94	1100230
95	1101231
96	1102231
97	1103231
98	1104230
99	1105231
100	1106231
101	1107231
102	1108231
103	1109231
104	1110231
105	1111231
106	1112231
107	1113231
108	1114231
109	1115231
110	1116230
111	1117231
112	1118231
113	1119230
114	1120230
115	1121231
116	1122231
117	1123231
118	1124231
119	1125231
120	1126231
121	1127231
122	1128231
123	1129231
124	1130231
125	1131230
126	1132230
127	1133231
128	1134231
129	1135230
130	1136230
131	1137231
132	1138231
133	1139230
134	1140231
135	1141231
136	1142231
137	1143231
138	1144231
139	1145231
140	1146231
141	1147230
142	1148230
143	1149231
144	1150231
145	1151231
146	1152231
147	1153231
148	1154231
149	1155231
150	1156231
151	1157231
152	1158231
153	1159231
154	1160231
155	1161231
156	1162231
157	1163231
158	1164231
159	1165231
160	1166231
161	1167231
162	1168231
163	1169231
164	1170231
165	1171231
166	1172231
167	1173231
168	1174231
169	1175231
170	1176231
171	1177231
172	1178231
173	1179231
174	1180231
175	1181231
176	1182231
177	1183231
178	1184231
179	1185231
180	1186231
181	1187231
182	1188231
183	1189231
184	1190231
185	1191231
186	1192231
187	1193231
188	1194231
189	1195231
190	1196231
191	1197231
192	1198231
193	1199231
194	1200231
195	1201231
196	1202231
197	1203231
198	1204231
199	1205231
200	1206231
201	1207231
202	1208231
203	1209231
204	1210231
205	1211231
206	1212231
207	1213231
208	1214231
209	1215231
210	1216231
211	1217231
212	1218231
213	1219231
214	1220231
215	1221231
216	1222231
217	1223231
218	1224231
219	1225231
220	1226231
221	1227231
222	1228231
223	1229231
224	1230231
225	1231231
226	1232231
227	1233231
228	1234231
229	1235231
230	1236231
231	1237231
232	1238231
233	1239231
234	1240231
235	1241231
236	1242231
237	1243231
238	1244231
239	1245231
240	1246231
241	1247231
242	1248231
243	1249231
244	1250231
245	1251231
246	1252231
247	1253231
248	1254231
249	1255231
250	1256231
251	1257231
252	1258231
253	1259231
254	1260231
255	1261231
256	1262232
257	1263232
258	1264232
259	1265232
260	1266231
261	1267232
262	1268232
263	1269232
264	1270232
265	1271232
266	1272232
267	1273232
268	1274232
269	1275232
270	1276232
271	1277232
272	1278232
273	1279230
274	1280232
275	1281232
276	1282232
277	1283232
278	1284232
279	1285232
280	1286232
281	1287232
282	1288232
283	1289232
284	1290232
285	1291232
286	1292232
287	1293232
288	1294232
289	1295232
290	1296232
291	1297232
292	1298232
293	1299232
294	1300232
295	1301232
296	1302232
297	1303232
298	1304232
299	1305232
300	1306232
301	1307232
302	1308232
303	1309232
304	1310232
305	1311232
306	1312232
307	1313232
308	1314232
309	1315232
310	1316232
311	1317232
312	1318232
313	1319232
314	1320232
315	1321232
316	1322232
317	1323232
318	1324232
319	1325232
320	1326232
321	1327232
322	1328232
323	1329232
324	1330232
325	1331232
326	1332232
327	1333232
328	1334232
329	1335232
330	1336232
331	1337232
332	1338232
333	1339232
334	1340232
335	1341232
336	1342232
337	1343232
338	1344232
339	1345232
340	1346231
341	1347232
342	1348232
343	1349232
344	1350232
345	1351232
346	1352232
347	1353232
348	1354232
349	1355232
350	1356232
351	1357232
352	1358232
353	1359232
354	1360232
355	1361232
356	1362232
357	1363232
358	1364232
359	1365232
360	1366232
361	1367232
362	1368232
363	1369232
364	1370232
365	1371232
366	1372232
367	1373232
368	1374232
369	1375232
370	1376232
371	1377232
372	1378232
373	1379232
374	1380232
375	1381232
376	1382232
377	1383232
378	1384232
379	1385232
380	1386232
381	1387232
382	1388232
383	1389232
384	1390232
385	1391232
386	1392232
387	1393232
388	1394232
389	1395232
390	1396232
391	1397232
392	1398232
393	1399232
394	1400232
395	1401232
396	1402232
397	1403232
398	1404232
399	1405232
400	1406232
401	1407232
402	1408232
403	1409232
404	1410232
405	1411232
406	1412232
407	1413232
408	1414232
409	1415232
410	1416232
411	1417232
412	1418232
413	1419232
414	1420232
415	1421232
416	1422232
417	1423232
418	1424232
419	1425232
420	1426232
421	1427232
422	1428232
423	1429232
424	1430232
425	1431232
426	1432232
427	1433232
428	1434232
429	1435232
430	1436232
431	1437232
432	1438232
433	1439232
434	1440232
435	1441232
436	1442232
437	1443232
438	1444232
439	1445232
440	1446232
441	1447232
442	1448232
443	1449232
444	1450232
445	1451232
446	1452232
447	1453232
448	1454232
449	1455232
450	1456232
451	1457232
452	1458232
453	1459232
454	1460232
455	1461232
456	1462232
457	1463232
458	1464232
459	1465232
460	1466232
461	1467232
462	1468232
463	1469232
464	1470232
465	1471232
466	1472232
467	1473232
468	1474232
469	1475232
470	1476232
471	1477232
472	1478232
473	1479232
474	1480232
475	1481232
476	1482232
477	1483232
478	1484232
479	1485232
480	1486232
481	1487232
482	1488232
483	1489232
484	1490232
485	1491232
486	1492232
487	1493232
488	1494232
489	1495232
490	1496232
491	1497232
492	1498232
493	1499232
494	1500232
495	1501232
496	1502232
497	1503232
498	1504232
499	1505232
500	1506232
501	1507232
502	1508232
503	1509232
504	1510232
505	1511232
506	1512232
507	1513232
508	1514232
509	1515232
510	1516232
511	1517232
512	1518232
513	1519232
514	1520232
515	1521232
516	1522231
517	1523232
518	1524232
519	1525232
520	1526232
521	1527232
522	1528232
523	1529232
524	1530232
525	1531232
526	1532232
527	1533232
528	1534232
529	1535230
530	1536232
531	1537232
532	1538232
533	1539232
534	1540232
535	1541232
536	1542232
537	1543232
538	1544232
539	1545232
540	1546232
541	1547232
542	1548232
543	1549232
544	1550232
545	1551232
546	1552232
547	1553232
548	1554232
549	1555232
550	1556232
551	1557232
552	1558232
553	1559232
554	1560232
555	1561232
556	1562232
557	1563232
558	1564232
559	1565232
560	1566232
561	1567232
562	1568232
563	1569232
564	1570232
565	1571232
566	1572232
567	1573232
568	1574232
569	1575232
570	1576232
571	1577232
572	1578232
573	1579232
574	1580232
575	1581232
576	1582232
577	1583232
578	1584232
579	1585232
580	1586232
581	1587232
582	1588232
583	1589232
584	1590232
585	1591232
586	1592232
587	1593232
588	1594232
589	1595232
590	1596232
591	1597232
592	1598232
593	1599232
594	1600232
595	1601232
596	1602231
597	1603232
598	1604232
599	1605232
600	1606232
601	1607232
602	1608232
603	1609232
604	1610232
605	1611232
606	1612232
607	1613232
608	1614232
609	1615232
610	1616232
611	1617232
612	1618232
613	1619232
614	1620232
615	1621232
616	1622232
617	1623232
618	1624232
619	1625232
620	1626232
621	1627232
622	1628232
623	1629232
624	1630232
625	1631232
626	1632232
627	1633232
628	1634232
629	1635232
630	1636232
631	1637232
632	1638232
633	1639232
634	1640232
635	1641232
636	1642232
637	1643232
638	1644232
639	1645232
640	1646232
641	1647232
642	1648232
643	1649232
644	1650232
645	1651232
646	1652232
647	1653232
648	1654232
649	1655232
650	1656232
651	1657232
652	1658232
653	1659232
654	1660232
655	1661232
656	1662232
657	1663232
658	1664232
659	1665232
660	1666232
661	1667232
662	1668232
663	1669232
664	1670232
665	1671232
666	1672232
667	1673232
668	1674232
669	1675232
670	1676232
671	1677232
672	1678232
673	1679232
674	1680232
675	1681232
676	1682232
677	1683232
678	1684232
679	1685232
680	1686232
681	1687232
682	1688232
683	1689232
684	1690232
685	1691232
686	1692232
687	1693232
688	1694232
689	1695232
690	1696232
691	1697232
692	1698232
693	1699232
694	1700232
695	1701232
696	1702232
697	1703232
698	1704232
699	1705232
700	1706232
701	1707232
702	1708232
703	1709232
704	1710232
705	1711232
706	1712232
707	1713232
708	1714232
709	1715232
710	1716232
711	1717232
712	1718232
713	1719232
714	1720232
715	1721232
716	1722232
717	1723232
718	1724232
719	1725232
720	1726232
721	1727232
722	1728232
723	1729232
724	1730232
725	1731232
726	1732232
727	1733232
728	1734232
729	1735232
730	1736232
731	1737232
732	1738232
733	1739232
734	1740232
735	1741232
736	1742232
737	1743232
738	1744232
739	1745232
740	1746232
741	1747232
742	1748232
743	1749232
744	1750232
745	1751232
746	1752232
747	1753232
748	1754232
749	1755232
750	1756232
751	1757232
752	1758232
753	1759232
754	1760232
755	1761232
756	1762232
757	1763232
758	1764232
759	1765232
760	1766232
761	1767232
762	1768232
763	1769232
764	1770232
765	1771232
766	1772232
767	1773232
768	1774232
769	1775232
770	1776232
771	1777232
772	1778232
773	1779232
774	1780232
775	1781232
776	1782232
777	1783232
778	1784232
779	1785232
780	1786232
781	1787232
782	1788232
783	1789232
784	1790232
785	1791230
786	1792232
787	1793232
788	1794232
789	1795232
790	1796232
791	1797232
792	1798232
793	1799232
794	1800232
795	1801232
796	1802232
797	1803232
798	1804232
799	1805232
800	1806232
801	1807232
802	1808232
803	1809232
804	1810232
805	1811232
806	1812232
807	1813232
808	1814232
809	1815232
810	1816232
811	1817232
812	1818232
813	1819232
814	1820232
815	1821232
816	1822232
817	1823232
818	1824232
819	1825232
820	1826232
821	1827232
822	1828232
823	1829232
824	1830232
825	1831232
826	1832232
827	1833232
828	1834232
829	1835232
830	1836232
831	1837232
832	1838232
833	1839232
834	1840232
835	1841232
836	1842232
837	1843232
838	1844232
839	1845232
840	1846232
841	1847232
842	1848232
843	1849232
844	1850232
845	1851232
846	1852232
847	1853232
848	1854232
849	1855232
850	1856232
851	1857232
852	1858231
853	1859232
854	1860232
855	1861232
856	1862232
857	1863232
858	1864232
859	1865232
860	1866232
861	1867232
862	1868232
863	1869232
864	1870232
865	1871232
866	1872232
867	1873232
868	1874232
869	1875232
870	1876232
871	1877232
872	1878232
873	1879232
874	1880232
875	1881232
876	1882232
877	1883232
878	1884232
879	1885232
880	1886232
881	1887232
882	1888232
883	1889232
884	1890232
885	1891232
886	1892232
887	1893232
888	1894232
889	1895232
890	1896232
891	1897232
892	1898232
893	1899232
894	1900232
895	1901232
896	1902232
897	1903232
898	1904232
899	1905232
900	1906232
901	1907232
902	1908232
903	1909232
904	1910232
905	1911232
906	1912232
907	1913232
908	1914232
909	1915232
910	1916232
911	1917232
912	1918232
913	1919232
914	1920232
915	1921232
916	1922232
917	1923232
918	1924232
919	1925232
920	1926232
921	1927232
922	1928232
923	1929232
924	1930232
925	1931232
926	1932232
927	1933232
928	1934232
929	1935232
930	1936232
931	1937232
932	1938232
933	1939232
934	1940232
935	1941232
936	1942232
937	1943232
938	1944232
939	1945232
940	1946232
941	1947232
942	1948232
943	1949232
944	1950232
945	1951232
946	1952232
947	1953232
948	1954232
949	1955232
950	1956232
951	1957232
952	1958232
953	1959232
954	1960232
955	1961232
956	1962232
957	1963232
958	1964232
959	1965232
960	1966232
961	1967232
962	1968232
963	1969232
964	1970232
965	1971232
966	1972232
967	1973232
968	1974232
969	1975232
970	1976232
971	1977232
972	1978232
973	1979232
974	1980232
975	1981232
976	1982232
977	1983232
978	1984232
979	1985232
980	1986232
981	1987232
982	1988232
983	1989232
984	1990232
985	1991232
986	1992232
987	1993232
988	1994232
989	1995232
990	1996232
991	1997232
992	1998232
993	1999232
994	2000232
995	2001232
996	2002232
997	2003232
998	2004232
999	2005232
1000	2006232
1001	2007232
1002	2008232
1003	2009232
1004	2010232
1005	2011232
1006	2012232
1007	2013232
1008	2014232
1009	2015232
1010	2016232
1011	2017232
1012	2018232
1013	2019232
1014	2020232
1015	2021232
1016	2022232
1017	2023232
1018	2024232
1019	2025232
1020	2026232
1021	2027232
1022	2028232
1023	2029232
1024	2030232
1025	2031232
1026	2032232
1027	2033232
1028	2034232
1029	2035232
1030	2036232
1031	2037232
1032	2038232
1033	2039232
1034	2040232
1035	2041232
1036	2042232
1037	2043232
1038	2044232
1039	2045232
1040	2046232
1041	2047230
1042	2048232
1043	2049232
1044	2050232
1045	2051232
1046	2052232
1047	2053232
1048	2054232
1049	2055232
1050	2056232
1051	2057232
1052	2058232
1053	2059232
1054	2060232
1055	2061232
1056	2062232
1057	2063232
1058	2064232
1059	2065232
1060	2066232
1061	2067232
1062	2068232
1063	2069232
1064	2070232
1065	2071232
1066	2072232
1067	2073232
1068	2074232
1069	2075232
1070	2076232
1071	2077232
1072	2078232
1073	2079232
1074	2080232
1075	2081232
1076	2082232
1077	2083232
1078	2084232
1079	2085232
1080	2086232
1081	2087232
1082	2088232
1083	2089232
1084	2090232
1085	2091232
1086	2092232
1087	2093232
1088	2094232
1089	2095232
1090	2096232
1091	2097232
1092	2098232
1093	2099232
1094	2100232
1095	2101232
1096	2102232
1097	2103232
1098	2104232
1099	2105232
1100	2106232
1101	2107232
1102	2108232
1103	2109232
1104	2110232
1105	2111232
1106	2112232
1107	2113232
1108	2114229
1109	2115232
1110	2116232
1111	2117232
1112	2118232
1113	2119232
1114	2120232
1115	2121232
1116	2122232
1117	2123232
1118	2124232
1119	2125232
1120	2126232
1121	2127232
1122	2128232
1123	2129232
1124	2130232
1125	2131232
1126	2132232
1127	2133232
1128	2134232
1129	2135232
1130	2136232
1131	2137232
1132	2138232
1133	2139232
1134	2140232
1135	2141232
1136	2142232
1137	2143232
1138	2144232
1139	2145232
1140	2146232
1141	2147232
1142	2148232
1143	2149232
1144	2150232
1145	2151232
1146	2152232
1147	2153232
1148	2154232
1149	2155232
1150	2156232
1151	2157232
1152	2158232
1153	2159232
1154	2160232
1155	2161232
1156	2162232
1157	2163232
1158	2164232
1159	2165232
1160	2166232
1161	2167232
1162	2168232
1163	2169232
1164	2170232
1165	2171232
1166	2172232
1167	2173232
1168	2174232
1169	2175232
1170	2176232
1171	2177232
1172	2178232
1173	2179232
1174	2180232
1175	2181232
1176	2182232
1177	2183232
1178	2184232
1179	2185232
1180	2186232
1181	2187232
1182	2188232
1183	2189232
1184	2190232
1185	2191232
1186	2192232
1187	2193232
1188	2194232
1189	2195232
1190	2196232
1191	2197232
1192	2198232
1193	2199232
1194	2200232
1195	2201232
1196	2202232
1197	2203232
1198	2204232
1199	2205232
1200	2206232
1201	2207232
1202	2208232
1203	2209232
1204	2210232
1205	2211232
1206	2212232
1207	2213232
1208	2214232
1209	2215232
1210	2216232
1211	2217232
1212	2218232
1213	2219232
1214	2220232
1215	2221232
1216	2222232
1217	2223232
1218	2224232
1219	2225232
1220	2226232
1221	2227232
1222	2228232
1223	2229232
1224	2230232
1225	2231232
1226	2232232
1227	2233232
1228	2234232
1229	2235232
1230	2236232
1231	2237232
1232	2238232
1233	2239232
1234	2240232
1235	2241232
1236	2242232
1237	2243232
1238	2244232
1239	2245232
1240	2246232
1241	2247232
1242	2248232
1243	2249232
1244	2250232
1245	2251232
1246	2252232
1247	2253232
1248	2254232
1249	2255232
1250	2256232
1251	2257232
1252	2258232
1253	2259232
1254	2260232
1255	2261232
1256	2262232
1257	2263232
1258	2264232
1259	2265232
1260	2266232
1261	2267232
1262	2268232
1263	2269232
1264	2270232
1265	2271232
1266	2272232
1267	2273232
1268	2274232
1269	2275232
1270	2276232
1271	2277232
1272	2278232
1273	2279232
1274	2280232
1275	2281232
1276	2282232
1277	2283232
1278	2284232
1279	2285232
1280	2286232
1281	2287232
1282	2288232
1283	2289232
1284	2290231
1285	2291232
1286	2292232
1287	2293232
1288	2294232
1289	2295232
1290	2296232
1291	2297232
1292	2298232
1293	2299232
1294	2300232
1295	2301232
1296	2302232
1297	2303230
1298	2304232
1299	2305232
1300	2306232
1301	2307232
1302	2308232
1303	2309232
1304	2310232
1305	2311232
1306	2312232
1307	2313232
1308	2314232
1309	2315232
1310	2316232
1311	2317232
1312	2318232
1313	2319232
1314	2320232
1315	2321232
1316	2322232
1317	2323232
1318	2324232
1319	2325232
1320	2326232
1321	2327232
1322	2328232
1323	2329232
1324	2330232
1325	2331232
1326	2332232
1327	2333232
1328	2334232
1329	2335232
1330	2336232
1331	2337232
1332	2338232
1333	2339232
1334	2340232
1335	2341232
1336	2342232
1337	2343232
1338	2344232
1339	2345232
1340	2346232
1341	2347232
1342	2348232
1343	2349232
1344	2350232
1345	2351232
1346	2352232
1347	2353232
1348	2354232
1349	2355232
1350	2356232
1351	2357232
1352	2358232
1353	2359232
1354	2360232
1355	2361232
1356	2362232
1357	2363232
1358	2364232
1359	2365232
1360	2366232
1361	2367232
1362	2368232
1363	2369232
1364	2370231
1365	2371232
1366	2372232
1367	2373232
1368	2374232
1369	2375232
1370	2376232
1371	2377232
1372	2378232
1373	2379232
1374	2380232
1375	2381232
1376	2382232
1377	2383232
1378	2384232
1379	2385232
1380	2386232
1381	2387232
1382	2388232
1383	2389232
1384	2390232
1385	2391232
1386	2392232
1387	2393232
1388	2394232
1389	2395232
1390	2396232
1391	2397232
1392	2398232
1393	2399232
1394	2400232
1395	2401232
1396	2402232
1397	2403232
1398	2404232
1399	2405232
1400	2406232
1401	2407232
1402	2408232
1403	2409232
1404	2410232
1405	2411232
1406	2412232
1407	2413232
1408	2414232
1409	2415232
1410	2416232
1411	2417232
1412	2418232
1413	2419232
1414	2420232
1415	2421232
1416	2422232
1417	2423232
1418	2424232
1419	2425232
1420	2426232
1421	2427232
1422	2428232
1423	2429232
1424	2430232
1425	2431232
1426	2432232
1427	2433232
1428	2434232
1429	2435232
1430	2436232
1431	2437232
1432	2438232
1433	2439232
1434	2440232
1435	2441232
1436	2442232
1437	2443232
1438	2444232
1439	2445232
1440	2446232
1441	2447232
1442	2448232
1443	2449232
1444	2450232
1445	2451232
1446	2452232
1447	2453232
1448	2454232
1449	2455232
1450	2456232
1451	2457232
1452	2458232
1453	2459232
1454	2460232
1455	2461232
1456	2462232
1457	2463232
1458	2464232
1459	2465232
1460	2466232
1461	2467232
1462	2468232
1463	2469232
1464	2470232
1465	2471232
1466	2472232
1467	2473232
1468	2474232
1469	2475232
1470	2476232
1471	2477232
1472	2478232
1473	2479232
1474	2480232
1475	2481232
1476	2482232
1477	2483232
1478	2484232
1479	2485232
1480	2486232
1481	2487232
1482	2488232
1483	2489232
1484	2490232
1485	2491232
1486	2492232
1487	2493232
1488	2494232
1489	2495232
1490	2496232
1491	2497232
1492	2498232
1493	2499232
1494	2500232
1495	2501232
1496	2502232
1497	2503232
1498	2504232
1499	2505232
1500	2506232
1501	2507232
1502	2508232
1503	2509232
1504	2510232
1505	2511232
1506	2512232
1507	2513232
1508	2514232
1509	2515232
1510	2516232
1511	2517232
1512	2518232
1513	2519232
1514	2520232
1515	2521232
1516	2522232
1517	2523232
1518	2524232
1519	2525232
1520	2526232
1521	2527232
1522	2528232
1523	2529232
1524	2530232
1525	2531232
1526	2532232
1527	2533232
1528	2534232
1529	2535232
1530	2536232
1531	2537232
1532	2538232
1533	2539232
1534	2540232
1535	2541232
1536	2542232
1537	2543232
1538	2544232
1539	2545232
1540	2546232
1541	2547232
1542	2548232
1543	2549232
1544	2550232
1545	2551232
1546	2552232
1547	2553232
1548	2554232
1549	2555232
1550	2556232
1551	2557232
1552	2558232
1553	2559230
1554	2560232
1555	2561232
1556	2562232
1557	2563232
1558	2564232
1559	2565232
1560	2566232
1561	2567232
1562	2568232
1563	2569232
1564	2570232
1565	2571232
1566	2572232
1567	2573232
1568	2574232
1569	2575232
1570	2576232
1571	2577232
1572	2578232
1573	2579232
1574	2580232
1575	2581232
1576	2582232
1577	2583232
1578	2584232
1579	2585232
1580	2586232
1581	2587232
1582	2588232
1583	2589232
1584	2590232
1585	2591232
1586	2592232
1587	2593232
1588	2594232
1589	2595232
1590	2596232
1591	2597232
1592	2598232
1593	2599232
1594	2600232
1595	2601232
1596	2602232
1597	2603232
1598	2604232
1599	2605232
1600	2606232
1601	2607232
1602	2608232
1603	2609232
1604	2610232
1605	2611232
1606	2612232
1607	2613232
1608	2614232
1609	2615232
1610	2616232
1611	2617232
1612	2618232
1613	2619232
1614	2620232
1615	2621232
1616	2622232
1617	2623232
1618	2624232
1619	2625232
1620	2626231
1621	2627232
1622	2628232
1623	2629232
1624	2630232
1625	2631232
1626	2632232
1627	2633232
1628	2634232
1629	2635232
1630	2636232
1631	2637232
1632	2638232
1633	2639232
1634	2640232
1635	2641232
1636	2642232
1637	2643232
1638	2644232
1639	2645232
1640	2646232
1641	2647232
1642	2648232
1643	2649232
1644	2650232
1645	2651232
1646	2652232
1647	2653232
1648	2654232
1649	2655232
1650	2656232
1651	2657232
1652	2658232
1653	2659232
1654	2660232
1655	2661232
1656	2662232
1657	2663232
1658	2664232
1659	2665232
1660	2666232
1661	2667232
1662	2668232
1663	2669232
1664	2670232
1665	2671232
1666	2672232
1667	2673232
1668	2674232
1669	2675232
1670	2676232
1671	2677232
1672	2678232
1673	2679232
1674	2680232
1675	2681232
1676	2682232
1677	2683232
1678	2684232
1679	2685232
1680	2686232
1681	2687232
1682	2688232
1683	2689232
1684	2690232
1685	2691232
1686	2692232
1687	2693232
1688	2694232
1689	2695232
1690	2696232
1691	2697232
1692	2698232
1693	2699232
1694	2700232
1695	2701232
1696	2702232
1697	2703232
1698	2704232
1699	2705232
1700	2706232
1701	2707232
1702	2708232
1703	2709232
1704	2710232
1705	2711232
1706	2712232
1707	2713232
1708	2714232
1709	2715232
1710	2716232
1711	2717232
1712	2718232
1713	2719232
1714	2720232
1715	2721232
1716	2722232
1717	2723232
1718	2724232
1719	2725232
1720	2726232
1721	2727232
1722	2728232
1723	2729232
1724	2730232
1725	2731232
1726	2732232
1727	2733232
1728	2734232
1729	2735232
1730	2736232
1731	2737232
1732	2738232
1733	2739232
1734	2740232
1735	2741232
1736	2742232
1737	2743232
1738	2744232
1739	2745232
1740	2746232
1741	2747232
1742	2748232
1743	2749232
1744	2750232
1745	2751232
1746	2752232
1747	2753232
1748	2754232
1749	2755232
1750	2756232
1751	2757232
1752	2758232
1753	2759232
1754	2760232
1755	2761232
1756	2762232
1757	2763232
1758	2764232
1759	2765232
1760	2766232
1761	2767232
1762	2768232
1763	2769232
1764	2770232
1765	2771232
1766	2772232
1767	2773232
1768	2774232
1769	2775232
1770	2776232
1771	2777232
1772	2778232
1773	2779232
1774	2780232
1775	2781232
1776	2782232
1777	2783232
1778	2784232
1779	2785232
1780	2786232
1781	2787232
1782	2788232
1783	2789232
1784	2790232
1785	2791232
1786	2792232
1787	2793232
1788	2794232
1789	2795232
1790	2796232
1791	2797232
1792	2798232
1793	2799232
1794	2800232
1795	2801232
1796	2802232
1797	2803232
1798	2804232
1799	2805232
1800	2806232
1801	2807232
1802	2808232
1803	2809232
1804	2810232
1805	2811232
1806	2812232
1807	2813232
1808	2814232
1809	2815230
1810	2816232
1811	2817232
1812	2818232
1813	2819232
1814	2820232
1815	2821232
1816	2822232
1817	2823232
1818	2824232
1819	2825232
1820	2826232
1821	2827232
1822	2828232
1823	2829232
1824	2830232
1825	2831232
1826	2832232
1827	2833232
1828	2834232
1829	2835232
1830	2836232
1831	2837232
1832	2838232
1833	2839232
1834	2840232
1835	2841232
1836	2842232
1837	2843232
1838	2844232
1839	2845232
1840	2846232
1841	2847232
1842	2848232
1843	2849232
1844	2850232
1845	2851232
1846	2852232
1847	2853232
1848	2854232
1849	2855232
1850	2856232
1851	2857232
1852	2858231
1853	2859232
1854	2860232
1855	2861232
1856	2862232
1857	2863232
1858	2864232
1859	2865232
1860	2866232
1861	2867232
1862	2868232
1863	2869232
1864	2870232
1865	2871232
1866	2872232
1867	2873232
1868	2874232
1869	2875232
1870	2876232
1871	2877232
1872	2878232
1873	2879232
1874	2880232
1875	2881232
1876	2882231
1877	2883232
1878	2884232
1879	2885232
1880	2886232
1881	2887232
1882	2888232
1883	2889232
1884	2890232
1885	2891232
1886	2892232
1887	2893232
1888	2894232
1889	2895232
1890	2896232
1891	2897232
1892	2898232
1893	2899232
1894	2900232
1895	2901232
1896	2902232
1897	2903232
1898	2904232
1899	2905232
1900	2906232
1901	2907232
1902	2908232
1903	2909232
1904	2910232
1905	2911232
1906	2912232
1907	2913232
1908	2914232
1909	2915232
1910	2916232
1911	2917232
1912	2918232
1913	2919232
1914	2920232
1915	2921232
1916	2922232
1917	2923232
1918	2924232
1919	2925232
1920	2926232
1921	2927232
1922	2928232
1923	2929232
1924	2930232
1925	2931232
1926	2932232
1927	2933232
1928	2934232
1929	2935232
1930	2936232
1931	2937232
1932	2938232
1933	2939232
1934	2940232
1935	2941232
1936	2942232
1937	2943232
1938	2944232
1939	2945232
1940	2946232
1941	2947232
1942	2948232
1943	2949232
1944	2950232
1945	2951232
1946	2952232
1947	2953232
1948	2954232
1949	2955232
1950	2956232
1951	2957232
1952	2958232
1953	2959232
1954	2960232
1955	2961232
1956	2962232
1957	2963232
1958	2964232
1959	2965232
1960	2966232
1961	2967232
1962	2968232
1963	2969232
1964	2970232
1965	2971232
1966	2972232
1967	2973232
1968	2974232
1969	2975232
1970	2976232
1971	2977232
1972	2978232
1973	2979232
1974	2980232
1975	2981232
1976	2982232
1977	2983232
1978	2984232
1979	2985232
1980	2986232
1981	2987232
1982	2988232
1983	2989232
1984	2990232
1985	2991232
1986	2992232
1987	2993232
1988	2994232
1989	2995232
1990	2996232
1991	2997232
1992	2998232
1993	2999232
1994	3000232
1995	3001232
1996	3002232
1997	3003232
1998	3004232
1999	3005232
2000	3006232
2001	3007232
2002	3008232
2003	3009232
2004	3010232
2005	3011232
2006	3012232
2007	3013232
2008	3014232
2009	3015232
2010	3016232
2011	3017232
2012	3018232
2013	3019232
2014	3020232
2015	3021232
2016	3022232
2017	3023232
2018	3024232
2019	3025232
2020	3026232
2021	3027232
2022	3028232
2023	3029232
2024	3030232
2025	3031232
2026	3032232
2027	3033232
2028	3034232
2029	3035232
2030	3036232
2031	3037232
2032	3038232
2033	3039232
2034	3040232
2035	3041232
2036	3042232
2037	3043232
2038	3044232
2039	3045232
2040	3046232
2041	3047232
2042	3048232
2043	3049232
2044	3050232
2045	3051232
2046	3052232
2047	3053232
2048	3054232
2049	3055232
2050	3056232
2051	3057232
2052	3058232
2053	3059232
2054	3060232
2055	3061232
2056	3062232
2057	3063232
2058	3064232
2059	3065232
2060	3066232
2061	3067232
2062	3068232
2063	3069232
2064	3070232
2065	3071230
2066	3072232
2067	3073232
2068	3074232
2069	3075232
2070	3076232
2071	3077232
2072	3078232
2073	3079232
2074	3080232
2075	3081232
2076	3082232
2077	3083232
2078	3084232
2079	3085232
2080	3086232
2081	3087232
2082	3088232
2083	3089232
2084	3090232
2085	3091232
2086	3092232
2087	3093232
2088	3094232
2089	3095232
2090	3096232
2091	3097232
2092	3098232
2093	3099232
2094	3100232
2095	3101232
2096	3102232
2097	3103232
2098	3104232
2099	3105232
2100	3106232
2101	3107232
2102	3108232
2103	3109232
2104	3110232
2105	3111232
2106	3112232
2107	3113232
2108	3114232
2109	3115232
2110	3116232
2111	3117232
2112	3118232
2113	3119232
2114	3120232
2115	3121232
2116	3122232
2117	3123232
2118	3124232
2119	3125232
2120	3126232
2121	3127232
2122	3128232
2123	3129232
2124	3130232
2125	3131232
2126	3132232
2127	3133232
2128	3134232
2129	3135232
2130	3136232
2131	3137232
2132	3138231
2133	3139232
2134	3140232
2135	3141232
2136	3142232
2137	3143232
2138	3144232
2139	3145232
2140	3146232
2141	3147232
2142	3148232
2143	3149232
2144	3150232
2145	3151232
2146	3152232
2147	3153232
2148	3154232
2149	3155232
2150	3156232
2151	3157232
2152	3158232
2153	3159232
2154	3160232
2155	3161232
2156	3162232
2157	3163232
2158	3164232
2159	3165232
2160	3166232
2161	3167232
2162	3168232
2163	3169232
2164	3170232
2165	3171232
2166	3172232
2167	3173232
2168	3174232
2169	3175232
2170	3176232
2171	3177232
2172	3178232
2173	3179232
2174	3180232
2175	3181232
2176	3182232
2177	3183232
2178	3184232
2179	3185232
2180	3186232
2181	3187232
2182	3188232
2183	3189232
2184	3190232
2185	3191232
2186	3192232
2187	3193232
2188	3194232
2189	3195232
2190	3196232
2191	3197232
2192	3198232
2193	3199232
2194	3200232
2195	3201232
2196	3202232
2197	3203232
2198	3204232
2199	3205232
2200	3206232
2201	3207232
2202	3208232
2203	3209232
2204	3210232
2205	3211232
2206	3212232
2207	3213232
2208	3214232
2209	3215232
2210	3216232
2211	3217232
2212	3218232
2213	3219232
2214	3220232
2215	3221232
2216	3222232
2217	3223232
2218	3224232
2219	3225232
2220	3226232
2221	3227232
2222	3228232
2223	3229232
2224	3230232
2225	3231232
2226	3232232
2227	3233232
2228	3234232
2229	3235232
2230	3236232
2231	3237232
2232	3238232
2233	3239232
2234	3240232
2235	3241232
2236	3242232
2237	3243232
2238	3244232
2239	3245232
2240	3246232
2241	3247232
2242	3248232
2243	3249232
2244	3250232
2245	3251232
2246	3252232
2247	3253232
2248	3254232
2249	3255232
2250	3256232
2251	3257232
2252	3258232
2253	3259232
2254	3260232
2255	3261232
2256	3262232
2257	3263232
2258	3264232
2259	3265232
2260	3266232
2261	3267232
2262	3268232
2263	3269232
2264	3270232
2265	3271232
2266	3272232
2267	3273232
2268	3274232
2269	3275232
2270	3276232
2271	3277232
2272	3278232
2273	3279232
2274	3280232
2275	3281232
2276	3282232
2277	3283232
2278	3284232
2279	3285232
2280	3286232
2281	3287232
2282	3288232
2283	3289232
2284	3290232
2285	3291232
2286	3292232
2287	3293232
2288	3294232
2289	3295232
2290	3296232
2291	3297232
2292	3298232
2293	3299232
2294	3300232
2295	3301232
2296	3302232
2297	3303232
2298	3304232
2299	3305232
2300	3306232
2301	3307232
2302	3308232
2303	3309232
2304	3310232
2305	3311232
2306	3312232
2307	3313232
2308	3314232
2309	3315232
2310	3316232
2311	3317232
2312	3318232
2313	3319232
2314	3320232
2315	3321232
2316	3322232
2317	3323232
2318	3324232
2319	3325232
2320	3326232
2321	3327230
2322	3328232
2323	3329232
2324	3330232
2325	3331232
2326	3332232
2327	3333232
2328	3334232
2329	3335232
2330	3336232
2331	3337232
2332	3338232
2333	3339232
2334	3340232
2335	3341232
2336	3342232
2337	3343232
2338	3344232
2339	3345232
2340	3346232
2341	3347232
2342	3348232
2343	3349232
2344	3350232
2345	3351232
2346	3352232
2347	3353232
2348	3354232
2349	3355232
2350	3356232
2351	3357232
2352	3358232
2353	3359232
2354	3360232
2355	3361232
2356	3362232
2357	3363232
2358	3364232
2359	3365232
2360	3366232
2361	3367232
2362	3368232
2363	3369232
2364	3370232
2365	3371232
2366	3372232
2367	3373232
2368	3374232
2369	3375232
2370	3376232
2371	3377232
2372	3378232
2373	3379232
2374	3380232
2375	3381232
2376	3382232
2377	3383232
2378	3384232
2379	3385232
2380	3386232
2381	3387232
2382	3388232
2383	3389232
2384	3390232
2385	3391232
2386	3392232
2387	3393232
2388	3394231
2389	3395232
2390	3396232
2391	3397232
2392	3398232
2393	3399232
2394	3400232
2395	3401232
2396	3402232
2397	3403232
2398	3404232
2399	3405232
2400	3406232
2401	3407232
2402	3408232
2403	3409232
2404	3410232
2405	3411232
2406	3412232
2407	3413232
2408	3414232
2409	3415232
2410	3416232
2411	3417232
2412	3418232
2413	3419232
2414	3420232
2415	3421232
2416	3422232
2417	3423232
2418	3424232
2419	3425232
2420	3426232
2421	3427232
2422	3428232
2423	3429232
2424	3430232
2425	3431232
2426	3432232
2427	3433232
2428	3434232
2429	3435232
2430	3436232
2431	3437232
2432	3438232
2433	3439232
2434	3440232
2435	3441232
2436	3442232
2437	3443232
2438	3444232
2439	3445232
2440	3446232
2441	3447232
2442	3448232
2443	3449232
2444	3450232
2445	3451232
2446	3452232
2447	3453232
2448	3454232
2449	3455232
2450	3456232
2451	3457232
2452	3458232
2453	3459232
2454	3460232
2455	3461232
2456	3462232
2457	3463232
2458	3464232
2459	3465232
2460	3466232
2461	3467232
2462	3468232
2463	3469232
2464	3470232
2465	3471232
2466	3472232
2467	3473232
2468	3474232
2469	3475232
2470	3476232
2471	3477232
2472	3478232
2473	3479232
2474	3480232
2475	3481232
2476	3482232
2477	3483232
2478	3484232
2479	3485232
2480	3486232
2481	3487232
2482	3488232
2483	3489232
2484	3490232
2485	3491232
2486	3492232
2487	3493232
2488	3494232
2489	3495232
2490	3496232
2491	3497232
2492	3498232
2493	3499232
2494	3500232
2495	3501232
2496	3502232
2497	3503232
2498	3504232
2499	3505232
2500	3506232
2501	3507232
2502	3508232
2503	3509232
2504	3510232
2505	3511232
2506	3512232
2507	3513232
2508	3514232
2509	3515232
2510	3516232
2511	3517232
2512	3518232
2513	3519232
2514	3520232
2515	3521232
2516	3522232
2517	3523232
2518	3524232
2519	3525232
2520	3526232
2521	3527232
2522	3528232
2523	3529232
2524	3530232
2525	3531232
2526	3532232
2527	3533232
2528	3534232
2529	3535232
2530	3536232
2531	3537232
2532	3538232
2533	3539232
2534	3540232
2535	3541232
2536	3542232
2537	3543232
2538	3544232
2539	3545232
2540	3546232
2541	3547232
2542	3548232
2543	3549232
2544	3550232
2545	3551232
2546	3552232
2547	3553232
2548	3554232
2549	3555232
2550	3556232
2551	3557232
2552	3558232
2553	3559232
2554	3560232
2555	3561232
2556	3562232
2557	3563232
2558	3564232
2559	3565232
2560	3566232
2561	3567231
2562	3568232
2563	3569232
2564	3570232
2565	3571232
2566	3572232
2567	3573232
2568	3574232
2569	3575232
2570	3576232
2571	3577232
2572	3578232
2573	3579232
2574	3580232
2575	3581232
2576	3582232
2577	3583230
2578	3584232
2579	3585232
2580	3586232
2581	3587232
2582	3588232
2583	3589232
2584	3590232
2585	3591232
2586	3592232
2587	3593232
2588	3594232
2589	3595232
2590	3596232
2591	3597232
2592	3598232
2593	3599232
2594	3600232
2595	3601232
2596	3602232
2597	3603232
2598	3604232
2599	3605232
2600	3606232
2601	3607232
2602	3608232
2603	3609232
2604	3610232
2605	3611232
2606	3612232
2607	3613232
2608	3614232
2609	3615232
2610	3616232
2611	3617232
2612	3618232
2613	3619232
2614	3620232
2615	3621232
2616	3622232
2617	3623232
2618	3624232
2619	3625232
2620	3626232
2621	3627232
2622	3628232
2623	3629232
2624	3630232
2625	3631232
2626	3632232
2627	3633232
2628	3634232
2629	3635232
2630	3636232
2631	3637232
2632	3638232
2633	3639232
2634	3640232
2635	3641232
2636	3642232
2637	3643232
2638	3644232
2639	3645232
2640	3646232
2641	3647232
2642	3648232
2643	3649232
2644	3650230
2645	3651232
2646	3652232
2647	3653232
2648	3654232
2649	3655232
2650	3656232
2651	3657232
2652	3658232
2653	3659232
2654	3660232
2655	3661232
2656	3662232
2657	3663232
2658	3664232
2659	3665232
2660	3666232
2661	3667232
2662	3668232
2663	3669232
2664	3670232
2665	3671232
2666	3672232
2667	3673232
2668	3674232
2669	3675232
2670	3676232
2671	3677232
2672	3678232
2673	3679232
2674	3680232
2675	3681232
2676	3682232
2677	3683232
2678	3684232
2679	3685232
2680	3686232
2681	3687232
2682	3688232
2683	3689232
2684	3690232
2685	3691232
2686	3692232
2687	3693232
2688	3694232
2689	3695232
2690	3696232
2691	3697232
2692	3698232
2693	3699232
2694	3700232
2695	3701232
2696	3702232
2697	3703232
2698	3704232
2699	3705232
2700	3706232
2701	3707232
2702	3708232
2703	3709232
2704	3710232
2705	3711232
2706	3712232
2707	3713232
2708	3714232
2709	3715232
2710	3716232
2711	3717232
2712	3718232
2713	3719232
2714	3720232
2715	3721232
2716	3722232
2717	3723232
2718	3724232
2719	3725232
2720	3726232
2721	3727232
2722	3728232
2723	3729232
2724	3730232
2725	3731232
2726	3732232
2727	3733232
2728	3734232
2729	3735232
2730	3736232
2731	3737232
2732	3738232
2733	3739232
2734	3740232
2735	3741232
2736	3742232
2737	3743232
2738	3744232
2739	3745232
2740	3746232
2741	3747232
2742	3748232
2743	3749232
2744	3750232
2745	3751232
2746	3752232
2747	3753232
2748	3754232
2749	3755232
2750	3756232
2751	3757232
2752	3758232
2753	3759232
2754	3760232
2755	3761232
2756	3762232
2757	3763232
2758	3764232
2759	3765232
2760	3766232
2761	3767232
2762	3768232
2763	3769232
2764	3770232
2765	3771232
2766	3772232
2767	3773232
2768	3774232
2769	3775232
2770	3776232
2771	3777232
2772	3778232
2773	3779232
2774	3780232
2775	3781232
2776	3782232
2777	3783232
2778	3784232
2779	3785232
2780	3786232
2781	3787232
2782	3788232
2783	3789232
2784	3790232
2785	3791232
2786	3792232
2787	3793232
2788	3794232
2789	3795232
2790	3796232
2791	3797232
2792	3798232
2793	3799232
2794	3800232
2795	3801232
2796	3802232
2797	3803232
2798	3804232
2799	3805232
2800	3806236
2801	3807232
2802	3808232
2803	3809232
2804	3810232
2805	3811232
2806	3812232
2807	3813232
2808	3814232
2809	3815232
2810	3816232
2811	3817232
2812	3818232
2813	3819232
2814	3820232
2815	3821232
2816	3822232
2817	3823232
2818	3824232
2819	3825232
2820	3826232
2821	3827232
2822	3828232
2823	3829232
2824	3830232
2825	3831232
2826	3832232
2827	3833232
2828	3834232
2829	3835232
2830	3836232
2831	3837232
2832	3838232
2833	3839230
2834	3840232
2835	3841232
2836	3842232
2837	3843232
2838	3844232
2839	3845232
2840	3846232
2841	3847232
2842	3848232
2843	3849232
2844	3850232
2845	3851232
2846	3852232
2847	3853232
2848	3854232
2849	3855232
2850	3856232
2851	3857232
2852	3858232
2853	3859232
2854	3860232
2855	3861232
2856	3862232
2857	3863232
2858	3864232
2859	3865232
2860	3866232
2861	3867232
2862	3868232
2863	3869232
2864	3870232
2865	3871232
2866	3872232
2867	3873232
2868	3874232
2869	3875232
2870	3876232
2871	3877232
2872	3878232
2873	3879232
2874	3880232
2875	3881232
2876	3882232
2877	3883232
2878	3884232
2879	3885232
2880	3886232
2881	3887232
2882	3888232
2883	3889232
2884	3890232
2885	3891232
2886	3892232
2887	3893232
2888	3894232
2889	3895232
2890	3896232
2891	3897232
2892	3898232
2893	3899232
2894	3900232
2895	3901232
2896	3902232
2897	3903232
2898	3904232
2899	3905232
2900	3906231
2901	3907232
2902	3908232
2903	3909232
2904	3910232
2905	3911232
2906	3912232
2907	3913232
2908	3914232
2909	3915232
2910	3916232
2911	3917232
2912	3918232
2913	3919232
2914	3920232
2915	3921232
2916	3922232
2917	3923232
2918	3924232
2919	3925232
2920	3926232
2921	3927232
2922	3928232
2923	3929232
2924	3930232
2925	3931232
2926	3932232
2927	3933232
2928	3934232
2929	3935232
2930	3936232
2931	3937232
2932	3938232
2933	3939232
2934	3940232
2935	3941232
2936	3942232
2937	3943232
2938	3944232
2939	3945232
2940	3946232
2941	3947232
2942	3948232
2943	3949232
2944	3950232
2945	3951232
2946	3952232
2947	3953232
2948	3954232
2949	3955232
2950	3956232
2951	3957232
2952	3958232
2953	3959232
2954	3960232
2955	3961232
2956	3962232
2957	3963232
2958	3964232
2959	3965232
2960	3966232
2961	3967232
2962	3968232
2963	3969232
2964	3970232
2965	3971232
2966	3972232
2967	3973232
2968	3974232
2969	3975232
2970	3976232
2971	3977232
2972	3978232
2973	3979232
2974	3980232
2975	3981232
2976	3982232
2977	3983232
2978	3984232
2979	3985232
2980	3986232
2981	3987232
2982	3988232
2983	3989232
2984	3990232
2985	3991232
2986	3992232
2987	3993232
2988	3994232
2989	3995232
2990	3996232
2991	3997232
2992	3998232
2993	3999232
2994	4000232
2995	4001232
2996	4002232
2997	4003232
2998	4004232
2999	4005232
3000	4006232
3001	4007232
3002	4008232
3003	4009232
3004	4010232
3005	4011232
3006	4012232
3007	4013232
3008	4014232
3009	4015232
3010	4016232
3011	4017232
3012	4018232
3013	4019232
3014	4020232
3015	4021232
3016	4022232
3017	4023232
3018	4024232
3019	4025232
3020	4026232
3021	4027232
3022	4028232
3023	4029232
3024	4030232
3025	4031232
3026	4032232
3027	4033232
3028	4034232
3029	4035232
3030	4036232
3031	4037232
3032	4038232
3033	4039232
3034	4040232
3035	4041232
3036	4042232
3037	4043232
3038	4044232
3039	4045232
3040	4046232
3041	4047232
3042	4048232
3043	4049232
3044	4050232
3045	4051232
3046	4052232
3047	4053232
3048	4054232
3049	4055232
3050	4056232
3051	4057232
3052	4058232
3053	4059232
3054	4060232
3055	4061232
3056	4062232
3057	4063232
3058	4064232
3059	4065232
3060	4066232
3061	4067232
3062	4068232
3063	4069232
3064	4070232
3065	4071232
3066	4072232
3067	4073232
3068	4074232
3069	4075232
3070	4076232
3071	4077232
3072	4078232
3073	4079232
3074	4080232
3075	4081232
3076	4082232
3077	4083232
3078	4084232
3079	4085232
3080	4086232
3081	4087232
3082	4088232
3083	4089232
3084	4090232
3085	4091232
3086	4092232
3087	4093232
3088	4094232
3089	4095230
3090	4096232
3091	4097232
3092	4098232
3093	4099232
3094	4100232
3095	4101232
3096	4102232
3097	4103232
3098	4104232
3099	4105232
3100	4106232
3101	4107232
3102	4108232
3103	4109232
3104	4110232
3105	4111232
3106	4112232
3107	4113232
3108	4114232
3109	4115232
3110	4116232
3111	4117232
3112	4118232
3113	4119232
3114	4120232
3115	4121232
3116	4122232
3117	4123232
3118	4124232
3119	4125232
3120	4126232
3121	4127232
3122	4128232
3123	4129232
3124	4130232
3125	4131232
3126	4132232
3127	4133232
3128	4134232
3129	4135232
3130	4136232
3131	4137232
3132	4138232
3133	4139232
3134	4140232
3135	4141232
3136	4142232
3137	4143232
3138	4144232
3139	4145232
3140	4146232
3141	4147232
3142	4148232
3143	4149232
3144	4150232
3145	4151232
3146	4152232
3147	4153232
3148	4154232
3149	4155232
3150	4156232
3151	4157232
3152	4158232
3153	4159232
3154	4160232
3155	4161232
3156	4162231
3157	4163232
3158	4164232
3159	4165232
3160	4166232
3161	4167232
3162	4168232
3163	4169232
3164	4170232
3165	4171232
3166	4172232
3167	4173232
3168	4174232
3169	4175232
3170	4176232
3171	4177232
3172	4178232
3173	4179232
3174	4180232
3175	4181232
3176	4182232
3177	4183232
3178	4184232
3179	4185232
3180	4186232
3181	4187232
3182	4188232
3183	4189232
3184	4190232
3185	4191232
3186	4192232
3187	4193232
3188	4194232
3189	4195232
3190	4196232
3191	4197232
3192	4198232
3193	4199232
3194	4200232
3195	4201232
3196	4202232
3197	4203232
3198	4204232
3199	4205232
3200	4206232
3201	4207232
3202	4208232
3203	4209232
3204	4210232
3205	4211232
3206	4212232
3207	4213232
3208	4214232
3209	4215232
3210	4216232
3211	4217232
3212	4218232
3213	4219232
3214	4220232
3215	4221232
3216	4222232
3217	4223232
3218	4224232
3219	4225232
3220	4226232
3221	4227232
3222	4228232
3223	4229232
3224	4230232
3225	4231232
3226	4232232
3227	4233232
3228	4234232
3229	4235232
3230	4236232
3231	4237232
3232	4238232
3233	4239232
3234	4240232
3235	4241232
3236	4242232
3237	4243232
3238	4244232
3239	4245232
3240	4246232
3241	4247232
3242	4248232
3243	4249232
3244	4250232
3245	4251232
3246	4252232
3247	4253232
3248	4254232
3249	4255232
3250	4256232
3251	4257232
3252	4258232
3253	4259232
3254	4260232
3255	4261232
3256	4262232
3257	4263232
3258	4264232
3259	4265232
3260	4266232
3261	4267232
3262	4268231
3263	4269231
3264	4270231
3265	4271231
3266	4272231
3267	4273231
3268	4274231
3269	4275231
3270	4276231
3271	4277231
3272	4278231
3273	4279231
3274	4280231
3275	4281231
3276	4282231
3277	4283231
3278	4284231
3279	4285232
3280	4286232
3281	4287232
3282	4288232
3283	4289232
3284	4290232
3285	4291232
3286	4292232
3287	4293232
3288	4294232
3289	4295232
3290	4296232
3291	4297232
3292	4298232
3293	4299232
3294	4300232
3295	4301232
3296	4302232
3297	4303232
3298	4304232
3299	4305232
3300	4306232
3301	4307232
3302	4308232
3303	4309232
3304	4310232
3305	4311232
3306	4312232
3307	4313232
3308	4314232
3309	4315232
3310	4316232
3311	4317232
3312	4318232
3313	4319232
3314	4320232
3315	4321232
3316	4322232
3317	4323232
3318	4324232
3319	4325232
3320	4326232
3321	4327232
3322	4328232
3323	4329232
3324	4330232
3325	4331232
3326	4332232
3327	4333232
3328	4334232
3329	4335232
3330	4336232
3331	4337232
3332	4338231
3333	4339232
3334	4340232
3335	4341232
3336	4342232
3337	4343232
3338	4344232
3339	4345232
3340	4346232
3341	4347232
3342	4348232
3343	4349232
3344	4350232
3345	4351230
3346	4352232
3347	4353232
3348	4354232
3349	4355232
3350	4356232
3351	4357232
3352	4358232
3353	4359232
3354	4360232
3355	4361232
3356	4362232
3357	4363232
3358	4364232
3359	4365232
3360	4366232
3361	4367232
3362	4368232
3363	4369232
3364	4370232
3365	4371232
3366	4372232
3367	4373232
3368	4374232
3369	4375232
3370	4376232
3371	4377232
3372	4378232
3373	4379232
3374	4380232
3375	4381232
3376	4382232
3377	4383232
3378	4384232
3379	4385232
3380	4386232
3381	4387232
3382	4388232
3383	4389232
3384	4390232
3385	4391232
3386	4392232
3387	4393232
3388	4394232
3389	4395232
3390	4396232
3391	4397232
3392	4398232
3393	4399232
3394	4400232
3395	4401232
3396	4402232
3397	4403232
3398	4404232
3399	4405232
3400	4406232
3401	4407232
3402	4408232
3403	4409232
3404	4410232
3405	4411232
3406	4412232
3407	4413232
3408	4414232
3409	4415232
3410	4416232
3411	4417232
3412	4418232
3413	4419232
3414	4420232
3415	4421232
3416	4422232
3417	4423232
3418	4424232
3419	4425232
3420	4426232
3421	4427232
3422	4428232
3423	4429232
3424	4430232
3425	4431232
3426	4432232
3427	4433232
3428	4434232
3429	4435232
3430	4436232
3431	4437232
3432	4438232
3433	4439232
3434	4440232
3435	4441232
3436	4442232
3437	4443232
3438	4444232
3439	4445232
3440	4446232
3441	4447232
3442	4448232
3443	4449232
3444	4450232
3445	4451232
3446	4452232
3447	4453232
3448	4454232
3449	4455232
3450	4456232
3451	4457232
3452	4458232
3453	4459232
3454	4460232
3455	4461232
3456	4462232
3457	4463232
3458	4464232
3459	4465232
3460	4466232
3461	4467232
3462	4468232
3463	4469232
3464	4470232
3465	4471232
3466	4472232
3467	4473232
3468	4474232
3469	4475232
3470	4476232
3471	4477232
3472	4478232
3473	4479232
3474	4480232
3475	4481232
3476	4482232
3477	4483232
3478	4484232
3479	4485232
3480	4486232
3481	4487232
3482	4488232
3483	4489232
3484	4490232
3485	4491232
3486	4492232
3487	4493232
3488	4494232
3489	4495232
3490	4496232
3491	4497232
3492	4498232
3493	4499232
3494	4500232
3495	4501232
3496	4502232
3497	4503232
3498	4504232
3499	4505232
3500	4506232
3501	4507232
3502	4508232
3503	4509232
3504	4510232
3505	4511232
3506	4512232
3507	4513232
3508	4514232
3509	4515232
3510	4516232
3511	4517232
3512	4518232
3513	4519232
3514	4520232
3515	4521232
3516	4522232
3517	4523232
3518	4524232
3519	4525232
3520	4526232
3521	4527232
3522	4528232
3523	4529232
3524	4530232
3525	4531232
3526	4532232
3527	4533232
3528	4534232
3529	4535232
3530	4536232
3531	4537232
3532	4538232
3533	4539232
3534	4540232
3535	4541232
3536	4542232
3537	4543232
3538	4544232
3539	4545232
3540	4546232
3541	4547232
3542	4548232
3543	4549232
3544	4550232
3545	4551232
3546	4552232
3547	4553232
3548	4554232
3549	4555232
3550	4556232
3551	4557232
3552	4558232
3553	4559232
3554	4560232
3555	4561232
3556	4562232
3557	4563232
3558	4564232
3559	4565232
3560	4566232
3561	4567232
3562	4568232
3563	4569232
3564	4570232
3565	4571232
3566	4572232
3567	4573232
3568	4574232
3569	4575232
3570	4576232
3571	4577232
3572	4578232
3573	4579232
3574	4580232
3575	4581232
3576	4582232
3577	4583232
3578	4584232
3579	4585232
3580	4586232
3581	4587232
3582	4588232
3583	4589232
3584	4590232
3585	4591232
3586	4592232
3587	4593232
3588	4594231
3589	4595232
3590	4596232
3591	4597232
3592	4598232
3593	4599232
3594	4600232
3595	4601232
3596	4602232
3597	4603232
3598	4604232
3599	4605232
3600	4606232
3601	4607230
3602	4608232
3603	4609232
3604	4610232
3605	4611232
3606	4612232
3607	4613232
3608	4614232
3609	4615232
3610	4616232
3611	4617232
3612	4618232
3613	4619232
3614	4620232
3615	4621232
3616	4622232
3617	4623232
3618	4624232
3619	4625232
3620	4626232
3621	4627232
3622	4628232
3623	4629232
3624	4630232
3625	4631232
3626	4632232
3627	4633232
3628	4634232
3629	4635232
3630	4636232
3631	4637232
3632	4638232
3633	4639232
3634	4640232
3635	4641232
3636	4642232
3637	4643232
3638	4644232
3639	4645232
3640	4646232
3641	4647232
3642	4648232
3643	4649232
3644	4650232
3645	4651232
3646	4652232
3647	4653232
3648	4654232
3649	4655232
3650	4656232
3651	4657232
3652	4658232
3653	4659232
3654	4660232
3655	4661232
3656	4662232
3657	4663232
3658	4664232
3659	4665232
3660	4666232
3661	4667232
3662	4668232
3663	4669232
3664	4670232
3665	4671232
3666	4672232
3667	4673232
3668	4674232
3669	4675232
3670	4676232
3671	4677232
3672	4678232
3673	4679232
3674	4680232
3675	4681232
3676	4682232
3677	4683232
3678	4684232
3679	4685232
3680	4686232
3681	4687232
3682	4688232
3683	4689232
3684	4690232
3685	4691232
3686	4692232
3687	4693232
3688	4694232
3689	4695232
3690	4696232
3691	4697232
3692	4698232
3693	4699232
3694	4700232
3695	4701232
3696	4702232
3697	4703232
3698	4704232
3699	4705232
3700	4706232
3701	4707232
3702	4708232
3703	4709232
3704	4710232
3705	4711232
3706	4712232
3707	4713232
3708	4714232
3709	4715232
3710	4716232
3711	4717232
3712	4718232
3713	4719232
3714	4720232
3715	4721232
3716	4722232
3717	4723232
3718	4724232
3719	4725232
3720	4726232
3721	4727232
3722	4728232
3723	4729232
3724	4730232
3725	4731232
3726	4732232
3727	4733232
3728	4734232
3729	4735232
3730	4736232
3731	4737232
3732	4738232
3733	4739232
3734	4740232
3735	4741232
3736	4742232
3737	4743232
3738	4744232
3739	4745232
3740	4746232
3741	4747232
3742	4748232
3743	4749232
3744	4750232
3745	4751232
3746	4752232
3747	4753232
3748	4754232
3749	4755232
3750	4756232
3751	4757232
3752	4758232
3753	4759232
3754	4760232
3755	4761232
3756	4762232
3757	4763232
3758	4764232
3759	4765232
3760	4766232
3761	4767232
3762	4768232
3763	4769232
3764	4770232
3765	4771232
3766	4772232
3767	4773232
3768	4774232
3769	4775232
3770	4776232
3771	4777232
3772	4778232
3773	4779232
3774	4780232
3775	4781232
3776	4782232
3777	4783232
3778	4784232
3779	4785232
3780	4786232
3781	4787232
3782	4788232
3783	4789232
3784	4790232
3785	4791232
3786	4792232
3787	4793232
3788	4794232
3789	4795232
3790	4796232
3791	4797232
3792	4798232
3793	4799232
3794	4800232
3795	4801232
3796	4802232
3797	4803232
3798	4804232
3799	4805232
3800	4806232
3801	4807232
3802	4808232
3803	4809232
3804	4810232
3805	4811232
3806	4812232
3807	4813232
3808	4814232
3809	4815232
3810	4816232
3811	4817232
3812	4818232
3813	4819232
3814	4820232
3815	4821232
3816	4822232
3817	4823232
3818	4824232
3819	4825232
3820	4826232
3821	4827232
3822	4828232
3823	4829232
3824	4830232
3825	4831232
3826	4832232
3827	4833232
3828	4834232
3829	4835232
3830	4836232
3831	4837232
3832	4838232
3833	4839232
3834	4840232
3835	4841232
3836	4842232
3837	4843232
3838	4844232
3839	4845232
3840	4846232
3841	4847232
3842	4848232
3843	4849232
3844	4850232
3845	4851232
3846	4852232
3847	4853232
3848	4854232
3849	4855232
3850	4856232
3851	4857232
3852	4858232
3853	4859232
3854	4860232
3855	4861232
3856	4862232
3857	4863230
3858	4864232
3859	4865232
3860	4866232
3861	4867232
3862	4868232
3863	4869232
3864	4870232
3865	4871232
3866	4872232
3867	4873232
3868	4874232
3869	4875232
3870	4876232
3871	4877232
3872	4878232
3873	4879232
3874	4880232
3875	4881232
3876	4882232
3877	4883232
3878	4884232
3879	4885232
3880	4886232
3881	4887232
3882	4888232
3883	4889232
3884	4890232
3885	4891232
3886	4892232
3887	4893232
3888	4894232
3889	4895232
3890	4896232
3891	4897232
3892	4898232
3893	4899232
3894	4900232
3895	4901232
3896	4902232
3897	4903232
3898	4904232
3899	4905232
3900	4906232
3901	4907232
3902	4908232
3903	4909232
3904	4910232
3905	4911232
3906	4912232
3907	4913232
3908	4914232
3909	4915232
3910	4916232
3911	4917232
3912	4918232
3913	4919232
3914	4920232
3915	4921232
3916	4922232
3917	4923232
3918	4924232
3919	4925232
3920	4926232
3921	4927232
3922	4928232
3923	4929232
3924	4930232
3925	4931232
3926	4932232
3927	4933232
3928	4934232
3929	4935232
3930	4936232
3931	4937232
3932	4938232
3933	4939232
3934	4940232
3935	4941232
3936	4942232
3937	4943232
3938	4944232
3939	4945232
3940	4946232
3941	4947232
3942	4948232
3943	4949232
3944	4950232
3945	4951232
3946	4952232
3947	4953232
3948	4954232
3949	4955232
3950	4956232
3951	4957232
3952	4958232
3953	4959232
3954	4960232
3955	4961232
3956	4962232
3957	4963232
3958	4964232
3959	4965232
3960	4966232
3961	4967232
3962	4968232
3963	4969232
3964	4970232
3965	4971232
3966	4972232
3967	4973232
3968	4974232
3969	4975232
3970	4976232
3971	4977232
3972	4978232
3973	4979232
3974	4980232
3975	4981232
3976	4982232
3977	4983232
3978	4984232
3979	4985232
3980	4986232
3981	4987232
3982	4988232
3983	4989232
3984	4990232
3985	4991232
3986	4992232
3987	4993232
3988	4994232
3989	4995232
3990	4996232
3991	4997232
3992	4998232
3993	4999232
3994	5000232
3995	5001232
3996	5002232
3997	5003232
3998	5004232
3999	5005232
4000	5006232
4001	5007232
4002	5008232
4003	5009232
4004	5010232
4005	5011232
4006	5012232
4007	5013232
4008	5014232
4009	5015232
4010	5016232
4011	5017232
4012	5018232
4013	5019232
4014	5020232
4015	5021232
4016	5022232
4017	5023232
4018	5024232
4019	5025232
4020	5026232
4021	5027232
4022	5028232
4023	5029232
4024	5030232
4025	5031232
4026	5032232
4027	5033232
4028	5034232
4029	5035232
4030	5036232
4031	5037232
4032	5038232
4033	5039232
4034	5040232
4035	5041232
4036	5042232
4037	5043232
4038	5044232
4039	5045232
4040	5046232
4041	5047232
4042	5048232
4043	5049232
4044	5050232
4045	5051232
4046	5052232
4047	5053232
4048	5054232
4049	5055232
4050	5056232
4051	5057232
4052	5058232
4053	5059232
4054	5060232
4055	5061232
4056	5062232
4057	5063232
4058	5064232
4059	5065232
4060	5066232
4061	5067232
4062	5068232
4063	5069232
4064	5070232
4065	5071232
4066	5072232
4067	5073232
4068	5074232
4069	5075232
4070	5076232
4071	5077232
4072	5078232
4073	5079232
4074	5080232
4075	5081232
4076	5082232
4077	5083232
4078	5084232
4079	5085232
4080	5086232
4081	5087232
4082	5088232
4083	5089232
4084	5090232
4085	5091232
4086	5092232
4087	5093232
4088	5094232
4089	5095232
4090	5096232
4091	5097232
4092	5098232
4093	5099232
4094	5100232
4095	5101232
4096	5102232
4097	5103232
4098	5104232
4099	5105232
4100	5106232
4101	5107232
4102	5108232
4103	5109232
4104	5110232
4105	5111232
4106	5112232
4107	5113232
4108	5114232
4109	5115232
4110	5116232
4111	5117232
4112	5118232
4113	5119230
4114	5120232
4115	5121232
4116	5122232
4117	5123232
4118	5124232
4119	5125232
4120	5126232
4121	5127232
4122	5128232
4123	5129232
4124	5130232
4125	5131232
4126	5132232
4127	5133232
4128	5134232
4129	5135232
4130	5136232
4131	5137232
4132	5138232
4133	5139232
4134	5140232
4135	5141232
4136	5142232
4137	5143232
4138	5144232
4139	5145232
4140	5146232
4141	5147232
4142	5148232
4143	5149232
4144	5150232
4145	5151232
4146	5152232
4147	5153232
4148	5154232
4149	5155232
4150	5156232
4151	5157232
4152	5158232
4153	5159232
4154	5160232
4155	5161232
4156	5162232
4157	5163232
4158	5164232
4159	5165232
4160	5166232
4161	5167232
4162	5168232
4163	5169232
4164	5170232
4165	5171232
4166	5172232
4167	5173232
4168	5174232
4169	5175232
4170	5176232
4171	5177232
4172	5178232
4173	5179232
4174	5180232
4175	5181232
4176	5182232
4177	5183232
4178	5184232
4179	5185232
4180	5186232
4181	5187232
4182	5188232
4183	5189232
4184	5190232
4185	5191232
4186	5192232
4187	5193232
4188	5194232
4189	5195232
4190	5196232
4191	5197232
4192	5198232
4193	5199232
4194	5200232
4195	5201232
4196	5202232
4197	5203232
4198	5204232
4199	5205232
4200	5206232
4201	5207232
4202	5208232
4203	5209232
4204	5210232
4205	5211232
4206	5212232
4207	5213232
4208	5214232
4209	5215232
4210	5216232
4211	5217232
4212	5218232
4213	5219232
4214	5220232
4215	5221232
4216	5222232
4217	5223232
4218	5224232
4219	5225232
4220	5226232
4221	5227232
4222	5228232
4223	5229232
4224	5230232
4225	5231232
4226	5232232
4227	5233232
4228	5234232
4229	5235232
4230	5236232
4231	5237232
4232	5238232
4233	5239232
4234	5240232
4235	5241232
4236	5242232
4237	5243232
4238	5244232
4239	5245232
4240	5246232
4241	5247232
4242	5248232
4243	5249232
4244	5250232
4245	5251232
4246	5252232
4247	5253232
4248	5254232
4249	5255232
4250	5256232
4251	5257232
4252	5258232
4253	5259232
4254	5260232
4255	5261232
4256	5262232
4257	5263232
4258	5264232
4259	5265232
4260	5266232
4261	5267232
4262	5268232
4263	5269232
4264	5270232
4265	5271232
4266	5272232
4267	5273232
4268	5274232
4269	5275232
4270	5276232
4271	5277232
4272	5278232
4273	5279232
4274	5280232
4275	5281232
4276	5282232
4277	5283232
4278	5284232
4279	5285232
4280	5286232
4281	5287232
4282	5288232
4283	5289232
4284	5290232
4285	5291232
4286	5292232
4287	5293232
4288	5294232
4289	5295232
4290	5296232
4291	5297232
4292	5298232
4293	5299232
4294	5300232
4295	5301232
4296	5302232
4297	5303232
4298	5304232
4299	5305232
4300	5306232
4301	5307232
4302	5308232
4303	5309232
4304	5310232
4305	5311232
4306	5312232
4307	5313232
4308	5314232
4309	5315232
4310	5316232
4311	5317232
4312	5318232
4313	5319232
4314	5320232
4315	5321232
4316	5322232
4317	5323232
4318	5324232
4319	5325232
4320	5326232
4321	5327232
4322	5328232
4323	5329232
4324	5330232
4325	5331232
4326	5332232
4327	5333232
4328	5334232
4329	5335232
4330	5336232
4331	5337232
4332	5338232
4333	5339232
4334	5340232
4335	5341232
4336	5342232
4337	5343232
4338	5344232
4339	5345232
4340	5346232
4341	5347232
4342	5348232
4343	5349232
4344	5350232
4345	5351232
4346	5352232
4347	5353232
4348	5354232
4349	5355232
4350	5356232
4351	5357232
4352	5358231
4353	5359232
4354	5360232
4355	5361232
4356	5362231
4357	5363232
4358	5364232
4359	5365232
4360	5366232
4361	5367232
4362	5368232
4363	5369232
4364	5370232
4365	5371232
4366	5372232
4367	5373232
4368	5374232
4369	5375230
4370	5376232
4371	5377232
4372	5378232
4373	5379232
4374	5380232
4375	5381232
4376	5382232
4377	5383232
4378	5384232
4379	5385232
4380	5386232
4381	5387232
4382	5388232
4383	5389232
4384	5390232
4385	5391232
4386	5392232
4387	5393232
4388	5394232
4389	5395232
4390	5396232
4391	5397232
4392	5398232
4393	5399232
4394	5400232
4395	5401232
4396	5402232
4397	5403232
4398	5404232
4399	5405232
4400	5406232
4401	5407232
4402	5408232
4403	5409232
4404	5410232
4405	5411232
4406	5412232
4407	5413232
4408	5414232
4409	5415232
4410	5416232
4411	5417232
4412	5418232
4413	5419232
4414	5420232
4415	5421232
4416	5422232
4417	5423232
4418	5424232
4419	5425232
4420	5426232
4421	5427232
4422	5428232
4423	5429232
4424	5430232
4425	5431232
4426	5432232
4427	5433232
4428	5434232
4429	5435232
4430	5436232
4431	5437232
4432	5438232
4433	5439232
4434	5440232
4435	5441232
4436	5442232
4437	5443232
4438	5444232
4439	5445232
4440	5446232
4441	5447232
4442	5448232
4443	5449232
4444	5450232
4445	5451232
4446	5452232
4447	5453232
4448	5454232
4449	5455232
4450	5456232
4451	5457232
4452	5458232
4453	5459232
4454	5460232
4455	5461232
4456	5462232
4457	5463232
4458	5464232
4459	5465232
4460	5466232
4461	5467232
4462	5468232
4463	5469232
4464	5470232
4465	5471232
4466	5472232
4467	5473232
4468	5474232
4469	5475232
4470	5476232
4471	5477232
4472	5478232
4473	5479232
4474	5480232
4475	5481232
4476	5482232
4477	5483232
4478	5484232
4479	5485232
4480	5486232
4481	5487232
4482	5488232
4483	5489232
4484	5490232
4485	5491232
4486	5492232
4487	5493232
4488	5494232
4489	5495232
4490	5496232
4491	5497232
4492	5498232
4493	5499232
4494	5500232
4495	5501232
4496	5502232
4497	5503232
4498	5504232
4499	5505232
4500	5506232
4501	5507232
4502	5508232
4503	5509232
4504	5510232
4505	5511232
4506	5512232
4507	5513232
4508	5514232
4509	5515232
4510	5516232
4511	5517232
4512	5518232
4513	5519232
4514	5520232
4515	5521232
4516	5522232
4517	5523232
4518	5524232
4519	5525232
4520	5526232
4521	5527232
4522	5528232
4523	5529232
4524	5530232
4525	5531232
4526	5532232
4527	5533232
4528	5534232
4529	5535232
4530	5536232
4531	5537232
4532	5538232
4533	5539232
4534	5540232
4535	5541232
4536	5542232
4537	5543232
4538	5544232
4539	5545232
4540	5546232
4541	5547232
4542	5548232
4543	5549232
4544	5550232
4545	5551232
4546	5552232
4547	5553232
4548	5554232
4549	5555232
4550	5556232
4551	5557232
4552	5558232
4553	5559232
4554	5560232
4555	5561232
4556	5562232
4557	5563232
4558	5564232
4559	5565232
4560	5566232
4561	5567232
4562	5568232
4563	5569232
4564	5570232
4565	5571232
4566	5572232
4567	5573232
4568	5574232
4569	5575232
4570	5576232
4571	5577232
4572	5578232
4573	5579232
4574	5580232
4575	5581232
4576	5582232
4577	5583232
4578	5584232
4579	5585232
4580	5586232
4581	5587232
4582	5588232
4583	5589232
4584	5590232
4585	5591232
4586	5592232
4587	5593232
4588	5594232
4589	5595232
4590	5596232
4591	5597232
4592	5598232
4593	5599232
4594	5600232
4595	5601232
4596	5602232
4597	5603232
4598	5604232
4599	5605232
4600	5606232
4601	5607232
4602	5608232
4603	5609232
4604	5610232
4605	5611232
4606	5612232
4607	5613232
4608	5614232
4609	5615232
4610	5616232
4611	5617232
4612	5618231
4613	5619232
4614	5620232
4615	5621232
4616	5622232
4617	5623232
4618	5624232
4619	5625232
4620	5626232
4621	5627232
4622	5628232
4623	5629232
4624	5630232
4625	5631230
4626	5632232
4627	5633232
4628	5634232
4629	5635232
4630	5636232
4631	5637232
4632	5638232
4633	5639232
4634	5640232
4635	5641232
4636	5642232
4637	5643232
4638	5644232
4639	5645232
4640	5646232
4641	5647232
4642	5648232
4643	5649232
4644	5650232
4645	5651232
4646	5652232
4647	5653232
4648	5654232
4649	5655232
4650	5656232
4651	5657232
4652	5658232
4653	5659232
4654	5660232
4655	5661232
4656	5662232
4657	5663232
4658	5664232
4659	5665232
4660	5666232
4661	5667232
4662	5668232
4663	5669232
4664	5670232
4665	5671232
4666	5672232
4667	5673232
4668	5674232
4669	5675232
4670	5676232
4671	5677232
4672	5678232
4673	5679232
4674	5680232
4675	5681232
4676	5682232
4677	5683232
4678	5684232
4679	5685232
4680	5686232
4681	5687232
4682	5688232
4683	5689232
4684	5690232
4685	5691232
4686	5692232
4687	5693232
4688	5694232
4689	5695232
4690	5696232
4691	5697232
4692	5698232
4693	5699232
4694	5700232
4695	5701232
4696	5702232
4697	5703232
4698	5704232
4699	5705232
4700	5706232
4701	5707232
4702	5708232
4703	5709232
4704	5710232
4705	5711232
4706	5712232
4707	5713232
4708	5714232
4709	5715232
4710	5716232
4711	5717232
4712	5718232
4713	5719232
4714	5720232
4715	5721232
4716	5722232
4717	5723232
4718	5724232
4719	5725232
4720	5726232
4721	5727232
4722	5728232
4723	5729232
4724	5730232
4725	5731232
4726	5732232
4727	5733232
4728	5734232
4729	5735232
4730	5736232
4731	5737232
4732	5738232
4733	5739232
4734	5740232
4735	5741232
4736	5742232
4737	5743232
4738	5744232
4739	5745232
4740	5746232
4741	5747232
4742	5748232
4743	5749232
4744	5750232
4745	5751232
4746	5752232
4747	5753232
4748	5754232
4749	5755232
4750	5756232
4751	5757232
4752	5758232
4753	5759232
4754	5760232
4755	5761232
4756	5762232
4757	5763232
4758	5764232
4759	5765232
4760	5766232
4761	5767232
4762	5768232
4763	5769232
4764	5770232
4765	5771232
4766	5772232
4767	5773232
4768	5774232
4769	5775232
4770	5776232
4771	5777232
4772	5778232
4773	5779232
4774	5780232
4775	5781232
4776	5782232
4777	5783232
4778	5784232
4779	5785232
4780	5786232
4781	5787232
4782	5788232
4783	5789232
4784	5790232
4785	5791232
4786	5792232
4787	5793232
4788	5794232
4789	5795232
4790	5796232
4791	5797232
4792	5798232
4793	5799232
4794	5800232
4795	5801232
4796	5802232
4797	5803232
4798	5804232
4799	5805232
4800	5806232
4801	5807232
4802	5808232
4803	5809232
4804	5810232
4805	5811232
4806	5812232
4807	5813232
4808	5814232
4809	5815232
4810	5816232
4811	5817232
4812	5818232
4813	5819232
4814	5820232
4815	5821232
4816	5822232
4817	5823232
4818	5824232
4819	5825232
4820	5826232
4821	5827232
4822	5828232
4823	5829232
4824	5830232
4825	5831232
4826	5832232
4827	5833232
4828	5834232
4829	5835232
4830	5836232
4831	5837232
4832	5838232
4833	5839232
4834	5840232
4835	5841232
4836	5842232
4837	5843232
4838	5844232
4839	5845232
4840	5846232
4841	5847232
4842	5848232
4843	5849232
4844	5850232
4845	5851232
4846	5852232
4847	5853232
4848	5854232
4849	5855232
4850	5856232
4851	5857232
4852	5858232
4853	5859232
4854	5860232
4855	5861232
4856	5862232
4857	5863232
4858	5864232
4859	5865232
4860	5866232
4861	5867232
4862	5868232
4863	5869232
4864	5870232
4865	5871232
4866	5872232
4867	5873232
4868	5874232
4869	5875232
4870	5876232
4871	5877232
4872	5878232
4873	5879232
4874	5880232
4875	5881232
4876	5882232
4877	5883232
4878	5884232
4879	5885232
4880	5886232
4881	5887230
4882	5888232
4883	5889232
4884	5890232
4885	5891232
4886	5892232
4887	5893232
4888	5894232
4889	5895232
4890	5896232
4891	5897232
4892	5898232
4893	5899232
4894	5900232
4895	5901232
4896	5902232
4897	5903232
4898	5904232
4899	5905232
4900	5906232
4901	5907232
4902	5908232
4903	5909232
4904	5910232
4905	5911232
4906	5912232
4907	5913232
4908	5914232
4909	5915232
4910	5916232
4911	5917232
4912	5918232
4913	5919232
4914	5920232
4915	5921232
4916	5922232
4917	5923232
4918	5924232
4919	5925232
4920	5926232
4921	5927232
4922	5928232
4923	5929232
4924	5930232
4925	5931232
4926	5932232
4927	5933232
4928	5934232
4929	5935232
4930	5936232
4931	5937232
4932	5938232
4933	5939232
4934	5940232
4935	5941232
4936	5942232
4937	5943232
4938	5944232
4939	5945232
4940	5946232
4941	5947232
4942	5948232
4943	5949232
4944	5950232
4945	5951232
4946	5952232
4947	5953232
4948	5954232
4949	5955232
4950	5956232
4951	5957232
4952	5958232
4953	5959232
4954	5960232
4955	5961232
4956	5962232
4957	5963232
4958	5964232
4959	5965232
4960	5966232
4961	5967232
4962	5968232
4963	5969232
4964	5970232
4965	5971232
4966	5972232
4967	5973232
4968	5974232
4969	5975232
4970	5976232
4971	5977232
4972	5978232
4973	5979232
4974	5980232
4975	5981232
4976	5982232
4977	5983232
4978	5984232
4979	5985232
4980	5986232
4981	5987232
4982	5988232
4983	5989232
4984	5990232
4985	5991232
4986	5992232
4987	5993232
4988	5994232
4989	5995232
4990	5996232
4991	5997232
4992	5998232
4993	5999232
4994	6000232
4995	6001232
4996	6002232
4997	6003232
4998	6004232
4999	6005232
5000	6006232
5001	6007232
5002	6008232
5003	6009232
5004	6010232
5005	6011232
5006	6012232
5007	6013232
5008	6014232
5009	6015232
5010	6016232
5011	6017232
5012	6018232
5013	6019232
5014	6020232
5015	6021232
5016	6022232
5017	6023232
5018	6024232
5019	6025232
5020	6026232
5021	6027232
5022	6028232
5023	6029232
5024	6030232
5025	6031232
5026	6032232
5027	6033232
5028	6034232
5029	6035232
5030	6036232
5031	6037232
5032	6038232
5033	6039232
5034	6040232
5035	6041232
5036	6042232
5037	6043232
5038	6044232
5039	6045232
5040	6046232
5041	6047232
5042	6048232
5043	6049232
5044	6050232
5045	6051232
5046	6052232
5047	6053232
5048	6054232
5049	6055232
5050	6056232
5051	6057232
5052	6058232
5053	6059232
5054	6060232
5055	6061232
5056	6062232
5057	6063232
5058	6064232
5059	6065232
5060	6066232
5061	6067232
5062	6068232
5063	6069232
5064	6070232
5065	6071232
5066	6072232
5067	6073232
5068	6074232
5069	6075232
5070	6076232
5071	6077232
5072	6078232
5073	6079232
5074	6080232
5075	6081232
5076	6082232
5077	6083232
5078	6084232
5079	6085232
5080	6086232
5081	6087232
5082	6088232
5083	6089232
5084	6090232
5085	6091232
5086	6092232
5087	6093232
5088	6094232
5089	6095232
5090	6096232
5091	6097232
5092	6098232
5093	6099232
5094	6100232
5095	6101232
5096	6102232
5097	6103232
5098	6104232
5099	6105232
5100	6106232
5101	6107232
5102	6108232
5103	6109232
5104	6110232
5105	6111232
5106	6112232
5107	6113232
5108	6114232
5109	6115232
5110	6116232
5111	6117232
5112	6118232
5113	6119232
5114	6120232
5115	6121232
5116	6122232
5117	6123232
5118	6124232
5119	6125232
5120	6126232
5121	6127232
5122	6128232
5123	6129232
5124	6130232
5125	6131232
5126	6132232
5127	6133232
5128	6134232
5129	6135232
5130	6136232
5131	6137232
5132	6138232
5133	6139232
5134	6140232
5135	6141232
5136	6142232
5137	6143230
5138	6144232
5139	6145232
5140	6146232
5141	6147232
5142	6148232
5143	6149232
5144	6150232
5145	6151232
5146	6152232
5147	6153232
5148	6154232
5149	6155232
5150	6156232
5151	6157232
5152	6158232
5153	6159232
5154	6160232
5155	6161232
5156	6162232
5157	6163232
5158	6164232
5159	6165232
5160	6166232
5161	6167232
5162	6168232
5163	6169232
5164	6170232
5165	6171232
5166	6172232
5167	6173232
5168	6174232
5169	6175232
5170	6176232
5171	6177232
5172	6178232
5173	6179232
5174	6180232
5175	6181232
5176	6182232
5177	6183232
5178	6184232
5179	6185232
5180	6186232
5181	6187232
5182	6188232
5183	6189232
5184	6190232
5185	6191232
5186	6192232
5187	6193232
5188	6194232
5189	6195232
5190	6196232
5191	6197232
5192	6198232
5193	6199232
5194	6200232
5195	6201232
5196	6202232
5197	6203232
5198	6204232
5199	6205232
5200	6206232
5201	6207232
5202	6208232
5203	6209232
5204	6210232
5205	6211232
5206	6212232
5207	6213232
5208	6214232
5209	6215232
5210	6216232
5211	6217232
5212	6218232
5213	6219232
5214	6220232
5215	6221232
5216	6222232
5217	6223232
5218	6224232
5219	6225232
5220	6226232
5221	6227232
5222	6228232
5223	6229232
5224	6230232
5225	6231232
5226	6232232
5227	6233232
5228	6234232
5229	6235232
5230	6236232
5231	6237232
5232	6238232
5233	6239232
5234	6240232
5235	6241232
5236	6242232
5237	6243232
5238	6244232
5239	6245232
5240	6246232
5241	6247232
5242	6248232
5243	6249232
5244	6250232
5245	6251232
5246	6252232
5247	6253232
5248	6254232
5249	6255232
5250	6256232
5251	6257232
5252	6258232
5253	6259232
5254	6260232
5255	6261232
5256	6262232
5257	6263232
5258	6264232
5259	6265232
5260	6266232
5261	6267232
5262	6268232
5263	6269232
5264	6270232
5265	6271232
5266	6272232
5267	6273232
5268	6274232
5269	6275232
5270	6276232
5271	6277232
5272	6278232
5273	6279232
5274	6280232
5275	6281232
5276	6282232
5277	6283232
5278	6284232
5279	6285232
5280	6286232
5281	6287232
5282	6288232
5283	6289232
5284	6290232
5285	6291232
5286	6292232
5287	6293232
5288	6294232
5289	6295232
5290	6296232
5291	6297232
5292	6298232
5293	6299232
5294	6300232
5295	6301232
5296	6302232
5297	6303232
5298	6304232
5299	6305232
5300	6306232
5301	6307232
5302	6308232
5303	6309232
5304	6310232
5305	6311232
5306	6312232
5307	6313232
5308	6314232
5309	6315232
5310	6316232
5311	6317232
5312	6318232
5313	6319232
5314	6320232
5315	6321232
5316	6322232
5317	6323232
5318	6324232
5319	6325232
5320	6326232
5321	6327232
5322	6328232
5323	6329232
5324	6330232
5325	6331232
5326	6332232
5327	6333232
5328	6334232
5329	6335232
5330	6336232
5331	6337232
5332	6338232
5333	6339232
5334	6340232
5335	6341232
5336	6342232
5337	6343232
5338	6344232
5339	6345232
5340	6346232
5341	6347232
5342	6348232
5343	6349232
5344	6350232
5345	6351232
5346	6352232
5347	6353232
5348	6354232
5349	6355232
5350	6356232
5351	6357232
5352	6358232
5353	6359232
5354	6360232
5355	6361232
5356	6362232
5357	6363232
5358	6364232
5359	6365232
5360	6366232
5361	6367232
5362	6368232
5363	6369232
5364	6370232
5365	6371232
5366	6372232
5367	6373232
5368	6374232
5369	6375232
5370	6376232
5371	6377232
5372	6378232
5373	6379232
5374	6380232
5375	6381232
5376	6382232
5377	6383232
5378	6384232
5379	6385232
5380	6386231
5381	6387232
5382	6388232
5383	6389232
5384	6390232
5385	6391232
5386	6392232
5387	6393232
5388	6394232
5389	6395232
5390	6396232
5391	6397232
5392	6398232
5393	6399230
5394	6400232
5395	6401232
5396	6402232
5397	6403232
5398	6404232
5399	6405232
5400	6406232
5401	6407232
5402	6408232
5403	6409232
5404	6410232
5405	6411232
5406	6412232
5407	6413232
5408	6414232
5409	6415232
5410	6416232
5411	6417232
5412	6418232
5413	6419232
5414	6420232
5415	6421232
5416	6422232
5417	6423232
5418	6424232
5419	6425232
5420	6426232
5421	6427232
5422	6428232
5423	6429232
5424	6430232
5425	6431232
5426	6432232
5427	6433232
5428	6434232
5429	6435232
5430	6436232
5431	6437232
5432	6438232
5433	6439232
5434	6440232
5435	6441232
5436	6442232
5437	6443232
5438	6444232
5439	6445232
5440	6446232
5441	6447232
5442	6448232
5443	6449232
5444	6450232
5445	6451232
5446	6452232
5447	6453232
5448	6454232
5449	6455232
5450	6456232
5451	6457232
5452	6458232
5453	6459232
5454	6460232
5455	6461232
5456	6462232
5457	6463232
5458	6464232
5459	6465232
5460	6466232
5461	6467232
5462	6468232
5463	6469232
5464	6470232
5465	6471232
5466	6472232
5467	6473232
5468	6474232
5469	6475232
5470	6476232
5471	6477232
5472	6478232
5473	6479232
5474	6480232
5475	6481232
5476	6482232
5477	6483232
5478	6484232
5479	6485232
5480	6486232
5481	6487232
5482	6488232
5483	6489232
5484	6490232
5485	6491232
5486	6492232
5487	6493232
5488	6494232
5489	6495232
5490	6496232
5491	6497232
5492	6498232
5493	6499232
5494	6500232
5495	6501232
5496	6502232
5497	6503232
5498	6504232
5499	6505232
5500	6506232
5501	6507232
5502	6508232
5503	6509232
5504	6510232
5505	6511232
5506	6512232
5507	6513232
5508	6514232
5509	6515232
5510	6516232
5511	6517232
5512	6518232
5513	6519232
5514	6520232
5515	6521232
5516	6522232
5517	6523232
5518	6524232
5519	6525232
5520	6526232
5521	6527232
5522	6528232
5523	6529232
5524	6530232
5525	6531232
5526	6532232
5527	6533232
5528	6534232
5529	6535232
5530	6536232
5531	6537232
5532	6538232
5533	6539232
5534	6540232
5535	6541232
5536	6542232
5537	6543232
5538	6544232
5539	6545232
5540	6546232
5541	6547232
5542	6548232
5543	6549232
5544	6550232
5545	6551232
5546	6552232
5547	6553232
5548	6554232
5549	6555232
5550	6556232
5551	6557232
5552	6558232
5553	6559232
5554	6560232
5555	6561232
5556	6562232
5557	6563232
5558	6564232
5559	6565232
5560	6566232
5561	6567232
5562	6568232
5563	6569232
5564	6570232
5565	6571232
5566	6572232
5567	6573232
5568	6574232
5569	6575232
5570	6576232
5571	6577232
5572	6578232
5573	6579232
5574	6580232
5575	6581232
5576	6582232
5577	6583232
5578	6584232
5579	6585232
5580	6586232
5581	6587232
5582	6588232
5583	6589232
5584	6590232
5585	6591232
5586	6592232
5587	6593232
5588	6594232
5589	6595232
5590	6596232
5591	6597232
5592	6598232
5593	6599232
5594	6600232
5595	6601232
5596	6602232
5597	6603232
5598	6604232
5599	6605232
5600	6606232
5601	6607232
5602	6608232
5603	6609232
5604	6610232
5605	6611232
5606	6612232
5607	6613232
5608	6614232
5609	6615232
5610	6616232
5611	6617232
5612	6618232
5613	6619232
5614	6620232
5615	6621232
5616	6622232
5617	6623232
5618	6624232
5619	6625232
5620	6626232
5621	6627232
5622	6628232
5623	6629232
5624	6630232
5625	6631232
5626	6632232
5627	6633232
5628	6634232
5629	6635232
5630	6636232
5631	6637232
5632	6638232
5633	6639232
5634	6640232
5635	6641232
5636	6642231
5637	6643232
5638	6644232
5639	6645232
5640	6646232
5641	6647232
5642	6648232
5643	6649232
5644	6650232
5645	6651232
5646	6652232
5647	6653232
5648	6654232
5649	6655230
5650	6656232
5651	6657232
5652	6658232
5653	6659232
5654	6660232
5655	6661232
5656	6662232
5657	6663232
5658	6664232
5659	6665232
5660	6666232
5661	6667232
5662	6668232
5663	6669232
5664	6670232
5665	6671232
5666	6672232
5667	6673232
5668	6674232
5669	6675232
5670	6676232
5671	6677232
5672	6678232
5673	6679232
5674	6680232
5675	6681232
5676	6682232
5677	6683232
5678	6684232
5679	6685232
5680	6686232
5681	6687232
5682	6688232
5683	6689232
5684	6690232
5685	6691232
5686	6692232
5687	6693232
5688	6694232
5689	6695232
5690	6696232
5691	6697232
5692	6698232
5693	6699232
5694	6700232
5695	6701232
5696	6702232
5697	6703232
5698	6704232
5699	6705232
5700	6706232
5701	6707232
5702	6708232
5703	6709232
5704	6710232
5705	6711232
5706	6712232
5707	6713232
5708	6714232
5709	6715232
5710	6716232
5711	6717232
5712	6718232
5713	6719232
5714	6720232
5715	6721232
5716	6722232
5717	6723232
5718	6724232
5719	6725232
5720	6726232
5721	6727232
5722	6728232
5723	6729232
5724	6730232
5725	6731232
5726	6732232
5727	6733232
5728	6734232
5729	6735232
5730	6736232
5731	6737232
5732	6738232
5733	6739232
5734	6740232
5735	6741232
5736	6742232
5737	6743232
5738	6744232
5739	6745232
5740	6746232
5741	6747232
5742	6748232
5743	6749232
5744	6750232
5745	6751232
5746	6752232
5747	6753232
5748	6754232
5749	6755232
5750	6756232
5751	6757232
5752	6758232
5753	6759232
5754	6760232
5755	6761232
5756	6762232
5757	6763232
5758	6764232
5759	6765232
5760	6766232
5761	6767232
5762	6768232
5763	6769232
5764	6770232
5765	6771232
5766	6772232
5767	6773232
5768	6774232
5769	6775232
5770	6776232
5771	6777232
5772	6778232
5773	6779232
5774	6780232
5775	6781232
5776	6782232
5777	6783232
5778	6784232
5779	6785232
5780	6786232
5781	6787232
5782	6788232
5783	6789232
5784	6790232
5785	6791232
5786	6792232
5787	6793232
5788	6794232
5789	6795232
5790	6796232
5791	6797232
5792	6798232
5793	6799232
5794	6800232
5795	6801232
5796	6802232
5797	6803232
5798	6804232
5799	6805232
5800	6806232
5801	6807232
5802	6808232
5803	6809232
5804	6810232
5805	6811232
5806	6812232
5807	6813232
5808	6814232
5809	6815232
5810	6816232
5811	6817232
5812	6818232
5813	6819232
5814	6820232
5815	6821232
5816	6822232
5817	6823232
5818	6824232
5819	6825232
5820	6826232
5821	6827232
5822	6828232
5823	6829232
5824	6830232
5825	6831232
5826	6832232
5827	6833232
5828	6834232
5829	6835232
5830	6836232
5831	6837232
5832	6838232
5833	6839232
5834	6840232
5835	6841232
5836	6842232
5837	6843232
5838	6844232
5839	6845232
5840	6846232
5841	6847232
5842	6848232
5843	6849232
5844	6850232
5845	6851232
5846	6852232
5847	6853232
5848	6854232
5849	6855232
5850	6856232
5851	6857232
5852	6858232
5853	6859232
5854	6860232
5855	6861232
5856	6862232
5857	6863232
5858	6864232
5859	6865232
5860	6866232
5861	6867232
5862	6868232
5863	6869232
5864	6870232
5865	6871232
5866	6872232
5867	6873232
5868	6874232
5869	6875232
5870	6876232
5871	6877232
5872	6878232
5873	6879232
5874	6880232
5875	6881232
5876	6882232
5877	6883232
5878	6884232
5879	6885232
5880	6886232
5881	6887232
5882	6888232
5883	6889232
5884	6890232
5885	6891232
5886	6892232
5887	6893232
5888	6894232
5889	6895232
5890	6896232
5891	6897232
5892	6898232
5893	6899232
5894	6900232
5895	6901232
5896	6902232
5897	6903232
5898	6904232
5899	6905232
5900	6906232
5901	6907232
5902	6908232
5903	6909232
5904	6910232
5905	6911231
5906	6912232
5907	6913232
5908	6914232
5909	6915232
5910	6916232
5911	6917232
5912	6918232
5913	6919232
5914	6920232
5915	6921232
5916	6922232
5917	6923232
5918	6924232
5919	6925232
5920	6926232
5921	6927232
5922	6928232
5923	6929232
5924	6930232
5925	6931232
5926	6932232
5927	6933232
5928	6934232
5929	6935232
5930	6936232
5931	6937232
5932	6938232
5933	6939232
5934	6940232
5935	6941232
5936	6942232
5937	6943232
5938	6944232
5939	6945232
5940	6946232
5941	6947232
5942	6948232
5943	6949232
5944	6950232
5945	6951232
5946	6952232
5947	6953232
5948	6954232
5949	6955232
5950	6956232
5951	6957232
5952	6958232
5953	6959232
5954	6960232
5955	6961232
5956	6962232
5957	6963232
5958	6964232
5959	6965232
5960	6966232
5961	6967232
5962	6968232
5963	6969232
5964	6970232
5965	6971232
5966	6972232
5967	6973232
5968	6974232
5969	6975232
5970	6976232
5971	6977232
5972	6978232
5973	6979232
5974	6980232
5975	6981232
5976	6982232
5977	6983232
5978	6984232
5979	6985232
5980	6986232
5981	6987232
5982	6988232
5983	6989232
5984	6990232
5985	6991232
5986	6992232
5987	6993232
5988	6994232
5989	6995232
5990	6996232
5991	6997232
5992	6998232
5993	6999232
5994	7000232
5995	7001232
5996	7002232
5997	7003232
5998	7004232
5999	7005232
