0	1007015
1	1008010
2	1009010
3	1010010
4	1011010
5	1012010
6	1013010
7	1014010
8	1015010
9	1016010
10	1017010
11	1018010
12	1019010
13	1020010
14	1021010
15	1022010
16	1023010
17	1024010
18	1025010
19	1026010
20	1027010
21	1028010
22	1029010
23	1030010
24	1031010
25	1032010
26	1033010
27	1034010
28	1035010
29	1036010
30	1037010
31	1038010
32	1039010
33	1040010
34	1041010
35	1042010
36	1043010
37	1044010
38	1045010
39	1046010
40	1047010
41	1048010
42	1049010
43	1050010
44	1051010
45	1052010
46	1053010
47	1054010
48	1055010
49	1056010
50	1057010
51	1058010
52	1059010
53	1060010
54	1061010
55	1062010
56	1063010
57	1064010
58	1065010
59	1066010
60	1067010
61	1068010
62	1069010
63	1070010
64	1071010
65	1072010
66	1073010
67	1074010
68	1075010
69	1076010
70	1077010
71	1078010
72	1079010
73	1080010
74	1081010
75	1082010
76	1083010
77	1084010
78	1085010
79	1086010
80	1087010
81	1088010
82	1089010
83	1090010
84	1091010
85	1092010
86	1093010
87	1094010
88	1095010
89	1096010
90	1097010
91	1098010
92	1099010
93	1100010
94	1101010
95	1102010
96	1103010
97	1104010
98	1105010
99	1106010
100	1107010
101	1108010
102	1109010
103	1110010
104	1111010
105	1112010
106	1113010
107	1114010
108	1115010
109	1116010
110	1117010
111	1118010
112	1119010
113	1120010
114	1121010
115	1122010
116	1123010
117	1124010
118	1125010
119	1126010
120	1127010
121	1128010
122	1129010
123	1130010
124	1131010
125	1132010
126	1133010
127	1134010
128	1135010
129	1136010
130	1137010
131	1138010
132	1139010
133	1140010
134	1141010
135	1142010
136	1143010
137	1144010
138	1145010
139	1146010
140	1147010
141	1148010
142	1149010
143	1150010
144	1151010
145	1152010
146	1153010
147	1154010
148	1155010
149	1156010
150	1157010
151	1158010
152	1159010
153	1160010
154	1161010
155	1162010
156	1163010
157	1164010
158	1165010
159	1166010
160	1167010
161	1168010
162	1169010
163	1170010
164	1171010
165	1172010
166	1173010
167	1174010
168	1175010
169	1176010
170	1177010
171	1178010
172	1179010
173	1180010
174	1181010
175	1182010
176	1183010
177	1184010
178	1185010
179	1186010
180	1187010
181	1188010
182	1189010
183	1190010
184	1191010
185	1192010
186	1193010
187	1194010
188	1195010
189	1196010
190	1197010
191	1198010
192	1199010
193	1200010
194	1201010
195	1202010
196	1203010
197	1204010
198	1205010
199	1206010
200	1207010
201	1208010
202	1209010
203	1210010
204	1211010
205	1212010
206	1213010
207	1214010
208	1215010
209	1216010
210	1217010
211	1218010
212	1219010
213	1220010
214	1221010
215	1222010
216	1223010
217	1224010
218	1225010
219	1226010
220	1227010
221	1228010
222	1229010
223	1230010
224	1231010
225	1232010
226	1233010
227	1234010
228	1235010
229	1236010
230	1237010
231	1238010
232	1239010
233	1240010
234	1241010
235	1242010
236	1243010
237	1244010
238	1245010
239	1246010
240	1247010
241	1248010
242	1249010
243	1250010
244	1251010
245	1252010
246	1253010
247	1254010
248	1255010
249	1256010
250	1257010
251	1258010
252	1259010
253	1260010
254	1261010
255	1262010
256	1263010
257	1264010
258	1265010
259	1266010
260	1267010
261	1268010
262	1269010
263	1270010
264	1271010
265	1272010
266	1273010
267	1274010
268	1275010
269	1276010
270	1277010
271	1278010
272	1279010
273	1280010
274	1281010
275	1282010
276	1283010
277	1284010
278	1285010
279	1286010
280	1287010
281	1288010
282	1289010
283	1290010
284	1291010
285	1292010
286	1293010
287	1294010
288	1295010
289	1296010
290	1297010
291	1298010
292	1299010
293	1300010
294	1301010
295	1302010
296	1303010
297	1304010
298	1305010
299	1306010
300	1307010
301	1308010
302	1309010
303	1310010
304	1311010
305	1312010
306	1313010
307	1314010
308	1315010
309	1316010
310	1317010
311	1318010
312	1319010
313	1320010
314	1321010
315	1322010
316	1323010
317	1324010
318	1325010
319	1326010
320	1327010
321	1328010
322	1329010
323	1330010
324	1331010
325	1332010
326	1333010
327	1334010
328	1335010
329	1336010
330	1337010
331	1338010
332	1339010
333	1340010
334	1341010
335	1342010
336	1343010
337	1344010
338	1345010
339	1346010
340	1347010
341	1348010
342	1349010
343	1350010
344	1351010
345	1352010
346	1353010
347	1354010
348	1355010
349	1356010
350	1357010
351	1358010
352	1359010
353	1360010
354	1361010
355	1362010
356	1363010
357	1364010
358	1365010
359	1366010
360	1367010
361	1368010
362	1369010
363	1370010
364	1371010
365	1372010
366	1373010
367	1374010
368	1375010
369	1376010
370	1377010
371	1378010
372	1379010
373	1380010
374	1381010
375	1382010
376	1383010
377	1384010
378	1385010
379	1386010
380	1387010
381	1388010
382	1389010
383	1390010
384	1391010
385	1392010
386	1393010
387	1394010
388	1395010
389	1396010
390	1397010
391	1398010
392	1399010
393	1400010
394	1401010
395	1402010
396	1403010
397	1404010
398	1405010
399	1406010
400	1407010
401	1408010
402	1409010
403	1410010
404	1411010
405	1412010
406	1413010
407	1414010
408	1415010
409	1416010
410	1417010
411	1418010
412	1419010
413	1420010
414	1421010
415	1422010
416	1423010
417	1424010
418	1425010
419	1426010
420	1427010
421	1428010
422	1429010
423	1430010
424	1431010
425	1432010
426	1433010
427	1434010
428	1435010
429	1436010
430	1437010
431	1438010
432	1439010
433	1440010
434	1441010
435	1442010
436	1443010
437	1444010
438	1445010
439	1446010
440	1447010
441	1448010
442	1449010
443	1450010
444	1451010
445	1452010
446	1453010
447	1454010
448	1455010
449	1456010
450	1457010
451	1458010
452	1459010
453	1460010
454	1461010
455	1462010
456	1463010
457	1464010
458	1465010
459	1466010
460	1467010
461	1468010
462	1469010
463	1470010
464	1471010
465	1472010
466	1473010
467	1474010
468	1475010
469	1476010
470	1477010
471	1478010
472	1479010
473	1480010
474	1481010
475	1482010
476	1483010
477	1484010
478	1485010
479	1486010
480	1487010
481	1488010
482	1489010
483	1490010
484	1491010
485	1492010
486	1493010
487	1494010
488	1495010
489	1496010
490	1497010
491	1498010
492	1499010
493	1500010
494	1501010
495	1502010
496	1503010
497	1504010
498	1505010
499	1506010
500	1507010
501	1508010
502	1509010
503	1510010
504	1511010
505	1512010
506	1513010
507	1514010
508	1515010
509	1516010
510	1517010
511	1518010
512	1519010
513	1520010
514	1521010
515	1522010
516	1523010
517	1524010
518	1525010
519	1526010
520	1527010
521	1528010
522	1529010
523	1530010
524	1531010
525	1532010
526	1533010
527	1534010
528	1535010
529	1536010
530	1537010
531	1538010
532	1539010
533	1540010
534	1541010
535	1542010
536	1543010
537	1544010
538	1545010
539	1546010
540	1547010
541	1548010
542	1549010
543	1550010
544	1551010
545	1552010
546	1553010
547	1554010
548	1555010
549	1556010
550	1557010
551	1558010
552	1559010
553	1560010
554	1561010
555	1562010
556	1563010
557	1564010
558	1565010
559	1566010
560	1567010
561	1568010
562	1569010
563	1570010
564	1571010
565	1572010
566	1573010
567	1574010
568	1575010
569	1576010
570	1577010
571	1578010
572	1579010
573	1580010
574	1581010
575	1582010
576	1583010
577	1584010
578	1585010
579	1586010
580	1587010
581	1588010
582	1589010
583	1590010
584	1591010
585	1592010
586	1593010
587	1594010
588	1595010
589	1596010
590	1597010
591	1598010
592	1599010
593	1600010
594	1601010
595	1602010
596	1603010
597	1604010
598	1605010
599	1606010
600	1607010
601	1608010
602	1609010
603	1610010
604	1611010
605	1612010
606	1613010
607	1614010
608	1615010
609	1616010
610	1617010
611	1618010
612	1619010
613	1620010
614	1621010
615	1622010
616	1623010
617	1624010
618	1625010
619	1626010
620	1627010
621	1628010
622	1629010
623	1630010
624	1631010
625	1632010
626	1633010
627	1634010
628	1635010
629	1636010
630	1637010
631	1638010
632	1639010
633	1640010
634	1641010
635	1642010
636	1643010
637	1644010
638	1645010
639	1646010
640	1647010
641	1648010
642	1649010
643	1650010
644	1651010
645	1652010
646	1653010
647	1654010
648	1655010
649	1656010
650	1657010
651	1658010
652	1659010
653	1660010
654	1661010
655	1662010
656	1663010
657	1664010
658	1665010
659	1666010
660	1667010
661	1668010
662	1669010
663	1670010
664	1671010
665	1672010
666	1673010
667	1674010
668	1675010
669	1676010
670	1677010
671	1678010
672	1679010
673	1680010
674	1681010
675	1682010
676	1683010
677	1684010
678	1685010
679	1686010
680	1687010
681	1688010
682	1689010
683	1690010
684	1691010
685	1692010
686	1693010
687	1694010
688	1695010
689	1696010
690	1697010
691	1698010
692	1699010
693	1700010
694	1701010
695	1702010
696	1703010
697	1704010
698	1705010
699	1706010
700	1707010
701	1708010
702	1709010
703	1710010
704	1711010
705	1712010
706	1713010
707	1714010
708	1715010
709	1716010
710	1717010
711	1718010
712	1719010
713	1720010
714	1721010
715	1722010
716	1723010
717	1724010
718	1725010
719	1726010
720	1727010
721	1728010
722	1729010
723	1730010
724	1731010
725	1732010
726	1733010
727	1734010
728	1735010
729	1736010
730	1737010
731	1738010
732	1739010
733	1740010
734	1741010
735	1742010
736	1743010
737	1744010
738	1745010
739	1746010
740	1747010
741	1748010
742	1749010
743	1750010
744	1751010
745	1752010
746	1753010
747	1754010
748	1755010
749	1756010
750	1757010
751	1758010
752	1759010
753	1760010
754	1761010
755	1762010
756	1763010
757	1764010
758	1765010
759	1766010
760	1767010
761	1768010
762	1769010
763	1770010
764	1771010
765	1772010
766	1773010
767	1774010
768	1775010
769	1776010
770	1777010
771	1778010
772	1779010
773	1780010
774	1781010
775	1782010
776	1783010
777	1784010
778	1785010
779	1786010
780	1787010
781	1788010
782	1789010
783	1790010
784	1791010
785	1792010
786	1793010
787	1794010
788	1795010
789	1796010
790	1797010
791	1798010
792	1799010
793	1800010
794	1801010
795	1802010
796	1803010
797	1804010
798	1805010
799	1806010
800	1807010
801	1808010
802	1809010
803	1810010
804	1811010
805	1812010
806	1813010
807	1814010
808	1815010
809	1816010
810	1817010
811	1818010
812	1819010
813	1820010
814	1821010
815	1822010
816	1823010
817	1824010
818	1825010
819	1826010
820	1827010
821	1828010
822	1829010
823	1830010
824	1831010
825	1832010
826	1833010
827	1834010
828	1835010
829	1836010
830	1837010
831	1838010
832	1839010
833	1840010
834	1841010
835	1842010
836	1843010
837	1844010
838	1845010
839	1846010
840	1847010
841	1848010
842	1849010
843	1850010
844	1851010
845	1852010
846	1853010
847	1854010
848	1855010
849	1856010
850	1857010
851	1858010
852	1859010
853	1860010
854	1861010
855	1862010
856	1863010
857	1864010
858	1865010
859	1866010
860	1867010
861	1868010
862	1869010
863	1870010
864	1871010
865	1872010
866	1873010
867	1874010
868	1875010
869	1876010
870	1877010
871	1878010
872	1879010
873	1880010
874	1881010
875	1882010
876	1883010
877	1884010
878	1885010
879	1886010
880	1887010
881	1888010
882	1889010
883	1890010
884	1891010
885	1892010
886	1893010
887	1894010
888	1895010
889	1896010
890	1897010
891	1898010
892	1899010
893	1900010
894	1901010
895	1902010
896	1903010
897	1904010
898	1905010
899	1906010
900	1907010
901	1908010
902	1909010
903	1910010
904	1911010
905	1912010
906	1913010
907	1914010
908	1915010
909	1916010
910	1917010
911	1918010
912	1919010
913	1920010
914	1921010
915	1922010
916	1923010
917	1924010
918	1925010
919	1926010
920	1927010
921	1928010
922	1929010
923	1930010
924	1931010
925	1932010
926	1933010
927	1934010
928	1935010
929	1936010
930	1937010
931	1938010
932	1939010
933	1940010
934	1941010
935	1942010
936	1943010
937	1944010
938	1945010
939	1946010
940	1947010
941	1948010
942	1949010
943	1950010
944	1951010
945	1952010
946	1953010
947	1954010
948	1955010
949	1956010
950	1957010
951	1958010
952	1959010
953	1960010
954	1961010
955	1962010
956	1963010
957	1964010
958	1965010
959	1966010
960	1967010
961	1968010
962	1969010
963	1970010
964	1971010
965	1972010
966	1973010
967	1974010
968	1975010
969	1976010
970	1977010
971	1978010
972	1979010
973	1980010
974	1981010
975	1982010
976	1983010
977	1984010
978	1985010
979	1986010
980	1987010
981	1988010
982	1989010
983	1990010
984	1991010
985	1992010
986	1993010
987	1994010
988	1995010
989	1996010
990	1997010
991	1998010
992	1999010
993	2000010
994	2001010
995	2002010
996	2003010
997	2004010
998	2005010
999	2006010
1000	2007010
1001	2008010
1002	2009010
1003	2010010
1004	2011010
1005	2012010
1006	2013010
1007	2014010
1008	2015010
1009	2016010
1010	2017010
1011	2018010
1012	2019010
1013	2020010
1014	2021010
1015	2022010
1016	2023010
1017	2024010
1018	2025010
1019	2026010
1020	2027010
1021	2028010
1022	2029010
1023	2030010
1024	2031010
1025	2032010
1026	2033010
1027	2034010
1028	2035010
1029	2036010
1030	2037010
1031	2038010
1032	2039010
1033	2040010
1034	2041010
1035	2042010
1036	2043010
1037	2044010
1038	2045010
1039	2046010
1040	2047010
1041	2048010
1042	2049010
1043	2050010
1044	2051010
1045	2052010
1046	2053010
1047	2054010
1048	2055010
1049	2056010
1050	2057010
1051	2058010
1052	2059010
1053	2060010
1054	2061010
1055	2062010
1056	2063010
1057	2064010
1058	2065010
1059	2066010
1060	2067010
1061	2068010
1062	2069010
1063	2070010
1064	2071010
1065	2072010
1066	2073010
1067	2074010
1068	2075010
1069	2076010
1070	2077010
1071	2078010
1072	2079010
1073	2080010
1074	2081010
1075	2082010
1076	2083010
1077	2084010
1078	2085010
1079	2086010
1080	2087010
1081	2088010
1082	2089010
1083	2090010
1084	2091010
1085	2092010
1086	2093010
1087	2094010
1088	2095010
1089	2096010
1090	2097010
1091	2098010
1092	2099010
1093	2100010
1094	2101010
1095	2102010
1096	2103010
1097	2104010
1098	2105010
1099	2106010
1100	2107010
1101	2108010
1102	2109010
1103	2110010
1104	2111010
1105	2112010
1106	2113010
1107	2114010
1108	2115010
1109	2116010
1110	2117010
1111	2118010
1112	2119010
1113	2120010
1114	2121010
1115	2122010
1116	2123010
1117	2124010
1118	2125010
1119	2126010
1120	2127010
1121	2128010
1122	2129010
1123	2130010
1124	2131010
1125	2132010
1126	2133010
1127	2134010
1128	2135010
1129	2136010
1130	2137010
1131	2138010
1132	2139010
1133	2140010
1134	2141010
1135	2142010
1136	2143010
1137	2144010
1138	2145010
1139	2146010
1140	2147010
1141	2148010
1142	2149010
1143	2150010
1144	2151010
1145	2152010
1146	2153010
1147	2154010
1148	2155010
1149	2156010
1150	2157010
1151	2158010
1152	2159010
1153	2160010
1154	2161010
1155	2162010
1156	2163010
1157	2164010
1158	2165010
1159	2166010
1160	2167010
1161	2168010
1162	2169010
1163	2170010
1164	2171010
1165	2172010
1166	2173010
1167	2174010
1168	2175010
1169	2176010
1170	2177010
1171	2178010
1172	2179010
1173	2180010
1174	2181010
1175	2182010
1176	2183010
1177	2184010
1178	2185010
1179	2186010
1180	2187010
1181	2188010
1182	2189010
1183	2190010
1184	2191010
1185	2192010
1186	2193010
1187	2194010
1188	2195010
1189	2196010
1190	2197010
1191	2198010
1192	2199010
1193	2200010
1194	2201010
1195	2202010
1196	2203010
1197	2204010
1198	2205010
1199	2206010
1200	2207010
1201	2208010
1202	2209010
1203	2210010
1204	2211010
1205	2212010
1206	2213010
1207	2214010
1208	2215010
1209	2216010
1210	2217010
1211	2218010
1212	2219010
1213	2220010
1214	2221010
1215	2222010
1216	2223010
1217	2224010
1218	2225010
1219	2226010
1220	2227010
1221	2228010
1222	2229010
1223	2230010
1224	2231010
1225	2232010
1226	2233010
1227	2234010
1228	2235010
1229	2236010
1230	2237010
1231	2238010
1232	2239010
1233	2240010
1234	2241010
1235	2242010
1236	2243010
1237	2244010
1238	2245010
1239	2246010
1240	2247010
1241	2248010
1242	2249010
1243	2250010
1244	2251010
1245	2252010
1246	2253010
1247	2254010
1248	2255010
1249	2256010
1250	2257010
1251	2258010
1252	2259010
1253	2260010
1254	2261010
1255	2262010
1256	2263010
1257	2264010
1258	2265010
1259	2266010
1260	2267010
1261	2268010
1262	2269010
1263	2270010
1264	2271010
1265	2272010
1266	2273010
1267	2274010
1268	2275010
1269	2276010
1270	2277010
1271	2278010
1272	2279010
1273	2280010
1274	2281010
1275	2282010
1276	2283010
1277	2284010
1278	2285010
1279	2286010
1280	2287010
1281	2288010
1282	2289010
1283	2290010
1284	2291010
1285	2292010
1286	2293010
1287	2294010
1288	2295010
1289	2296010
1290	2297010
1291	2298010
1292	2299010
1293	2300010
1294	2301010
1295	2302010
1296	2303010
1297	2304010
1298	2305010
1299	2306010
1300	2307010
1301	2308010
1302	2309010
1303	2310010
1304	2311010
1305	2312010
1306	2313010
1307	2314010
1308	2315010
1309	2316010
1310	2317010
1311	2318010
1312	2319010
1313	2320010
1314	2321010
1315	2322010
1316	2323010
1317	2324010
1318	2325010
1319	2326010
1320	2327010
1321	2328010
1322	2329010
1323	2330010
1324	2331010
1325	2332010
1326	2333010
1327	2334010
1328	2335010
1329	2336010
1330	2337010
1331	2338010
1332	2339010
1333	2340010
1334	2341010
1335	2342010
1336	2343010
1337	2344010
1338	2345010
1339	2346010
1340	2347010
1341	2348010
1342	2349010
1343	2350010
1344	2351010
1345	2352010
1346	2353010
1347	2354010
1348	2355010
1349	2356010
1350	2357010
1351	2358010
1352	2359010
1353	2360010
1354	2361010
1355	2362010
1356	2363010
1357	2364010
1358	2365010
1359	2366010
1360	2367010
1361	2368010
1362	2369010
1363	2370010
1364	2371010
1365	2372010
1366	2373010
1367	2374010
1368	2375010
1369	2376010
1370	2377010
1371	2378010
1372	2379010
1373	2380010
1374	2381010
1375	2382010
1376	2383010
1377	2384010
1378	2385010
1379	2386010
1380	2387010
1381	2388010
1382	2389010
1383	2390010
1384	2391010
1385	2392010
1386	2393010
1387	2394010
1388	2395010
1389	2396010
1390	2397010
1391	2398010
1392	2399010
1393	2400010
1394	2401010
1395	2402010
1396	2403010
1397	2404010
1398	2405010
1399	2406010
1400	2407010
1401	2408010
1402	2409010
1403	2410010
1404	2411010
1405	2412010
1406	2413010
1407	2414010
1408	2415010
1409	2416010
1410	2417010
1411	2418010
1412	2419010
1413	2420010
1414	2421010
1415	2422010
1416	2423010
1417	2424010
1418	2425010
1419	2426010
1420	2427010
1421	2428010
1422	2429010
1423	2430010
1424	2431010
1425	2432010
1426	2433010
1427	2434010
1428	2435010
1429	2436010
1430	2437010
1431	2438010
1432	2439010
1433	2440010
1434	2441010
1435	2442010
1436	2443010
1437	2444010
1438	2445010
1439	2446010
1440	2447010
1441	2448010
1442	2449010
1443	2450010
1444	2451010
1445	2452010
1446	2453010
1447	2454010
1448	2455010
1449	2456010
1450	2457010
1451	2458010
1452	2459010
1453	2460010
1454	2461010
1455	2462010
1456	2463010
1457	2464010
1458	2465010
1459	2466010
1460	2467010
1461	2468010
1462	2469010
1463	2470010
1464	2471010
1465	2472010
1466	2473010
1467	2474010
1468	2475010
1469	2476010
1470	2477010
1471	2478010
1472	2479010
1473	2480010
1474	2481010
1475	2482010
1476	2483010
1477	2484010
1478	2485010
1479	2486010
1480	2487010
1481	2488010
1482	2489010
1483	2490010
1484	2491010
1485	2492010
1486	2493010
1487	2494010
1488	2495010
1489	2496010
1490	2497010
1491	2498010
1492	2499010
1493	2500010
1494	2501010
1495	2502010
1496	2503010
1497	2504010
1498	2505010
1499	2506010
1500	2507010
1501	2508010
1502	2509010
1503	2510010
1504	2511010
1505	2512010
1506	2513010
1507	2514010
1508	2515010
1509	2516010
1510	2517010
1511	2518010
1512	2519010
1513	2520010
1514	2521010
1515	2522010
1516	2523010
1517	2524010
1518	2525010
1519	2526010
1520	2527010
1521	2528010
1522	2529010
1523	2530010
1524	2531010
1525	2532010
1526	2533010
1527	2534010
1528	2535010
1529	2536010
1530	2537010
1531	2538010
1532	2539010
1533	2540010
1534	2541010
1535	2542010
1536	2543010
1537	2544010
1538	2545010
1539	2546010
1540	2547010
1541	2548010
1542	2549010
1543	2550010
1544	2551010
1545	2552010
1546	2553010
1547	2554010
1548	2555010
1549	2556010
1550	2557010
1551	2558010
1552	2559010
1553	2560010
1554	2561010
1555	2562010
1556	2563010
1557	2564010
1558	2565010
1559	2566010
1560	2567010
1561	2568010
1562	2569010
1563	2570010
1564	2571010
1565	2572010
1566	2573010
1567	2574010
1568	2575010
1569	2576010
1570	2577010
1571	2578010
1572	2579010
1573	2580010
1574	2581010
1575	2582010
1576	2583010
1577	2584010
1578	2585010
1579	2586010
1580	2587010
1581	2588010
1582	2589010
1583	2590010
1584	2591010
1585	2592010
1586	2593010
1587	2594010
1588	2595010
1589	2596010
1590	2597010
1591	2598010
1592	2599010
1593	2600010
1594	2601010
1595	2602010
1596	2603010
1597	2604010
1598	2605010
1599	2606010
1600	2607010
1601	2608010
1602	2609010
1603	2610010
1604	2611010
1605	2612010
1606	2613010
1607	2614010
1608	2615010
1609	2616010
1610	2617010
1611	2618010
1612	2619010
1613	2620010
1614	2621010
1615	2622010
1616	2623010
1617	2624010
1618	2625010
1619	2626010
1620	2627010
1621	2628010
1622	2629010
1623	2630010
1624	2631010
1625	2632010
1626	2633010
1627	2634010
1628	2635010
1629	2636010
1630	2637010
1631	2638010
1632	2639010
1633	2640010
1634	2641010
1635	2642010
1636	2643010
1637	2644010
1638	2645010
1639	2646010
1640	2647010
1641	2648010
1642	2649010
1643	2650010
1644	2651010
1645	2652010
1646	2653010
1647	2654010
1648	2655010
1649	2656010
1650	2657010
1651	2658010
1652	2659010
1653	2660010
1654	2661010
1655	2662010
1656	2663010
1657	2664010
1658	2665010
1659	2666010
1660	2667010
1661	2668010
1662	2669010
1663	2670010
1664	2671010
1665	2672010
1666	2673010
1667	2674010
1668	2675010
1669	2676010
1670	2677010
1671	2678010
1672	2679010
1673	2680010
1674	2681010
1675	2682010
1676	2683010
1677	2684010
1678	2685010
1679	2686010
1680	2687010
1681	2688010
1682	2689010
1683	2690010
1684	2691010
1685	2692010
1686	2693010
1687	2694010
1688	2695010
1689	2696010
1690	2697010
1691	2698010
1692	2699010
1693	2700010
1694	2701010
1695	2702010
1696	2703010
1697	2704010
1698	2705010
1699	2706010
1700	2707010
1701	2708010
1702	2709010
1703	2710010
1704	2711010
1705	2712010
1706	2713010
1707	2714010
1708	2715010
1709	2716010
1710	2717010
1711	2718010
1712	2719010
1713	2720010
1714	2721010
1715	2722010
1716	2723010
1717	2724010
1718	2725010
1719	2726010
1720	2727010
1721	2728010
1722	2729010
1723	2730010
1724	2731010
1725	2732010
1726	2733010
1727	2734010
1728	2735010
1729	2736010
1730	2737010
1731	2738010
1732	2739010
1733	2740010
1734	2741010
1735	2742010
1736	2743010
1737	2744010
1738	2745010
1739	2746010
1740	2747010
1741	2748010
1742	2749010
1743	2750010
1744	2751010
1745	2752010
1746	2753010
1747	2754010
1748	2755010
1749	2756010
1750	2757010
1751	2758010
1752	2759010
1753	2760010
1754	2761010
1755	2762010
1756	2763010
1757	2764010
1758	2765010
1759	2766010
1760	2767010
1761	2768010
1762	2769010
1763	2770010
1764	2771010
1765	2772010
1766	2773010
1767	2774010
1768	2775010
1769	2776010
1770	2777010
1771	2778010
1772	2779010
1773	2780010
1774	2781010
1775	2782010
1776	2783010
1777	2784010
1778	2785010
1779	2786010
1780	2787010
1781	2788010
1782	2789010
1783	2790010
1784	2791010
1785	2792010
1786	2793010
1787	2794010
1788	2795010
1789	2796010
1790	2797010
1791	2798010
1792	2799010
1793	2800010
1794	2801010
1795	2802010
1796	2803010
1797	2804010
1798	2805010
1799	2806010
1800	2807010
1801	2808010
1802	2809010
1803	2810010
1804	2811010
1805	2812010
1806	2813010
1807	2814010
1808	2815010
1809	2816010
1810	2817010
1811	2818010
1812	2819010
1813	2820010
1814	2821010
1815	2822010
1816	2823010
1817	2824010
1818	2825010
1819	2826010
1820	2827010
1821	2828010
1822	2829010
1823	2830010
1824	2831010
1825	2832010
1826	2833010
1827	2834010
1828	2835010
1829	2836010
1830	2837010
1831	2838010
1832	2839010
1833	2840010
1834	2841010
1835	2842010
1836	2843010
1837	2844010
1838	2845010
1839	2846010
1840	2847010
1841	2848010
1842	2849010
1843	2850010
1844	2851010
1845	2852010
1846	2853010
1847	2854010
1848	2855010
1849	2856010
1850	2857010
1851	2858010
1852	2859010
1853	2860010
1854	2861010
1855	2862010
1856	2863010
1857	2864010
1858	2865010
1859	2866010
1860	2867010
1861	2868010
1862	2869010
1863	2870010
1864	2871010
1865	2872010
1866	2873010
1867	2874010
1868	2875010
1869	2876010
1870	2877010
1871	2878010
1872	2879010
1873	2880010
1874	2881010
1875	2882010
1876	2883010
1877	2884010
1878	2885010
1879	2886010
1880	2887010
1881	2888010
1882	2889010
1883	2890010
1884	2891010
1885	2892010
1886	2893010
1887	2894010
1888	2895010
1889	2896010
1890	2897010
1891	2898010
1892	2899010
1893	2900010
1894	2901010
1895	2902010
1896	2903010
1897	2904010
1898	2905010
1899	2906010
1900	2907010
1901	2908010
1902	2909010
1903	2910010
1904	2911010
1905	2912010
1906	2913010
1907	2914010
1908	2915010
1909	2916010
1910	2917010
1911	2918010
1912	2919010
1913	2920010
1914	2921010
1915	2922010
1916	2923010
1917	2924010
1918	2925010
1919	2926010
1920	2927010
1921	2928010
1922	2929010
1923	2930010
1924	2931010
1925	2932010
1926	2933010
1927	2934010
1928	2935010
1929	2936010
1930	2937010
1931	2938010
1932	2939010
1933	2940010
1934	2941010
1935	2942010
1936	2943010
1937	2944010
1938	2945010
1939	2946010
1940	2947010
1941	2948010
1942	2949010
1943	2950010
1944	2951010
1945	2952010
1946	2953010
1947	2954010
1948	2955010
1949	2956010
1950	2957010
1951	2958010
1952	2959010
1953	2960010
1954	2961010
1955	2962010
1956	2963010
1957	2964010
1958	2965010
1959	2966010
1960	2967010
1961	2968010
1962	2969010
1963	2970010
1964	2971010
1965	2972010
1966	2973010
1967	2974010
1968	2975010
1969	2976010
1970	2977010
1971	2978010
1972	2979010
1973	2980010
1974	2981010
1975	2982010
1976	2983010
1977	2984010
1978	2985010
1979	2986010
1980	2987010
1981	2988010
1982	2989010
1983	2990010
1984	2991010
1985	2992010
1986	2993010
1987	2994010
1988	2995010
1989	2996010
1990	2997010
1991	2998010
1992	2999010
1993	3000010
1994	3001010
1995	3002010
1996	3003010
1997	3004010
1998	3005010
1999	3006010
2000	3007010
2001	3008010
2002	3009010
2003	3010010
2004	3011010
2005	3012010
2006	3013010
2007	3014010
2008	3015010
2009	3016010
2010	3017010
2011	3018010
2012	3019010
2013	3020010
2014	3021010
2015	3022010
2016	3023010
2017	3024010
2018	3025010
2019	3026010
2020	3027010
2021	3028010
2022	3029010
2023	3030010
2024	3031010
2025	3032010
2026	3033010
2027	3034010
2028	3035010
2029	3036010
2030	3037010
2031	3038010
2032	3039010
2033	3040010
2034	3041010
2035	3042010
2036	3043010
2037	3044010
2038	3045010
2039	3046010
2040	3047010
2041	3048010
2042	3049010
2043	3050010
2044	3051010
2045	3052010
2046	3053010
2047	3054010
2048	3055010
2049	3056010
2050	3057010
2051	3058010
2052	3059010
2053	3060010
2054	3061010
2055	3062010
2056	3063010
2057	3064010
2058	3065010
2059	3066010
2060	3067010
2061	3068010
2062	3069010
2063	3070010
2064	3071010
2065	3072010
2066	3073010
2067	3074010
2068	3075010
2069	3076010
2070	3077010
2071	3078010
2072	3079010
2073	3080010
2074	3081010
2075	3082010
2076	3083010
2077	3084010
2078	3085010
2079	3086010
2080	3087010
2081	3088010
2082	3089010
2083	3090010
2084	3091010
2085	3092010
2086	3093010
2087	3094010
2088	3095010
2089	3096010
2090	3097010
2091	3098010
2092	3099010
2093	3100010
2094	3101010
2095	3102010
2096	3103010
2097	3104010
2098	3105010
2099	3106010
2100	3107010
2101	3108010
2102	3109010
2103	3110010
2104	3111010
2105	3112010
2106	3113010
2107	3114010
2108	3115010
2109	3116010
2110	3117010
2111	3118010
2112	3119010
2113	3120010
2114	3121010
2115	3122010
2116	3123010
2117	3124010
2118	3125010
2119	3126010
2120	3127010
2121	3128010
2122	3129010
2123	3130010
2124	3131010
2125	3132010
2126	3133010
2127	3134010
2128	3135010
2129	3136010
2130	3137010
2131	3138010
2132	3139010
2133	3140010
2134	3141010
2135	3142010
2136	3143010
2137	3144010
2138	3145010
2139	3146010
2140	3147010
2141	3148010
2142	3149010
2143	3150010
2144	3151010
2145	3152010
2146	3153010
2147	3154010
2148	3155010
2149	3156010
2150	3157010
2151	3158010
2152	3159010
2153	3160010
2154	3161010
2155	3162010
2156	3163010
2157	3164010
2158	3165010
2159	3166010
2160	3167010
2161	3168010
2162	3169010
2163	3170010
2164	3171010
2165	3172010
2166	3173010
2167	3174010
2168	3175010
2169	3176010
2170	3177010
2171	3178010
2172	3179010
2173	3180010
2174	3181010
2175	3182010
2176	3183010
2177	3184010
2178	3185010
2179	3186010
2180	3187010
2181	3188010
2182	3189010
2183	3190010
2184	3191010
2185	3192010
2186	3193010
2187	3194010
2188	3195010
2189	3196010
2190	3197010
2191	3198010
2192	3199010
2193	3200010
2194	3201010
2195	3202010
2196	3203010
2197	3204010
2198	3205010
2199	3206010
2200	3207010
2201	3208010
2202	3209010
2203	3210010
2204	3211010
2205	3212010
2206	3213010
2207	3214010
2208	3215010
2209	3216010
2210	3217010
2211	3218010
2212	3219010
2213	3220010
2214	3221010
2215	3222010
2216	3223010
2217	3224010
2218	3225010
2219	3226010
2220	3227010
2221	3228010
2222	3229010
2223	3230010
2224	3231010
2225	3232010
2226	3233010
2227	3234010
2228	3235010
2229	3236010
2230	3237010
2231	3238010
2232	3239010
2233	3240010
2234	3241010
2235	3242010
2236	3243010
2237	3244010
2238	3245010
2239	3246010
2240	3247010
2241	3248010
2242	3249010
2243	3250010
2244	3251010
2245	3252010
2246	3253010
2247	3254010
2248	3255010
2249	3256010
2250	3257010
2251	3258010
2252	3259010
2253	3260010
2254	3261010
2255	3262010
2256	3263010
2257	3264010
2258	3265010
2259	3266010
2260	3267010
2261	3268010
2262	3269010
2263	3270010
2264	3271010
2265	3272010
2266	3273010
2267	3274010
2268	3275010
2269	3276010
2270	3277010
2271	3278010
2272	3279010
2273	3280010
2274	3281010
2275	3282010
2276	3283010
2277	3284010
2278	3285010
2279	3286010
2280	3287010
2281	3288010
2282	3289010
2283	3290010
2284	3291010
2285	3292010
2286	3293010
2287	3294010
2288	3295010
2289	3296010
2290	3297010
2291	3298010
2292	3299010
2293	3300010
2294	3301010
2295	3302010
2296	3303010
2297	3304010
2298	3305010
2299	3306010
2300	3307010
2301	3308010
2302	3309010
2303	3310010
2304	3311010
2305	3312010
2306	3313010
2307	3314010
2308	3315010
2309	3316010
2310	3317010
2311	3318010
2312	3319010
2313	3320010
2314	3321010
2315	3322010
2316	3323010
2317	3324010
2318	3325010
2319	3326010
2320	3327010
2321	3328010
2322	3329010
2323	3330010
2324	3331010
2325	3332010
2326	3333010
2327	3334010
2328	3335010
2329	3336010
2330	3337010
2331	3338010
2332	3339010
2333	3340010
2334	3341010
2335	3342010
2336	3343010
2337	3344010
2338	3345010
2339	3346010
2340	3347010
2341	3348010
2342	3349010
2343	3350010
2344	3351010
2345	3352010
2346	3353010
2347	3354010
2348	3355010
2349	3356010
2350	3357010
2351	3358010
2352	3359010
2353	3360010
2354	3361010
2355	3362010
2356	3363010
2357	3364010
2358	3365010
2359	3366010
2360	3367010
2361	3368010
2362	3369010
2363	3370010
2364	3371010
2365	3372010
2366	3373010
2367	3374010
2368	3375010
2369	3376010
2370	3377010
2371	3378010
2372	3379010
2373	3380010
2374	3381010
2375	3382010
2376	3383010
2377	3384010
2378	3385010
2379	3386010
2380	3387010
2381	3388010
2382	3389010
2383	3390010
2384	3391010
2385	3392010
2386	3393010
2387	3394010
2388	3395010
2389	3396010
2390	3397010
2391	3398010
2392	3399010
2393	3400010
2394	3401010
2395	3402010
2396	3403010
2397	3404010
2398	3405010
2399	3406010
2400	3407010
2401	3408010
2402	3409010
2403	3410010
2404	3411010
2405	3412010
2406	3413010
2407	3414010
2408	3415010
2409	3416010
2410	3417010
2411	3418010
2412	3419010
2413	3420010
2414	3421010
2415	3422010
2416	3423010
2417	3424010
2418	3425010
2419	3426010
2420	3427010
2421	3428010
2422	3429010
2423	3430010
2424	3431010
2425	3432010
2426	3433010
2427	3434010
2428	3435010
2429	3436010
2430	3437010
2431	3438010
2432	3439010
2433	3440010
2434	3441010
2435	3442010
2436	3443010
2437	3444010
2438	3445010
2439	3446010
2440	3447010
2441	3448010
2442	3449010
2443	3450010
2444	3451010
2445	3452010
2446	3453010
2447	3454010
2448	3455010
2449	3456010
2450	3457010
2451	3458010
2452	3459010
2453	3460010
2454	3461010
2455	3462010
2456	3463010
2457	3464010
2458	3465010
2459	3466010
2460	3467010
2461	3468010
2462	3469010
2463	3470010
2464	3471010
2465	3472010
2466	3473010
2467	3474010
2468	3475010
2469	3476010
2470	3477010
2471	3478010
2472	3479010
2473	3480010
2474	3481010
2475	3482010
2476	3483010
2477	3484010
2478	3485010
2479	3486010
2480	3487010
2481	3488010
2482	3489010
2483	3490010
2484	3491010
2485	3492010
2486	3493010
2487	3494010
2488	3495010
2489	3496010
2490	3497010
2491	3498010
2492	3499010
2493	3500010
2494	3501010
2495	3502010
2496	3503010
2497	3504010
2498	3505010
2499	3506010
2500	3507010
2501	3508010
2502	3509010
2503	3510010
2504	3511010
2505	3512010
2506	3513010
2507	3514010
2508	3515010
2509	3516010
2510	3517010
2511	3518010
2512	3519010
2513	3520010
2514	3521010
2515	3522010
2516	3523010
2517	3524010
2518	3525010
2519	3526010
2520	3527010
2521	3528010
2522	3529010
2523	3530010
2524	3531010
2525	3532010
2526	3533010
2527	3534010
2528	3535010
2529	3536010
2530	3537010
2531	3538010
2532	3539010
2533	3540010
2534	3541010
2535	3542010
2536	3543010
2537	3544010
2538	3545010
2539	3546010
2540	3547010
2541	3548010
2542	3549010
2543	3550010
2544	3551010
2545	3552010
2546	3553010
2547	3554010
2548	3555010
2549	3556010
2550	3557010
2551	3558010
2552	3559010
2553	3560010
2554	3561010
2555	3562010
2556	3563010
2557	3564010
2558	3565010
2559	3566010
2560	3567010
2561	3568010
2562	3569010
2563	3570010
2564	3571010
2565	3572010
2566	3573010
2567	3574010
2568	3575010
2569	3576010
2570	3577010
2571	3578010
2572	3579010
2573	3580010
2574	3581010
2575	3582010
2576	3583010
2577	3584010
2578	3585010
2579	3586010
2580	3587010
2581	3588010
2582	3589010
2583	3590010
2584	3591010
2585	3592010
2586	3593010
2587	3594010
2588	3595010
2589	3596010
2590	3597010
2591	3598010
2592	3599010
2593	3600010
2594	3601010
2595	3602010
2596	3603010
2597	3604010
2598	3605010
2599	3606010
2600	3607010
2601	3608010
2602	3609010
2603	3610010
2604	3611010
2605	3612010
2606	3613010
2607	3614010
2608	3615010
2609	3616010
2610	3617010
2611	3618010
2612	3619010
2613	3620010
2614	3621010
2615	3622010
2616	3623010
2617	3624010
2618	3625010
2619	3626010
2620	3627010
2621	3628010
2622	3629010
2623	3630010
2624	3631010
2625	3632010
2626	3633010
2627	3634010
2628	3635010
2629	3636010
2630	3637010
2631	3638010
2632	3639010
2633	3640010
2634	3641010
2635	3642010
2636	3643010
2637	3644010
2638	3645010
2639	3646010
2640	3647010
2641	3648010
2642	3649010
2643	3650010
2644	3651010
2645	3652010
2646	3653010
2647	3654010
2648	3655010
2649	3656010
2650	3657010
2651	3658010
2652	3659010
2653	3660010
2654	3661010
2655	3662010
2656	3663010
2657	3664010
2658	3665010
2659	3666010
2660	3667010
2661	3668010
2662	3669010
2663	3670010
2664	3671010
2665	3672010
2666	3673010
2667	3674010
2668	3675010
2669	3676010
2670	3677010
2671	3678010
2672	3679010
2673	3680010
2674	3681010
2675	3682010
2676	3683010
2677	3684010
2678	3685010
2679	3686010
2680	3687010
2681	3688010
2682	3689010
2683	3690010
2684	3691010
2685	3692010
2686	3693010
2687	3694010
2688	3695010
2689	3696010
2690	3697010
2691	3698010
2692	3699010
2693	3700010
2694	3701010
2695	3702010
2696	3703010
2697	3704010
2698	3705010
2699	3706010
2700	3707010
2701	3708010
2702	3709010
2703	3710010
2704	3711010
2705	3712010
2706	3713010
2707	3714010
2708	3715010
2709	3716010
2710	3717010
2711	3718010
2712	3719010
2713	3720010
2714	3721010
2715	3722010
2716	3723010
2717	3724010
2718	3725010
2719	3726010
2720	3727010
2721	3728010
2722	3729010
2723	3730010
2724	3731010
2725	3732010
2726	3733010
2727	3734010
2728	3735010
2729	3736010
2730	3737010
2731	3738010
2732	3739010
2733	3740010
2734	3741010
2735	3742010
2736	3743010
2737	3744010
2738	3745010
2739	3746010
2740	3747010
2741	3748010
2742	3749010
2743	3750010
2744	3751010
2745	3752010
2746	3753010
2747	3754010
2748	3755010
2749	3756010
2750	3757010
2751	3758010
2752	3759010
2753	3760010
2754	3761010
2755	3762010
2756	3763010
2757	3764010
2758	3765010
2759	3766010
2760	3767010
2761	3768010
2762	3769010
2763	3770010
2764	3771010
2765	3772010
2766	3773010
2767	3774010
2768	3775010
2769	3776010
2770	3777010
2771	3778010
2772	3779010
2773	3780010
2774	3781010
2775	3782010
2776	3783010
2777	3784010
2778	3785010
2779	3786010
2780	3787010
2781	3788010
2782	3789010
2783	3790010
2784	3791010
2785	3792010
2786	3793010
2787	3794010
2788	3795010
2789	3796010
2790	3797010
2791	3798010
2792	3799010
2793	3800010
2794	3801010
2795	3802010
2796	3803010
2797	3804010
2798	3805010
2799	3806010
2800	3807014
2801	3808010
2802	3809010
2803	3810010
2804	3811010
2805	3812010
2806	3813010
2807	3814010
2808	3815010
2809	3816010
2810	3817010
2811	3818010
2812	3819010
2813	3820010
2814	3821010
2815	3822010
2816	3823010
2817	3824010
2818	3825010
2819	3826010
2820	3827010
2821	3828010
2822	3829010
2823	3830010
2824	3831010
2825	3832010
2826	3833010
2827	3834010
2828	3835010
2829	3836010
2830	3837010
2831	3838010
2832	3839010
2833	3840010
2834	3841010
2835	3842010
2836	3843010
2837	3844010
2838	3845010
2839	3846010
2840	3847010
2841	3848010
2842	3849010
2843	3850010
2844	3851010
2845	3852010
2846	3853010
2847	3854010
2848	3855010
2849	3856010
2850	3857010
2851	3858010
2852	3859010
2853	3860010
2854	3861010
2855	3862010
2856	3863010
2857	3864010
2858	3865010
2859	3866010
2860	3867010
2861	3868010
2862	3869010
2863	3870010
2864	3871010
2865	3872010
2866	3873010
2867	3874010
2868	3875010
2869	3876010
2870	3877010
2871	3878010
2872	3879010
2873	3880010
2874	3881010
2875	3882010
2876	3883010
2877	3884010
2878	3885010
2879	3886010
2880	3887010
2881	3888010
2882	3889010
2883	3890010
2884	3891010
2885	3892010
2886	3893010
2887	3894010
2888	3895010
2889	3896010
2890	3897010
2891	3898010
2892	3899010
2893	3900010
2894	3901010
2895	3902010
2896	3903010
2897	3904010
2898	3905010
2899	3906010
2900	3907010
2901	3908010
2902	3909010
2903	3910010
2904	3911010
2905	3912010
2906	3913010
2907	3914010
2908	3915010
2909	3916010
2910	3917010
2911	3918010
2912	3919010
2913	3920010
2914	3921010
2915	3922010
2916	3923010
2917	3924010
2918	3925010
2919	3926010
2920	3927010
2921	3928010
2922	3929010
2923	3930010
2924	3931010
2925	3932010
2926	3933010
2927	3934010
2928	3935010
2929	3936010
2930	3937010
2931	3938010
2932	3939010
2933	3940010
2934	3941010
2935	3942010
2936	3943010
2937	3944010
2938	3945010
2939	3946010
2940	3947010
2941	3948010
2942	3949010
2943	3950010
2944	3951010
2945	3952010
2946	3953010
2947	3954010
2948	3955010
2949	3956010
2950	3957010
2951	3958010
2952	3959010
2953	3960010
2954	3961010
2955	3962010
2956	3963010
2957	3964010
2958	3965010
2959	3966010
2960	3967010
2961	3968010
2962	3969010
2963	3970010
2964	3971010
2965	3972010
2966	3973010
2967	3974010
2968	3975010
2969	3976010
2970	3977010
2971	3978010
2972	3979010
2973	3980010
2974	3981010
2975	3982010
2976	3983010
2977	3984010
2978	3985010
2979	3986010
2980	3987010
2981	3988010
2982	3989010
2983	3990010
2984	3991010
2985	3992010
2986	3993010
2987	3994010
2988	3995010
2989	3996010
2990	3997010
2991	3998010
2992	3999010
2993	4000010
2994	4001010
2995	4002010
2996	4003010
2997	4004010
2998	4005010
2999	4006010
3000	4007010
3001	4008010
3002	4009010
3003	4010010
3004	4011010
3005	4012010
3006	4013010
3007	4014010
3008	4015010
3009	4016010
3010	4017010
3011	4018010
3012	4019010
3013	4020010
3014	4021010
3015	4022010
3016	4023010
3017	4024010
3018	4025010
3019	4026010
3020	4027010
3021	4028010
3022	4029010
3023	4030010
3024	4031010
3025	4032010
3026	4033010
3027	4034010
3028	4035010
3029	4036010
3030	4037010
3031	4038010
3032	4039010
3033	4040010
3034	4041010
3035	4042010
3036	4043010
3037	4044010
3038	4045010
3039	4046010
3040	4047010
3041	4048010
3042	4049010
3043	4050010
3044	4051010
3045	4052010
3046	4053010
3047	4054010
3048	4055010
3049	4056010
3050	4057010
3051	4058010
3052	4059010
3053	4060010
3054	4061010
3055	4062010
3056	4063010
3057	4064010
3058	4065010
3059	4066010
3060	4067010
3061	4068010
3062	4069010
3063	4070010
3064	4071010
3065	4072010
3066	4073010
3067	4074010
3068	4075010
3069	4076010
3070	4077010
3071	4078010
3072	4079010
3073	4080010
3074	4081010
3075	4082010
3076	4083010
3077	4084010
3078	4085010
3079	4086010
3080	4087010
3081	4088010
3082	4089010
3083	4090010
3084	4091010
3085	4092010
3086	4093010
3087	4094010
3088	4095010
3089	4096010
3090	4097010
3091	4098010
3092	4099010
3093	4100010
3094	4101010
3095	4102010
3096	4103010
3097	4104010
3098	4105010
3099	4106010
3100	4107010
3101	4108010
3102	4109010
3103	4110010
3104	4111010
3105	4112010
3106	4113010
3107	4114010
3108	4115010
3109	4116010
3110	4117010
3111	4118010
3112	4119010
3113	4120010
3114	4121010
3115	4122010
3116	4123010
3117	4124010
3118	4125010
3119	4126010
3120	4127010
3121	4128010
3122	4129010
3123	4130010
3124	4131010
3125	4132010
3126	4133010
3127	4134010
3128	4135010
3129	4136010
3130	4137010
3131	4138010
3132	4139010
3133	4140010
3134	4141010
3135	4142010
3136	4143010
3137	4144010
3138	4145010
3139	4146010
3140	4147010
3141	4148010
3142	4149010
3143	4150010
3144	4151010
3145	4152010
3146	4153010
3147	4154010
3148	4155010
3149	4156010
3150	4157010
3151	4158010
3152	4159010
3153	4160010
3154	4161010
3155	4162010
3156	4163010
3157	4164010
3158	4165010
3159	4166010
3160	4167010
3161	4168010
3162	4169010
3163	4170010
3164	4171010
3165	4172010
3166	4173010
3167	4174010
3168	4175010
3169	4176010
3170	4177010
3171	4178010
3172	4179010
3173	4180010
3174	4181010
3175	4182010
3176	4183010
3177	4184010
3178	4185010
3179	4186010
3180	4187010
3181	4188010
3182	4189010
3183	4190010
3184	4191010
3185	4192010
3186	4193010
3187	4194010
3188	4195010
3189	4196010
3190	4197010
3191	4198010
3192	4199010
3193	4200010
3194	4201010
3195	4202010
3196	4203010
3197	4204010
3198	4205010
3199	4206010
3200	4207010
3201	4208010
3202	4209010
3203	4210010
3204	4211010
3205	4212010
3206	4213010
3207	4214010
3208	4215010
3209	4216010
3210	4217010
3211	4218010
3212	4219010
3213	4220010
3214	4221010
3215	4222010
3216	4223010
3217	4224010
3218	4225010
3219	4226010
3220	4227010
3221	4228010
3222	4229010
3223	4230010
3224	4231010
3225	4232010
3226	4233010
3227	4234010
3228	4235010
3229	4236010
3230	4237010
3231	4238010
3232	4239010
3233	4240010
3234	4241010
3235	4242010
3236	4243010
3237	4244010
3238	4245010
3239	4246010
3240	4247010
3241	4248010
3242	4249010
3243	4250010
3244	4251010
3245	4252010
3246	4253010
3247	4254010
3248	4255010
3249	4256010
3250	4257010
3251	4258010
3252	4259010
3253	4260010
3254	4261010
3255	4262010
3256	4263010
3257	4264010
3258	4265010
3259	4266010
3260	4267010
3261	4268010
3262	4269010
3263	4270010
3264	4271010
3265	4272010
3266	4273010
3267	4274010
3268	4275010
3269	4276010
3270	4277010
3271	4278010
3272	4279010
3273	4280010
3274	4281010
3275	4282010
3276	4283010
3277	4284010
3278	4285010
3279	4286010
3280	4287010
3281	4288010
3282	4289010
3283	4290010
3284	4291010
3285	4292010
3286	4293010
3287	4294010
3288	4295010
3289	4296010
3290	4297010
3291	4298010
3292	4299010
3293	4300010
3294	4301010
3295	4302010
3296	4303010
3297	4304010
3298	4305010
3299	4306010
3300	4307010
3301	4308010
3302	4309010
3303	4310010
3304	4311010
3305	4312010
3306	4313010
3307	4314010
3308	4315010
3309	4316010
3310	4317010
3311	4318010
3312	4319010
3313	4320010
3314	4321010
3315	4322010
3316	4323010
3317	4324010
3318	4325010
3319	4326010
3320	4327010
3321	4328010
3322	4329010
3323	4330010
3324	4331010
3325	4332010
3326	4333010
3327	4334010
3328	4335010
3329	4336010
3330	4337010
3331	4338010
3332	4339010
3333	4340010
3334	4341010
3335	4342010
3336	4343010
3337	4344010
3338	4345010
3339	4346010
3340	4347010
3341	4348010
3342	4349010
3343	4350010
3344	4351010
3345	4352010
3346	4353010
3347	4354010
3348	4355010
3349	4356010
3350	4357010
3351	4358010
3352	4359010
3353	4360010
3354	4361010
3355	4362010
3356	4363010
3357	4364010
3358	4365010
3359	4366010
3360	4367010
3361	4368010
3362	4369010
3363	4370010
3364	4371010
3365	4372010
3366	4373010
3367	4374010
3368	4375010
3369	4376010
3370	4377010
3371	4378010
3372	4379010
3373	4380010
3374	4381010
3375	4382010
3376	4383010
3377	4384010
3378	4385010
3379	4386010
3380	4387010
3381	4388010
3382	4389010
3383	4390010
3384	4391010
3385	4392010
3386	4393010
3387	4394010
3388	4395010
3389	4396010
3390	4397010
3391	4398010
3392	4399010
3393	4400010
3394	4401010
3395	4402010
3396	4403010
3397	4404010
3398	4405010
3399	4406010
3400	4407010
3401	4408010
3402	4409010
3403	4410010
3404	4411010
3405	4412010
3406	4413010
3407	4414010
3408	4415010
3409	4416010
3410	4417010
3411	4418010
3412	4419010
3413	4420010
3414	4421010
3415	4422010
3416	4423010
3417	4424010
3418	4425010
3419	4426010
3420	4427010
3421	4428010
3422	4429010
3423	4430010
3424	4431010
3425	4432010
3426	4433010
3427	4434010
3428	4435010
3429	4436010
3430	4437010
3431	4438010
3432	4439010
3433	4440010
3434	4441010
3435	4442010
3436	4443010
3437	4444010
3438	4445010
3439	4446010
3440	4447010
3441	4448010
3442	4449010
3443	4450010
3444	4451010
3445	4452010
3446	4453010
3447	4454010
3448	4455010
3449	4456010
3450	4457010
3451	4458010
3452	4459010
3453	4460010
3454	4461010
3455	4462010
3456	4463010
3457	4464010
3458	4465010
3459	4466010
3460	4467010
3461	4468010
3462	4469010
3463	4470010
3464	4471010
3465	4472010
3466	4473010
3467	4474010
3468	4475010
3469	4476010
3470	4477010
3471	4478010
3472	4479010
3473	4480010
3474	4481010
3475	4482010
3476	4483010
3477	4484010
3478	4485010
3479	4486010
3480	4487010
3481	4488010
3482	4489010
3483	4490010
3484	4491010
3485	4492010
3486	4493010
3487	4494010
3488	4495010
3489	4496010
3490	4497010
3491	4498010
3492	4499010
3493	4500010
3494	4501010
3495	4502010
3496	4503010
3497	4504010
3498	4505010
3499	4506010
3500	4507010
3501	4508010
3502	4509010
3503	4510010
3504	4511010
3505	4512010
3506	4513010
3507	4514010
3508	4515010
3509	4516010
3510	4517010
3511	4518010
3512	4519010
3513	4520010
3514	4521010
3515	4522010
3516	4523010
3517	4524010
3518	4525010
3519	4526010
3520	4527010
3521	4528010
3522	4529010
3523	4530010
3524	4531010
3525	4532010
3526	4533010
3527	4534010
3528	4535010
3529	4536010
3530	4537010
3531	4538010
3532	4539010
3533	4540010
3534	4541010
3535	4542010
3536	4543010
3537	4544010
3538	4545010
3539	4546010
3540	4547010
3541	4548010
3542	4549010
3543	4550010
3544	4551010
3545	4552010
3546	4553010
3547	4554010
3548	4555010
3549	4556010
3550	4557010
3551	4558010
3552	4559010
3553	4560010
3554	4561010
3555	4562010
3556	4563010
3557	4564010
3558	4565010
3559	4566010
3560	4567010
3561	4568010
3562	4569010
3563	4570010
3564	4571010
3565	4572010
3566	4573010
3567	4574010
3568	4575010
3569	4576010
3570	4577010
3571	4578010
3572	4579010
3573	4580010
3574	4581010
3575	4582010
3576	4583010
3577	4584010
3578	4585010
3579	4586010
3580	4587010
3581	4588010
3582	4589010
3583	4590010
3584	4591010
3585	4592010
3586	4593010
3587	4594010
3588	4595010
3589	4596010
3590	4597010
3591	4598010
3592	4599010
3593	4600010
3594	4601010
3595	4602010
3596	4603010
3597	4604010
3598	4605010
3599	4606010
3600	4607010
3601	4608010
3602	4609010
3603	4610010
3604	4611010
3605	4612010
3606	4613010
3607	4614010
3608	4615010
3609	4616010
3610	4617010
3611	4618010
3612	4619010
3613	4620010
3614	4621010
3615	4622010
3616	4623010
3617	4624010
3618	4625010
3619	4626010
3620	4627010
3621	4628010
3622	4629010
3623	4630010
3624	4631010
3625	4632010
3626	4633010
3627	4634010
3628	4635010
3629	4636010
3630	4637010
3631	4638010
3632	4639010
3633	4640010
3634	4641010
3635	4642010
3636	4643010
3637	4644010
3638	4645010
3639	4646010
3640	4647010
3641	4648010
3642	4649010
3643	4650010
3644	4651010
3645	4652010
3646	4653010
3647	4654010
3648	4655010
3649	4656010
3650	4657010
3651	4658010
3652	4659010
3653	4660010
3654	4661010
3655	4662010
3656	4663010
3657	4664010
3658	4665010
3659	4666010
3660	4667010
3661	4668010
3662	4669010
3663	4670010
3664	4671010
3665	4672010
3666	4673010
3667	4674010
3668	4675010
3669	4676010
3670	4677010
3671	4678010
3672	4679010
3673	4680010
3674	4681010
3675	4682010
3676	4683010
3677	4684010
3678	4685010
3679	4686010
3680	4687010
3681	4688010
3682	4689010
3683	4690010
3684	4691010
3685	4692010
3686	4693010
3687	4694010
3688	4695010
3689	4696010
3690	4697010
3691	4698010
3692	4699010
3693	4700010
3694	4701010
3695	4702010
3696	4703010
3697	4704010
3698	4705010
3699	4706010
3700	4707010
3701	4708010
3702	4709010
3703	4710010
3704	4711010
3705	4712010
3706	4713010
3707	4714010
3708	4715010
3709	4716010
3710	4717010
3711	4718010
3712	4719010
3713	4720010
3714	4721010
3715	4722010
3716	4723010
3717	4724010
3718	4725010
3719	4726010
3720	4727010
3721	4728010
3722	4729010
3723	4730010
3724	4731010
3725	4732010
3726	4733010
3727	4734010
3728	4735010
3729	4736010
3730	4737010
3731	4738010
3732	4739010
3733	4740010
3734	4741010
3735	4742010
3736	4743010
3737	4744010
3738	4745010
3739	4746010
3740	4747010
3741	4748010
3742	4749010
3743	4750010
3744	4751010
3745	4752010
3746	4753010
3747	4754010
3748	4755010
3749	4756010
3750	4757010
3751	4758010
3752	4759010
3753	4760010
3754	4761010
3755	4762010
3756	4763010
3757	4764010
3758	4765010
3759	4766010
3760	4767010
3761	4768010
3762	4769010
3763	4770010
3764	4771010
3765	4772010
3766	4773010
3767	4774010
3768	4775010
3769	4776010
3770	4777010
3771	4778010
3772	4779010
3773	4780010
3774	4781010
3775	4782010
3776	4783010
3777	4784010
3778	4785010
3779	4786010
3780	4787010
3781	4788010
3782	4789010
3783	4790010
3784	4791010
3785	4792010
3786	4793010
3787	4794010
3788	4795010
3789	4796010
3790	4797010
3791	4798010
3792	4799010
3793	4800010
3794	4801010
3795	4802010
3796	4803010
3797	4804010
3798	4805010
3799	4806010
3800	4807010
3801	4808010
3802	4809010
3803	4810010
3804	4811010
3805	4812010
3806	4813010
3807	4814010
3808	4815010
3809	4816010
3810	4817010
3811	4818010
3812	4819010
3813	4820010
3814	4821010
3815	4822010
3816	4823010
3817	4824010
3818	4825010
3819	4826010
3820	4827010
3821	4828010
3822	4829010
3823	4830010
3824	4831010
3825	4832010
3826	4833010
3827	4834010
3828	4835010
3829	4836010
3830	4837010
3831	4838010
3832	4839010
3833	4840010
3834	4841010
3835	4842010
3836	4843010
3837	4844010
3838	4845010
3839	4846010
3840	4847010
3841	4848010
3842	4849010
3843	4850010
3844	4851010
3845	4852010
3846	4853010
3847	4854010
3848	4855010
3849	4856010
3850	4857010
3851	4858010
3852	4859010
3853	4860010
3854	4861010
3855	4862010
3856	4863010
3857	4864010
3858	4865010
3859	4866010
3860	4867010
3861	4868010
3862	4869010
3863	4870010
3864	4871010
3865	4872010
3866	4873010
3867	4874010
3868	4875010
3869	4876010
3870	4877010
3871	4878010
3872	4879010
3873	4880010
3874	4881010
3875	4882010
3876	4883010
3877	4884010
3878	4885010
3879	4886010
3880	4887010
3881	4888010
3882	4889010
3883	4890010
3884	4891010
3885	4892010
3886	4893010
3887	4894010
3888	4895010
3889	4896010
3890	4897010
3891	4898010
3892	4899010
3893	4900010
3894	4901010
3895	4902010
3896	4903010
3897	4904010
3898	4905010
3899	4906010
3900	4907010
3901	4908010
3902	4909010
3903	4910010
3904	4911010
3905	4912010
3906	4913010
3907	4914010
3908	4915010
3909	4916010
3910	4917010
3911	4918010
3912	4919010
3913	4920010
3914	4921010
3915	4922010
3916	4923010
3917	4924010
3918	4925010
3919	4926010
3920	4927010
3921	4928010
3922	4929010
3923	4930010
3924	4931010
3925	4932010
3926	4933010
3927	4934010
3928	4935010
3929	4936010
3930	4937010
3931	4938010
3932	4939010
3933	4940010
3934	4941010
3935	4942010
3936	4943010
3937	4944010
3938	4945010
3939	4946010
3940	4947010
3941	4948010
3942	4949010
3943	4950010
3944	4951010
3945	4952010
3946	4953010
3947	4954010
3948	4955010
3949	4956010
3950	4957010
3951	4958010
3952	4959010
3953	4960010
3954	4961010
3955	4962010
3956	4963010
3957	4964010
3958	4965010
3959	4966010
3960	4967010
3961	4968010
3962	4969010
3963	4970010
3964	4971010
3965	4972010
3966	4973010
3967	4974010
3968	4975010
3969	4976010
3970	4977010
3971	4978010
3972	4979010
3973	4980010
3974	4981010
3975	4982010
3976	4983010
3977	4984010
3978	4985010
3979	4986010
3980	4987010
3981	4988010
3982	4989010
3983	4990010
3984	4991010
3985	4992010
3986	4993010
3987	4994010
3988	4995010
3989	4996010
3990	4997010
3991	4998010
3992	4999010
3993	5000010
3994	5001010
3995	5002010
3996	5003010
3997	5004010
3998	5005010
3999	5006010
4000	5007010
4001	5008010
4002	5009010
4003	5010010
4004	5011010
4005	5012010
4006	5013010
4007	5014010
4008	5015010
4009	5016010
4010	5017010
4011	5018010
4012	5019010
4013	5020010
4014	5021010
4015	5022010
4016	5023010
4017	5024010
4018	5025010
4019	5026010
4020	5027010
4021	5028010
4022	5029010
4023	5030010
4024	5031010
4025	5032010
4026	5033010
4027	5034010
4028	5035010
4029	5036010
4030	5037010
4031	5038010
4032	5039010
4033	5040010
4034	5041010
4035	5042010
4036	5043010
4037	5044010
4038	5045010
4039	5046010
4040	5047010
4041	5048010
4042	5049010
4043	5050010
4044	5051010
4045	5052010
4046	5053010
4047	5054010
4048	5055010
4049	5056010
4050	5057010
4051	5058010
4052	5059010
4053	5060010
4054	5061010
4055	5062010
4056	5063010
4057	5064010
4058	5065010
4059	5066010
4060	5067010
4061	5068010
4062	5069010
4063	5070010
4064	5071010
4065	5072010
4066	5073010
4067	5074010
4068	5075010
4069	5076010
4070	5077010
4071	5078010
4072	5079010
4073	5080010
4074	5081010
4075	5082010
4076	5083010
4077	5084010
4078	5085010
4079	5086010
4080	5087010
4081	5088010
4082	5089010
4083	5090010
4084	5091010
4085	5092010
4086	5093010
4087	5094010
4088	5095010
4089	5096010
4090	5097010
4091	5098010
4092	5099010
4093	5100010
4094	5101010
4095	5102010
4096	5103010
4097	5104010
4098	5105010
4099	5106010
4100	5107010
4101	5108010
4102	5109010
4103	5110010
4104	5111010
4105	5112010
4106	5113010
4107	5114010
4108	5115010
4109	5116010
4110	5117010
4111	5118010
4112	5119010
4113	5120010
4114	5121010
4115	5122010
4116	5123010
4117	5124010
4118	5125010
4119	5126010
4120	5127010
4121	5128010
4122	5129010
4123	5130010
4124	5131010
4125	5132010
4126	5133010
4127	5134010
4128	5135010
4129	5136010
4130	5137010
4131	5138010
4132	5139010
4133	5140010
4134	5141010
4135	5142010
4136	5143010
4137	5144010
4138	5145010
4139	5146010
4140	5147010
4141	5148010
4142	5149010
4143	5150010
4144	5151010
4145	5152010
4146	5153010
4147	5154010
4148	5155010
4149	5156010
4150	5157010
4151	5158010
4152	5159010
4153	5160010
4154	5161010
4155	5162010
4156	5163010
4157	5164010
4158	5165010
4159	5166010
4160	5167010
4161	5168010
4162	5169010
4163	5170010
4164	5171010
4165	5172010
4166	5173010
4167	5174010
4168	5175010
4169	5176010
4170	5177010
4171	5178010
4172	5179010
4173	5180010
4174	5181010
4175	5182010
4176	5183010
4177	5184010
4178	5185010
4179	5186010
4180	5187010
4181	5188010
4182	5189010
4183	5190010
4184	5191010
4185	5192010
4186	5193010
4187	5194010
4188	5195010
4189	5196010
4190	5197010
4191	5198010
4192	5199010
4193	5200010
4194	5201010
4195	5202010
4196	5203010
4197	5204010
4198	5205010
4199	5206010
4200	5207010
4201	5208010
4202	5209010
4203	5210010
4204	5211010
4205	5212010
4206	5213010
4207	5214010
4208	5215010
4209	5216010
4210	5217010
4211	5218010
4212	5219010
4213	5220010
4214	5221010
4215	5222010
4216	5223010
4217	5224010
4218	5225010
4219	5226010
4220	5227010
4221	5228010
4222	5229010
4223	5230010
4224	5231010
4225	5232010
4226	5233010
4227	5234010
4228	5235010
4229	5236010
4230	5237010
4231	5238010
4232	5239010
4233	5240010
4234	5241010
4235	5242010
4236	5243010
4237	5244010
4238	5245010
4239	5246010
4240	5247010
4241	5248010
4242	5249010
4243	5250010
4244	5251010
4245	5252010
4246	5253010
4247	5254010
4248	5255010
4249	5256010
4250	5257010
4251	5258010
4252	5259010
4253	5260010
4254	5261010
4255	5262010
4256	5263010
4257	5264010
4258	5265010
4259	5266010
4260	5267010
4261	5268010
4262	5269010
4263	5270010
4264	5271010
4265	5272010
4266	5273010
4267	5274010
4268	5275010
4269	5276010
4270	5277010
4271	5278010
4272	5279010
4273	5280010
4274	5281010
4275	5282010
4276	5283010
4277	5284010
4278	5285010
4279	5286010
4280	5287010
4281	5288010
4282	5289010
4283	5290010
4284	5291010
4285	5292010
4286	5293010
4287	5294010
4288	5295010
4289	5296010
4290	5297010
4291	5298010
4292	5299010
4293	5300010
4294	5301010
4295	5302010
4296	5303010
4297	5304010
4298	5305010
4299	5306010
4300	5307010
4301	5308010
4302	5309010
4303	5310010
4304	5311010
4305	5312010
4306	5313010
4307	5314010
4308	5315010
4309	5316010
4310	5317010
4311	5318010
4312	5319010
4313	5320010
4314	5321010
4315	5322010
4316	5323010
4317	5324010
4318	5325010
4319	5326010
4320	5327010
4321	5328010
4322	5329010
4323	5330010
4324	5331010
4325	5332010
4326	5333010
4327	5334010
4328	5335010
4329	5336010
4330	5337010
4331	5338010
4332	5339010
4333	5340010
4334	5341010
4335	5342010
4336	5343010
4337	5344010
4338	5345010
4339	5346010
4340	5347010
4341	5348010
4342	5349010
4343	5350010
4344	5351010
4345	5352010
4346	5353010
4347	5354010
4348	5355010
4349	5356010
4350	5357010
4351	5358010
4352	5359010
4353	5360010
4354	5361010
4355	5362010
4356	5363010
4357	5364010
4358	5365010
4359	5366010
4360	5367010
4361	5368010
4362	5369010
4363	5370010
4364	5371010
4365	5372010
4366	5373010
4367	5374010
4368	5375010
4369	5376010
4370	5377010
4371	5378010
4372	5379010
4373	5380010
4374	5381010
4375	5382010
4376	5383010
4377	5384010
4378	5385010
4379	5386010
4380	5387010
4381	5388010
4382	5389010
4383	5390010
4384	5391010
4385	5392010
4386	5393010
4387	5394010
4388	5395010
4389	5396010
4390	5397010
4391	5398010
4392	5399010
4393	5400010
4394	5401010
4395	5402010
4396	5403010
4397	5404010
4398	5405010
4399	5406010
4400	5407010
4401	5408010
4402	5409010
4403	5410010
4404	5411010
4405	5412010
4406	5413010
4407	5414010
4408	5415010
4409	5416010
4410	5417010
4411	5418010
4412	5419010
4413	5420010
4414	5421010
4415	5422010
4416	5423010
4417	5424010
4418	5425010
4419	5426010
4420	5427010
4421	5428010
4422	5429010
4423	5430010
4424	5431010
4425	5432010
4426	5433010
4427	5434010
4428	5435010
4429	5436010
4430	5437010
4431	5438010
4432	5439010
4433	5440010
4434	5441010
4435	5442010
4436	5443010
4437	5444010
4438	5445010
4439	5446010
4440	5447010
4441	5448010
4442	5449010
4443	5450010
4444	5451010
4445	5452010
4446	5453010
4447	5454010
4448	5455010
4449	5456010
4450	5457010
4451	5458010
4452	5459010
4453	5460010
4454	5461010
4455	5462010
4456	5463010
4457	5464010
4458	5465010
4459	5466010
4460	5467010
4461	5468010
4462	5469010
4463	5470010
4464	5471010
4465	5472010
4466	5473010
4467	5474010
4468	5475010
4469	5476010
4470	5477010
4471	5478010
4472	5479010
4473	5480010
4474	5481010
4475	5482010
4476	5483010
4477	5484010
4478	5485010
4479	5486010
4480	5487010
4481	5488010
4482	5489010
4483	5490010
4484	5491010
4485	5492010
4486	5493010
4487	5494010
4488	5495010
4489	5496010
4490	5497010
4491	5498010
4492	5499010
4493	5500010
4494	5501010
4495	5502010
4496	5503010
4497	5504010
4498	5505010
4499	5506010
4500	5507010
4501	5508010
4502	5509010
4503	5510010
4504	5511010
4505	5512010
4506	5513010
4507	5514010
4508	5515010
4509	5516010
4510	5517010
4511	5518010
4512	5519010
4513	5520010
4514	5521010
4515	5522010
4516	5523010
4517	5524010
4518	5525010
4519	5526010
4520	5527010
4521	5528010
4522	5529010
4523	5530010
4524	5531010
4525	5532010
4526	5533010
4527	5534010
4528	5535010
4529	5536010
4530	5537010
4531	5538010
4532	5539010
4533	5540010
4534	5541010
4535	5542010
4536	5543010
4537	5544010
4538	5545010
4539	5546010
4540	5547010
4541	5548010
4542	5549010
4543	5550010
4544	5551010
4545	5552010
4546	5553010
4547	5554010
4548	5555010
4549	5556010
4550	5557010
4551	5558010
4552	5559010
4553	5560010
4554	5561010
4555	5562010
4556	5563010
4557	5564010
4558	5565010
4559	5566010
4560	5567010
4561	5568010
4562	5569010
4563	5570010
4564	5571010
4565	5572010
4566	5573010
4567	5574010
4568	5575010
4569	5576010
4570	5577010
4571	5578010
4572	5579010
4573	5580010
4574	5581010
4575	5582010
4576	5583010
4577	5584010
4578	5585010
4579	5586010
4580	5587010
4581	5588010
4582	5589010
4583	5590010
4584	5591010
4585	5592010
4586	5593010
4587	5594010
4588	5595010
4589	5596010
4590	5597010
4591	5598010
4592	5599010
4593	5600010
4594	5601010
4595	5602010
4596	5603010
4597	5604010
4598	5605010
4599	5606010
4600	5607010
4601	5608010
4602	5609010
4603	5610010
4604	5611010
4605	5612010
4606	5613010
4607	5614010
4608	5615010
4609	5616010
4610	5617010
4611	5618010
4612	5619010
4613	5620010
4614	5621010
4615	5622010
4616	5623010
4617	5624010
4618	5625010
4619	5626010
4620	5627010
4621	5628010
4622	5629010
4623	5630010
4624	5631010
4625	5632010
4626	5633010
4627	5634010
4628	5635010
4629	5636010
4630	5637010
4631	5638010
4632	5639010
4633	5640010
4634	5641010
4635	5642010
4636	5643010
4637	5644010
4638	5645010
4639	5646010
4640	5647010
4641	5648010
4642	5649010
4643	5650010
4644	5651010
4645	5652010
4646	5653010
4647	5654010
4648	5655010
4649	5656010
4650	5657010
4651	5658010
4652	5659010
4653	5660010
4654	5661010
4655	5662010
4656	5663010
4657	5664010
4658	5665010
4659	5666010
4660	5667010
4661	5668010
4662	5669010
4663	5670010
4664	5671010
4665	5672010
4666	5673010
4667	5674010
4668	5675010
4669	5676010
4670	5677010
4671	5678010
4672	5679010
4673	5680010
4674	5681010
4675	5682010
4676	5683010
4677	5684010
4678	5685010
4679	5686010
4680	5687010
4681	5688010
4682	5689010
4683	5690010
4684	5691010
4685	5692010
4686	5693010
4687	5694010
4688	5695010
4689	5696010
4690	5697010
4691	5698010
4692	5699010
4693	5700010
4694	5701010
4695	5702010
4696	5703010
4697	5704010
4698	5705010
4699	5706010
4700	5707010
4701	5708010
4702	5709010
4703	5710010
4704	5711010
4705	5712010
4706	5713010
4707	5714010
4708	5715010
4709	5716010
4710	5717010
4711	5718010
4712	5719010
4713	5720010
4714	5721010
4715	5722010
4716	5723010
4717	5724010
4718	5725010
4719	5726010
4720	5727010
4721	5728010
4722	5729010
4723	5730010
4724	5731010
4725	5732010
4726	5733010
4727	5734010
4728	5735010
4729	5736010
4730	5737010
4731	5738010
4732	5739010
4733	5740010
4734	5741010
4735	5742010
4736	5743010
4737	5744010
4738	5745010
4739	5746010
4740	5747010
4741	5748010
4742	5749010
4743	5750010
4744	5751010
4745	5752010
4746	5753010
4747	5754010
4748	5755010
4749	5756010
4750	5757010
4751	5758010
4752	5759010
4753	5760010
4754	5761010
4755	5762010
4756	5763010
4757	5764010
4758	5765010
4759	5766010
4760	5767010
4761	5768010
4762	5769010
4763	5770010
4764	5771010
4765	5772010
4766	5773010
4767	5774010
4768	5775010
4769	5776010
4770	5777010
4771	5778010
4772	5779010
4773	5780010
4774	5781010
4775	5782010
4776	5783010
4777	5784010
4778	5785010
4779	5786010
4780	5787010
4781	5788010
4782	5789010
4783	5790010
4784	5791010
4785	5792010
4786	5793010
4787	5794010
4788	5795010
4789	5796010
4790	5797010
4791	5798010
4792	5799010
4793	5800010
4794	5801010
4795	5802010
4796	5803010
4797	5804010
4798	5805010
4799	5806010
4800	5807010
4801	5808010
4802	5809010
4803	5810010
4804	5811010
4805	5812010
4806	5813010
4807	5814010
4808	5815010
4809	5816010
4810	5817010
4811	5818010
4812	5819010
4813	5820010
4814	5821010
4815	5822010
4816	5823010
4817	5824010
4818	5825010
4819	5826010
4820	5827010
4821	5828010
4822	5829010
4823	5830010
4824	5831010
4825	5832010
4826	5833010
4827	5834010
4828	5835010
4829	5836010
4830	5837010
4831	5838010
4832	5839010
4833	5840010
4834	5841010
4835	5842010
4836	5843010
4837	5844010
4838	5845010
4839	5846010
4840	5847010
4841	5848010
4842	5849010
4843	5850010
4844	5851010
4845	5852010
4846	5853010
4847	5854010
4848	5855010
4849	5856010
4850	5857010
4851	5858010
4852	5859010
4853	5860010
4854	5861010
4855	5862010
4856	5863010
4857	5864010
4858	5865010
4859	5866010
4860	5867010
4861	5868010
4862	5869010
4863	5870010
4864	5871010
4865	5872010
4866	5873010
4867	5874010
4868	5875010
4869	5876010
4870	5877010
4871	5878010
4872	5879010
4873	5880010
4874	5881010
4875	5882010
4876	5883010
4877	5884010
4878	5885010
4879	5886010
4880	5887010
4881	5888010
4882	5889010
4883	5890010
4884	5891010
4885	5892010
4886	5893010
4887	5894010
4888	5895010
4889	5896010
4890	5897010
4891	5898010
4892	5899010
4893	5900010
4894	5901010
4895	5902010
4896	5903010
4897	5904010
4898	5905010
4899	5906010
4900	5907010
4901	5908010
4902	5909010
4903	5910010
4904	5911010
4905	5912010
4906	5913010
4907	5914010
4908	5915010
4909	5916010
4910	5917010
4911	5918010
4912	5919010
4913	5920010
4914	5921010
4915	5922010
4916	5923010
4917	5924010
4918	5925010
4919	5926010
4920	5927010
4921	5928010
4922	5929010
4923	5930010
4924	5931010
4925	5932010
4926	5933010
4927	5934010
4928	5935010
4929	5936010
4930	5937010
4931	5938010
4932	5939010
4933	5940010
4934	5941010
4935	5942010
4936	5943010
4937	5944010
4938	5945010
4939	5946010
4940	5947010
4941	5948010
4942	5949010
4943	5950010
4944	5951010
4945	5952010
4946	5953010
4947	5954010
4948	5955010
4949	5956010
4950	5957010
4951	5958010
4952	5959010
4953	5960010
4954	5961010
4955	5962010
4956	5963010
4957	5964010
4958	5965010
4959	5966010
4960	5967010
4961	5968010
4962	5969010
4963	5970010
4964	5971010
4965	5972010
4966	5973010
4967	5974010
4968	5975010
4969	5976010
4970	5977010
4971	5978010
4972	5979010
4973	5980010
4974	5981010
4975	5982010
4976	5983010
4977	5984010
4978	5985010
4979	5986010
4980	5987010
4981	5988010
4982	5989010
4983	5990010
4984	5991010
4985	5992010
4986	5993010
4987	5994010
4988	5995010
4989	5996010
4990	5997010
4991	5998010
4992	5999010
4993	6000010
4994	6001010
4995	6002010
4996	6003010
4997	6004010
4998	6005010
4999	6006010
5000	6007010
5001	6008010
5002	6009010
5003	6010010
5004	6011010
5005	6012010
5006	6013010
5007	6014010
5008	6015010
5009	6016010
5010	6017010
5011	6018010
5012	6019010
5013	6020010
5014	6021010
5015	6022010
5016	6023010
5017	6024010
5018	6025010
5019	6026010
5020	6027010
5021	6028010
5022	6029010
5023	6030010
5024	6031010
5025	6032010
5026	6033010
5027	6034010
5028	6035010
5029	6036010
5030	6037010
5031	6038010
5032	6039010
5033	6040010
5034	6041010
5035	6042010
5036	6043010
5037	6044010
5038	6045010
5039	6046010
5040	6047010
5041	6048010
5042	6049010
5043	6050010
5044	6051010
5045	6052010
5046	6053010
5047	6054010
5048	6055010
5049	6056010
5050	6057010
5051	6058010
5052	6059010
5053	6060010
5054	6061010
5055	6062010
5056	6063010
5057	6064010
5058	6065010
5059	6066010
5060	6067010
5061	6068010
5062	6069010
5063	6070010
5064	6071010
5065	6072010
5066	6073010
5067	6074010
5068	6075010
5069	6076010
5070	6077010
5071	6078010
5072	6079010
5073	6080010
5074	6081010
5075	6082010
5076	6083010
5077	6084010
5078	6085010
5079	6086010
5080	6087010
5081	6088010
5082	6089010
5083	6090010
5084	6091010
5085	6092010
5086	6093010
5087	6094010
5088	6095010
5089	6096010
5090	6097010
5091	6098010
5092	6099010
5093	6100010
5094	6101010
5095	6102010
5096	6103010
5097	6104010
5098	6105010
5099	6106010
5100	6107010
5101	6108010
5102	6109010
5103	6110010
5104	6111010
5105	6112010
5106	6113010
5107	6114010
5108	6115010
5109	6116010
5110	6117010
5111	6118010
5112	6119010
5113	6120010
5114	6121010
5115	6122010
5116	6123010
5117	6124010
5118	6125010
5119	6126010
5120	6127010
5121	6128010
5122	6129010
5123	6130010
5124	6131010
5125	6132010
5126	6133010
5127	6134010
5128	6135010
5129	6136010
5130	6137010
5131	6138010
5132	6139010
5133	6140010
5134	6141010
5135	6142010
5136	6143010
5137	6144010
5138	6145010
5139	6146010
5140	6147010
5141	6148010
5142	6149010
5143	6150010
5144	6151010
5145	6152010
5146	6153010
5147	6154010
5148	6155010
5149	6156010
5150	6157010
5151	6158010
5152	6159010
5153	6160010
5154	6161010
5155	6162010
5156	6163010
5157	6164010
5158	6165010
5159	6166010
5160	6167010
5161	6168010
5162	6169010
5163	6170010
5164	6171010
5165	6172010
5166	6173010
5167	6174010
5168	6175010
5169	6176010
5170	6177010
5171	6178010
5172	6179010
5173	6180010
5174	6181010
5175	6182010
5176	6183010
5177	6184010
5178	6185010
5179	6186010
5180	6187010
5181	6188010
5182	6189010
5183	6190010
5184	6191010
5185	6192010
5186	6193010
5187	6194010
5188	6195010
5189	6196010
5190	6197010
5191	6198010
5192	6199010
5193	6200010
5194	6201010
5195	6202010
5196	6203010
5197	6204010
5198	6205010
5199	6206010
5200	6207010
5201	6208010
5202	6209010
5203	6210010
5204	6211010
5205	6212010
5206	6213010
5207	6214010
5208	6215010
5209	6216010
5210	6217010
5211	6218010
5212	6219010
5213	6220010
5214	6221010
5215	6222010
5216	6223010
5217	6224010
5218	6225010
5219	6226010
5220	6227010
5221	6228010
5222	6229010
5223	6230010
5224	6231010
5225	6232010
5226	6233010
5227	6234010
5228	6235010
5229	6236010
5230	6237010
5231	6238010
5232	6239010
5233	6240010
5234	6241010
5235	6242010
5236	6243010
5237	6244010
5238	6245010
5239	6246010
5240	6247010
5241	6248010
5242	6249010
5243	6250010
5244	6251010
5245	6252010
5246	6253010
5247	6254010
5248	6255010
5249	6256010
5250	6257010
5251	6258010
5252	6259010
5253	6260010
5254	6261010
5255	6262010
5256	6263010
5257	6264010
5258	6265010
5259	6266010
5260	6267010
5261	6268010
5262	6269010
5263	6270010
5264	6271010
5265	6272010
5266	6273010
5267	6274010
5268	6275010
5269	6276010
5270	6277010
5271	6278010
5272	6279010
5273	6280010
5274	6281010
5275	6282010
5276	6283010
5277	6284010
5278	6285010
5279	6286010
5280	6287010
5281	6288010
5282	6289010
5283	6290010
5284	6291010
5285	6292010
5286	6293010
5287	6294010
5288	6295010
5289	6296010
5290	6297010
5291	6298010
5292	6299010
5293	6300010
5294	6301010
5295	6302010
5296	6303010
5297	6304010
5298	6305010
5299	6306010
5300	6307010
5301	6308010
5302	6309010
5303	6310010
5304	6311010
5305	6312010
5306	6313010
5307	6314010
5308	6315010
5309	6316010
5310	6317010
5311	6318010
5312	6319010
5313	6320010
5314	6321010
5315	6322010
5316	6323010
5317	6324010
5318	6325010
5319	6326010
5320	6327010
5321	6328010
5322	6329010
5323	6330010
5324	6331010
5325	6332010
5326	6333010
5327	6334010
5328	6335010
5329	6336010
5330	6337010
5331	6338010
5332	6339010
5333	6340010
5334	6341010
5335	6342010
5336	6343010
5337	6344010
5338	6345010
5339	6346010
5340	6347010
5341	6348010
5342	6349010
5343	6350010
5344	6351010
5345	6352010
5346	6353010
5347	6354010
5348	6355010
5349	6356010
5350	6357010
5351	6358010
5352	6359010
5353	6360010
5354	6361010
5355	6362010
5356	6363010
5357	6364010
5358	6365010
5359	6366010
5360	6367010
5361	6368010
5362	6369010
5363	6370010
5364	6371010
5365	6372010
5366	6373010
5367	6374010
5368	6375010
5369	6376010
5370	6377010
5371	6378010
5372	6379010
5373	6380010
5374	6381010
5375	6382010
5376	6383010
5377	6384010
5378	6385010
5379	6386010
5380	6387010
5381	6388010
5382	6389010
5383	6390010
5384	6391010
5385	6392010
5386	6393010
5387	6394010
5388	6395010
5389	6396010
5390	6397010
5391	6398010
5392	6399010
5393	6400010
5394	6401010
5395	6402010
5396	6403010
5397	6404010
5398	6405010
5399	6406010
5400	6407010
5401	6408010
5402	6409010
5403	6410010
5404	6411010
5405	6412010
5406	6413010
5407	6414010
5408	6415010
5409	6416010
5410	6417010
5411	6418010
5412	6419010
5413	6420010
5414	6421010
5415	6422010
5416	6423010
5417	6424010
5418	6425010
5419	6426010
5420	6427010
5421	6428010
5422	6429010
5423	6430010
5424	6431010
5425	6432010
5426	6433010
5427	6434010
5428	6435010
5429	6436010
5430	6437010
5431	6438010
5432	6439010
5433	6440010
5434	6441010
5435	6442010
5436	6443010
5437	6444010
5438	6445010
5439	6446010
5440	6447010
5441	6448010
5442	6449010
5443	6450010
5444	6451010
5445	6452010
5446	6453010
5447	6454010
5448	6455010
5449	6456010
5450	6457010
5451	6458010
5452	6459010
5453	6460010
5454	6461010
5455	6462010
5456	6463010
5457	6464010
5458	6465010
5459	6466010
5460	6467010
5461	6468010
5462	6469010
5463	6470010
5464	6471010
5465	6472010
5466	6473010
5467	6474010
5468	6475010
5469	6476010
5470	6477010
5471	6478010
5472	6479010
5473	6480010
5474	6481010
5475	6482010
5476	6483010
5477	6484010
5478	6485010
5479	6486010
5480	6487010
5481	6488010
5482	6489010
5483	6490010
5484	6491010
5485	6492010
5486	6493010
5487	6494010
5488	6495010
5489	6496010
5490	6497010
5491	6498010
5492	6499010
5493	6500010
5494	6501010
5495	6502010
5496	6503010
5497	6504010
5498	6505010
5499	6506010
5500	6507010
5501	6508010
5502	6509010
5503	6510010
5504	6511010
5505	6512010
5506	6513010
5507	6514010
5508	6515010
5509	6516010
5510	6517010
5511	6518010
5512	6519010
5513	6520010
5514	6521010
5515	6522010
5516	6523010
5517	6524010
5518	6525010
5519	6526010
5520	6527010
5521	6528010
5522	6529010
5523	6530010
5524	6531010
5525	6532010
5526	6533010
5527	6534010
5528	6535010
5529	6536010
5530	6537010
5531	6538010
5532	6539010
5533	6540010
5534	6541010
5535	6542010
5536	6543010
5537	6544010
5538	6545010
5539	6546010
5540	6547010
5541	6548010
5542	6549010
5543	6550010
5544	6551010
5545	6552010
5546	6553010
5547	6554010
5548	6555010
5549	6556010
5550	6557010
5551	6558010
5552	6559010
5553	6560010
5554	6561010
5555	6562010
5556	6563010
5557	6564010
5558	6565010
5559	6566010
5560	6567010
5561	6568010
5562	6569010
5563	6570010
5564	6571010
5565	6572010
5566	6573010
5567	6574010
5568	6575010
5569	6576010
5570	6577010
5571	6578010
5572	6579010
5573	6580010
5574	6581010
5575	6582010
5576	6583010
5577	6584010
5578	6585010
5579	6586010
5580	6587010
5581	6588010
5582	6589010
5583	6590010
5584	6591010
5585	6592010
5586	6593010
5587	6594010
5588	6595010
5589	6596010
5590	6597010
5591	6598010
5592	6599010
5593	6600010
5594	6601010
5595	6602010
5596	6603010
5597	6604010
5598	6605010
5599	6606010
5600	6607010
5601	6608010
5602	6609010
5603	6610010
5604	6611010
5605	6612010
5606	6613010
5607	6614010
5608	6615010
5609	6616010
5610	6617010
5611	6618010
5612	6619010
5613	6620010
5614	6621010
5615	6622010
5616	6623010
5617	6624010
5618	6625010
5619	6626010
5620	6627010
5621	6628010
5622	6629010
5623	6630010
5624	6631010
5625	6632010
5626	6633010
5627	6634010
5628	6635010
5629	6636010
5630	6637010
5631	6638010
5632	6639010
5633	6640010
5634	6641010
5635	6642010
5636	6643010
5637	6644010
5638	6645010
5639	6646010
5640	6647010
5641	6648010
5642	6649010
5643	6650010
5644	6651010
5645	6652010
5646	6653010
5647	6654010
5648	6655010
5649	6656010
5650	6657010
5651	6658010
5652	6659010
5653	6660010
5654	6661010
5655	6662010
5656	6663010
5657	6664010
5658	6665010
5659	6666010
5660	6667010
5661	6668010
5662	6669010
5663	6670010
5664	6671010
5665	6672010
5666	6673010
5667	6674010
5668	6675010
5669	6676010
5670	6677010
5671	6678010
5672	6679010
5673	6680010
5674	6681010
5675	6682010
5676	6683010
5677	6684010
5678	6685010
5679	6686010
5680	6687010
5681	6688010
5682	6689010
5683	6690010
5684	6691010
5685	6692010
5686	6693010
5687	6694010
5688	6695010
5689	6696010
5690	6697010
5691	6698010
5692	6699010
5693	6700010
5694	6701010
5695	6702010
5696	6703010
5697	6704010
5698	6705010
5699	6706010
5700	6707010
5701	6708010
5702	6709010
5703	6710010
5704	6711010
5705	6712010
5706	6713010
5707	6714010
5708	6715010
5709	6716010
5710	6717010
5711	6718010
5712	6719010
5713	6720010
5714	6721010
5715	6722010
5716	6723010
5717	6724010
5718	6725010
5719	6726010
5720	6727010
5721	6728010
5722	6729010
5723	6730010
5724	6731010
5725	6732010
5726	6733010
5727	6734010
5728	6735010
5729	6736010
5730	6737010
5731	6738010
5732	6739010
5733	6740010
5734	6741010
5735	6742010
5736	6743010
5737	6744010
5738	6745010
5739	6746010
5740	6747010
5741	6748010
5742	6749010
5743	6750010
5744	6751010
5745	6752010
5746	6753010
5747	6754010
5748	6755010
5749	6756010
5750	6757010
5751	6758010
5752	6759010
5753	6760010
5754	6761010
5755	6762010
5756	6763010
5757	6764010
5758	6765010
5759	6766010
5760	6767010
5761	6768010
5762	6769010
5763	6770010
5764	6771010
5765	6772010
5766	6773010
5767	6774010
5768	6775010
5769	6776010
5770	6777010
5771	6778010
5772	6779010
5773	6780010
5774	6781010
5775	6782010
5776	6783010
5777	6784010
5778	6785010
5779	6786010
5780	6787010
5781	6788010
5782	6789010
5783	6790010
5784	6791010
5785	6792010
5786	6793010
5787	6794010
5788	6795010
5789	6796010
5790	6797010
5791	6798010
5792	6799010
5793	6800010
5794	6801010
5795	6802010
5796	6803010
5797	6804010
5798	6805010
5799	6806010
5800	6807010
5801	6808010
5802	6809010
5803	6810010
5804	6811010
5805	6812010
5806	6813010
5807	6814010
5808	6815010
5809	6816010
5810	6817010
5811	6818010
5812	6819010
5813	6820010
5814	6821010
5815	6822010
5816	6823010
5817	6824010
5818	6825010
5819	6826010
5820	6827010
5821	6828010
5822	6829010
5823	6830010
5824	6831010
5825	6832010
5826	6833010
5827	6834010
5828	6835010
5829	6836010
5830	6837010
5831	6838010
5832	6839010
5833	6840010
5834	6841010
5835	6842010
5836	6843010
5837	6844010
5838	6845010
5839	6846010
5840	6847010
5841	6848010
5842	6849010
5843	6850010
5844	6851010
5845	6852010
5846	6853010
5847	6854010
5848	6855010
5849	6856010
5850	6857010
5851	6858010
5852	6859010
5853	6860010
5854	6861010
5855	6862010
5856	6863010
5857	6864010
5858	6865010
5859	6866010
5860	6867010
5861	6868010
5862	6869010
5863	6870010
5864	6871010
5865	6872010
5866	6873010
5867	6874010
5868	6875010
5869	6876010
5870	6877010
5871	6878010
5872	6879010
5873	6880010
5874	6881010
5875	6882010
5876	6883010
5877	6884010
5878	6885010
5879	6886010
5880	6887010
5881	6888010
5882	6889010
5883	6890010
5884	6891010
5885	6892010
5886	6893010
5887	6894010
5888	6895010
5889	6896010
5890	6897010
5891	6898010
5892	6899010
5893	6900010
5894	6901010
5895	6902010
5896	6903010
5897	6904010
5898	6905010
5899	6906010
5900	6907010
5901	6908010
5902	6909010
5903	6910010
5904	6911010
5905	6912010
5906	6913010
5907	6914010
5908	6915010
5909	6916010
5910	6917010
5911	6918010
5912	6919010
5913	6920010
5914	6921010
5915	6922010
5916	6923010
5917	6924010
5918	6925010
5919	6926010
5920	6927010
5921	6928010
5922	6929010
5923	6930010
5924	6931010
5925	6932010
5926	6933010
5927	6934010
5928	6935010
5929	6936010
5930	6937010
5931	6938010
5932	6939010
5933	6940010
5934	6941010
5935	6942010
5936	6943010
5937	6944010
5938	6945010
5939	6946010
5940	6947010
5941	6948010
5942	6949010
5943	6950010
5944	6951010
5945	6952010
5946	6953010
5947	6954010
5948	6955010
5949	6956010
5950	6957010
5951	6958010
5952	6959010
5953	6960010
5954	6961010
5955	6962010
5956	6963010
5957	6964010
5958	6965010
5959	6966010
5960	6967010
5961	6968010
5962	6969010
5963	6970010
5964	6971010
5965	6972010
5966	6973010
5967	6974010
5968	6975010
5969	6976010
5970	6977010
5971	6978010
5972	6979010
5973	6980010
5974	6981010
5975	6982010
5976	6983010
5977	6984010
5978	6985010
5979	6986010
5980	6987010
5981	6988010
5982	6989010
5983	6990010
5984	6991010
5985	6992010
5986	6993010
5987	6994010
5988	6995010
5989	6996010
5990	6997010
5991	6998010
5992	6999010
5993	7000010
5994	7001010
5995	7002010
5996	7003010
5997	7004010
5998	7005010
5999	7006010
