0	1007199
1	1008213
2	1009228
3	1010242
4	1011256
5	1012270
6	1013284
7	1014299
8	1015313
9	1016327
10	1017341
11	1018356
12	1019370
13	1020384
14	1021398
15	1022412
16	1023427
17	1024441
18	1025455
19	1026469
20	1027484
21	1028498
22	1029512
23	1030526
24	1031540
25	1032555
26	1033569
27	1034583
28	1035597
29	1036612
30	1037626
31	1038640
32	1039654
33	1040668
34	1041683
35	1042697
36	1043711
37	1044725
38	1045740
39	1046754
40	1047768
41	1048782
42	1049796
43	1050811
44	1051825
45	1052839
46	1053853
47	1054868
48	1055882
49	1056896
50	1057910
51	1058924
52	1059939
53	1060953
54	1061967
55	1062981
56	1063996
57	1065010
58	1066024
59	1067038
60	1068052
61	1069067
62	1070081
63	1071095
64	1072109
65	1073124
66	1074138
67	1075152
68	1076166
69	1077180
70	1078195
71	1079209
72	1080223
73	1081237
74	1082252
75	1083266
76	1084280
77	1085294
78	1086308
79	1087323
80	1088337
81	1089351
82	1090365
83	1091380
84	1092394
85	1093408
86	1094422
87	1095436
88	1096451
89	1097465
90	1098479
91	1099493
92	1100508
93	1101522
94	1102536
95	1103550
96	1104564
97	1105579
98	1106593
99	1107607
100	1108621
101	1109636
102	1110650
103	1111664
104	1112678
105	1113692
106	1114707
107	1115721
108	1116735
109	1117749
110	1118764
111	1119778
112	1120792
113	1121806
114	1122820
115	1123835
116	1124849
117	1125863
118	1126877
119	1127892
120	1128906
121	1129920
122	1130934
123	1131948
124	1132963
125	1133977
126	1134991
127	1136005
128	1137020
129	1138034
130	1139048
131	1140062
132	1141076
133	1142091
134	1143105
135	1144119
136	1145133
137	1146148
138	1147162
139	1148176
140	1149190
141	1150204
142	1151219
143	1152233
144	1153247
145	1154261
146	1155276
147	1156290
148	1157304
149	1158318
150	1159332
151	1160347
152	1161361
153	1162375
154	1163389
155	1164404
156	1165418
157	1166432
158	1167446
159	1168460
160	1169475
161	1170489
162	1171503
163	1172517
164	1173532
165	1174546
166	1175560
167	1176574
168	1177588
169	1178603
170	1179617
171	1180631
172	1181645
173	1182660
174	1183674
175	1184688
176	1185702
177	1186716
178	1187731
179	1188745
180	1189759
181	1190773
182	1191788
183	1192802
184	1193816
185	1194830
186	1195844
187	1196859
188	1197873
189	1198887
190	1199901
191	1200916
192	1201930
193	1202944
194	1203958
195	1204972
196	1205987
197	1207001
198	1208015
199	1209029
200	1210044
201	1211058
202	1212072
203	1213086
204	1214100
205	1215115
206	1216129
207	1217143
208	1218157
209	1219172
210	1220186
211	1221200
212	1222214
213	1223228
214	1224243
215	1225257
216	1226271
217	1227285
218	1228300
219	1229314
220	1230328
221	1231342
222	1232356
223	1233371
224	1234385
225	1235399
226	1236413
227	1237428
228	1238442
229	1239456
230	1240470
231	1241484
232	1242499
233	1243513
234	1244527
235	1245541
236	1246556
237	1247570
238	1248584
239	1249598
240	1250612
241	1251627
242	1252641
243	1253655
244	1254669
245	1255684
246	1256698
247	1257712
248	1258726
249	1259740
250	1260755
251	1261769
252	1262783
253	1263797
254	1264812
255	1265826
256	1266840
257	1267854
258	1268868
259	1269883
260	1270897
261	1271911
262	1272925
263	1273940
264	1274954
265	1275968
266	1276982
267	1277996
268	1279011
269	1280025
270	1281039
271	1282053
272	1283068
273	1284082
274	1285096
275	1286110
276	1287124
277	1288139
278	1289153
279	1290167
280	1291181
281	1292196
282	1293210
283	1294224
284	1295238
285	1296252
286	1297267
287	1298281
288	1299295
289	1300309
290	1301324
291	1302338
292	1303352
293	1304366
294	1305380
295	1306395
296	1307409
297	1308423
298	1309437
299	1310452
300	1311466
301	1312480
302	1313494
303	1314508
304	1315523
305	1316537
306	1317551
307	1318565
308	1319580
309	1320594
310	1321608
311	1322622
312	1323636
313	1324651
314	1325665
315	1326679
316	1327693
317	1328708
318	1329722
319	1330736
320	1331750
321	1332764
322	1333779
323	1334793
324	1335807
325	1336821
326	1337836
327	1338850
328	1339864
329	1340878
330	1341892
331	1342907
332	1343921
333	1344935
334	1345949
335	1346964
336	1347978
337	1348992
338	1350006
339	1351020
340	1352035
341	1353049
342	1354063
343	1355077
344	1356092
345	1357106
346	1358120
347	1359134
348	1360148
349	1361163
350	1362177
351	1363191
352	1364205
353	1365220
354	1366234
355	1367248
356	1368262
357	1369276
358	1370291
359	1371305
360	1372319
361	1373333
362	1374348
363	1375362
364	1376376
365	1377390
366	1378404
367	1379419
368	1380433
369	1381447
370	1382461
371	1383476
372	1384490
373	1385504
374	1386518
375	1387532
376	1388547
377	1389561
378	1390575
379	1391589
380	1392604
381	1393618
382	1394632
383	1395646
384	1396660
385	1397675
386	1398689
387	1399703
388	1400717
389	1401732
390	1402746
391	1403760
392	1404774
393	1405788
394	1406803
395	1407817
396	1408831
397	1409845
398	1410860
399	1411874
400	1412888
401	1413902
402	1414916
403	1415931
404	1416945
405	1417959
406	1418973
407	1419988
408	1421002
409	1422016
410	1423030
411	1424044
412	1425059
413	1426073
414	1427087
415	1428101
416	1429116
417	1430130
418	1431144
419	1432158
420	1433172
421	1434187
422	1435201
423	1436215
424	1437229
425	1438244
426	1439258
427	1440272
428	1441286
429	1442300
430	1443315
431	1444329
432	1445343
433	1446357
434	1447372
435	1448386
436	1449400
437	1450414
438	1451428
439	1452443
440	1453457
441	1454471
442	1455485
443	1456500
444	1457514
445	1458528
446	1459542
447	1460556
448	1461571
449	1462585
450	1463599
451	1464613
452	1465628
453	1466642
454	1467656
455	1468670
456	1469684
457	1470699
458	1471713
459	1472727
460	1473741
461	1474756
462	1475770
463	1476784
464	1477798
465	1478812
466	1479827
467	1480841
468	1481855
469	1482869
470	1483884
471	1484898
472	1485912
473	1486926
474	1487940
475	1488955
476	1489969
477	1490983
478	1491997
479	1493012
480	1494026
481	1495040
482	1496054
483	1497068
484	1498083
485	1499097
486	1500111
487	1501125
488	1502139
489	1503154
490	1504168
491	1505182
492	1506196
493	1507211
494	1508225
495	1509239
496	1510253
497	1511267
498	1512282
499	1513296
500	1514310
501	1515324
502	1516339
503	1517353
504	1518367
505	1519381
506	1520395
507	1521410
508	1522424
509	1523438
510	1524452
511	1525467
512	1526481
513	1527495
514	1528509
515	1529523
516	1530538
517	1531552
518	1532566
519	1533580
520	1534595
521	1535609
522	1536623
523	1537637
524	1538651
525	1539666
526	1540680
527	1541694
528	1542708
529	1543723
530	1544737
531	1545751
532	1546765
533	1547779
534	1548794
535	1549808
536	1550822
537	1551836
538	1552851
539	1553865
540	1554879
541	1555893
542	1556907
543	1557922
544	1558936
545	1559950
546	1560964
547	1561979
548	1562993
549	1564007
550	1565021
551	1566035
552	1567050
553	1568064
554	1569078
555	1570092
556	1571107
557	1572121
558	1573135
559	1574149
560	1575163
561	1576178
562	1577192
563	1578206
564	1579220
565	1580235
566	1581249
567	1582263
568	1583277
569	1584291
570	1585306
571	1586320
572	1587334
573	1588348
574	1589363
575	1590377
576	1591391
577	1592405
578	1593419
579	1594434
580	1595448
581	1596462
582	1597476
583	1598491
584	1599505
585	1600519
586	1601533
587	1602547
588	1603562
589	1604576
590	1605590
591	1606604
592	1607619
593	1608633
594	1609647
595	1610661
596	1611675
597	1612690
598	1613704
599	1614718
600	1615732
601	1616747
602	1617761
603	1618775
604	1619789
605	1620803
606	1621818
607	1622832
608	1623846
609	1624860
610	1625875
611	1626889
612	1627903
613	1628917
614	1629931
615	1630946
616	1631960
617	1632974
618	1633988
619	1635003
620	1636017
621	1637031
622	1638045
623	1639059
624	1640074
625	1641088
626	1642102
627	1643116
628	1644131
629	1645145
630	1646159
631	1647173
632	1648187
633	1649202
634	1650216
635	1651230
636	1652244
637	1653259
638	1654273
639	1655287
640	1656301
641	1657315
642	1658330
643	1659344
644	1660358
645	1661372
646	1662387
647	1663401
648	1664415
649	1665429
650	1666443
651	1667458
652	1668472
653	1669486
654	1670500
655	1671515
656	1672529
657	1673543
658	1674557
659	1675571
660	1676586
661	1677600
662	1678614
663	1679628
664	1680643
665	1681657
666	1682671
667	1683685
668	1684699
669	1685714
670	1686728
671	1687742
672	1688756
673	1689771
674	1690785
675	1691799
676	1692813
677	1693827
678	1694842
679	1695856
680	1696870
681	1697884
682	1698899
683	1699913
684	1700927
685	1701941
686	1702955
687	1703970
688	1704984
689	1705998
690	1707012
691	1708027
692	1709041
693	1710055
694	1711069
695	1712083
696	1713098
697	1714112
698	1715126
699	1716140
700	1717155
701	1718169
702	1719183
703	1720197
704	1721211
705	1722226
706	1723240
707	1724254
708	1725268
709	1726283
710	1727297
711	1728311
712	1729325
713	1730339
714	1731354
715	1732368
716	1733382
717	1734396
718	1735411
719	1736425
720	1737439
721	1738453
722	1739467
723	1740482
724	1741496
725	1742510
726	1743524
727	1744539
728	1745553
729	1746567
730	1747581
731	1748595
732	1749610
733	1750624
734	1751638
735	1752652
736	1753667
737	1754681
738	1755695
739	1756709
740	1757723
741	1758738
742	1759752
743	1760766
744	1761780
745	1762795
746	1763809
747	1764823
748	1765837
749	1766851
750	1767866
751	1768880
752	1769894
753	1770908
754	1771923
755	1772937
756	1773951
757	1774965
758	1775979
759	1776994
760	1778008
761	1779022
762	1780036
763	1781051
764	1782065
765	1783079
766	1784093
767	1785107
768	1786122
769	1787136
770	1788150
771	1789164
772	1790179
773	1791193
774	1792207
775	1793221
776	1794235
777	1795250
778	1796264
779	1797278
780	1798292
781	1799307
782	1800321
783	1801335
784	1802349
785	1803363
786	1804378
787	1805392
788	1806406
789	1807420
790	1808435
791	1809449
792	1810463
793	1811477
794	1812491
795	1813506
796	1814520
797	1815534
798	1816548
799	1817563
800	1818577
801	1819591
802	1820605
803	1821619
804	1822634
805	1823648
806	1824662
807	1825676
808	1826691
809	1827705
810	1828719
811	1829733
812	1830747
813	1831762
814	1832776
815	1833790
816	1834804
817	1835819
818	1836833
819	1837847
820	1838861
821	1839875
822	1840890
823	1841904
824	1842918
825	1843932
826	1844947
827	1845961
828	1846975
829	1847989
830	1849003
831	1850018
832	1851032
833	1852046
834	1853060
835	1854075
836	1855089
837	1856103
838	1857117
839	1858131
840	1859146
841	1860160
842	1861174
843	1862188
844	1863203
845	1864217
846	1865231
847	1866245
848	1867259
849	1868274
850	1869288
851	1870302
852	1871316
853	1872331
854	1873345
855	1874359
856	1875373
857	1876387
858	1877402
859	1878416
860	1879430
861	1880444
862	1881459
863	1882473
864	1883487
865	1884501
866	1885515
867	1886530
868	1887544
869	1888558
870	1889572
871	1890587
872	1891601
873	1892615
874	1893629
875	1894643
876	1895658
877	1896672
878	1897686
879	1898700
880	1899715
881	1900729
882	1901743
883	1902757
884	1903771
885	1904786
886	1905800
887	1906814
888	1907828
889	1908843
890	1909857
891	1910871
892	1911885
893	1912899
894	1913914
895	1914928
896	1915942
897	1916956
898	1917971
899	1918985
900	1919999
901	1921013
902	1922027
903	1923042
904	1924056
905	1925070
906	1926084
907	1927099
908	1928113
909	1929127
910	1930141
911	1931155
912	1932170
913	1933184
914	1934198
915	1935212
916	1936227
917	1937241
918	1938255
919	1939269
920	1940283
921	1941298
922	1942312
923	1943326
924	1944340
925	1945355
926	1946369
927	1947383
928	1948397
929	1949411
930	1950426
931	1951440
932	1952454
933	1953468
934	1954483
935	1955497
936	1956511
937	1957525
938	1958539
939	1959554
940	1960568
941	1961582
942	1962596
943	1963611
944	1964625
945	1965639
946	1966653
947	1967667
948	1968682
949	1969696
950	1970710
951	1971724
952	1972739
953	1973753
954	1974767
955	1975781
956	1976795
957	1977810
958	1978824
959	1979838
960	1980852
961	1981867
962	1982881
963	1983895
964	1984909
965	1985923
966	1986938
967	1987952
968	1988966
969	1989980
970	1990995
971	1992009
972	1993023
973	1994037
974	1995051
975	1996066
976	1997080
977	1998094
978	1999108
979	2000123
980	2001137
981	2002151
982	2003165
983	2004179
984	2005194
985	2006208
986	2007222
987	2008236
988	2009250
989	2010265
990	2011279
991	2012293
992	2013307
993	2014322
994	2015336
995	2016350
996	2017364
997	2018378
998	2019393
999	2020407
1000	2021421
1001	2022435
1002	2023450
1003	2024464
1004	2025478
1005	2026492
1006	2027506
1007	2028521
1008	2029535
1009	2030549
1010	2031563
1011	2032578
1012	2033592
1013	2034606
1014	2035620
1015	2036634
1016	2037649
1017	2038663
1018	2039677
1019	2040691
1020	2041706
1021	2042720
1022	2043734
1023	2044748
1024	2045762
1025	2046777
1026	2047791
1027	2048805
1028	2049819
1029	2050834
1030	2051848
1031	2052862
1032	2053876
1033	2054890
1034	2055905
1035	2056919
1036	2057933
1037	2058947
1038	2059962
1039	2060976
1040	2061990
1041	2063004
1042	2064018
1043	2065033
1044	2066047
1045	2067061
1046	2068075
1047	2069090
1048	2070104
1049	2071118
1050	2072132
1051	2073146
1052	2074161
1053	2075175
1054	2076189
1055	2077203
1056	2078218
1057	2079232
1058	2080246
1059	2081260
1060	2082274
1061	2083289
1062	2084303
1063	2085317
1064	2086331
1065	2087346
1066	2088360
1067	2089374
1068	2090388
1069	2091402
1070	2092417
1071	2093431
1072	2094445
1073	2095459
1074	2096474
1075	2097488
1076	2098502
1077	2099516
1078	2100530
1079	2101545
1080	2102559
1081	2103573
1082	2104587
1083	2105602
1084	2106616
1085	2107630
1086	2108644
1087	2109658
1088	2110673
1089	2111687
1090	2112701
1091	2113715
1092	2114730
1093	2115744
1094	2116758
1095	2117772
1096	2118786
1097	2119801
1098	2120815
1099	2121829
1100	2122843
1101	2123858
1102	2124872
1103	2125886
1104	2126900
1105	2127914
1106	2128929
1107	2129943
1108	2130957
1109	2131971
1110	2132986
1111	2134000
1112	2135014
1113	2136028
1114	2137042
1115	2138057
1116	2139071
1117	2140085
1118	2141099
1119	2142114
1120	2143128
1121	2144142
1122	2145156
1123	2146170
1124	2147185
1125	2148199
1126	2149213
1127	2150227
1128	2151242
1129	2152256
1130	2153270
1131	2154284
1132	2155298
1133	2156313
1134	2157327
1135	2158341
1136	2159355
1137	2160370
1138	2161384
1139	2162398
1140	2163412
1141	2164426
1142	2165441
1143	2166455
1144	2167469
1145	2168483
1146	2169498
1147	2170512
1148	2171526
1149	2172540
1150	2173554
1151	2174569
1152	2175583
1153	2176597
1154	2177611
1155	2178626
1156	2179640
1157	2180654
1158	2181668
1159	2182682
1160	2183697
1161	2184711
1162	2185725
1163	2186739
1164	2187754
1165	2188768
1166	2189782
1167	2190796
1168	2191810
1169	2192825
1170	2193839
1171	2194853
1172	2195867
1173	2196882
1174	2197896
1175	2198910
1176	2199924
1177	2200938
1178	2201953
1179	2202967
1180	2203981
1181	2204995
1182	2206010
1183	2207024
1184	2208038
1185	2209052
1186	2210066
1187	2211081
1188	2212095
1189	2213109
1190	2214123
1191	2215138
1192	2216152
1193	2217166
1194	2218180
1195	2219194
1196	2220209
1197	2221223
1198	2222237
1199	2223251
1200	2224266
1201	2225280
1202	2226294
1203	2227308
1204	2228322
1205	2229337
1206	2230351
1207	2231365
1208	2232379
1209	2233394
1210	2234408
1211	2235422
1212	2236436
1213	2237450
1214	2238465
1215	2239479
1216	2240493
1217	2241507
1218	2242522
1219	2243536
1220	2244550
1221	2245564
1222	2246578
1223	2247593
1224	2248607
1225	2249621
1226	2250635
1227	2251650
1228	2252664
1229	2253678
1230	2254692
1231	2255706
1232	2256721
1233	2257735
1234	2258749
1235	2259763
1236	2260778
1237	2261792
1238	2262806
1239	2263820
1240	2264834
1241	2265849
1242	2266863
1243	2267877
1244	2268891
1245	2269906
1246	2270920
1247	2271934
1248	2272948
1249	2273962
1250	2274977
1251	2275991
1252	2277005
1253	2278019
1254	2279034
1255	2280048
1256	2281062
1257	2282076
1258	2283090
1259	2284105
1260	2285119
1261	2286133
1262	2287147
1263	2288162
1264	2289176
1265	2290190
1266	2291204
1267	2292218
1268	2293233
1269	2294247
1270	2295261
1271	2296275
1272	2297290
1273	2298304
1274	2299318
1275	2300332
1276	2301346
1277	2302361
1278	2303375
1279	2304389
1280	2305403
1281	2306418
1282	2307432
1283	2308446
1284	2309460
1285	2310474
1286	2311489
1287	2312503
1288	2313517
1289	2314531
1290	2315546
1291	2316560
1292	2317574
1293	2318588
1294	2319602
1295	2320617
1296	2321631
1297	2322645
1298	2323659
1299	2324674
1300	2325688
1301	2326702
1302	2327716
1303	2328730
1304	2329745
1305	2330759
1306	2331773
1307	2332787
1308	2333802
1309	2334816
1310	2335830
1311	2336844
1312	2337858
1313	2338873
1314	2339887
1315	2340901
1316	2341915
1317	2342930
1318	2343944
1319	2344958
1320	2345972
1321	2346986
1322	2348001
1323	2349015
1324	2350029
1325	2351043
1326	2352058
1327	2353072
1328	2354086
1329	2355100
1330	2356114
1331	2357129
1332	2358143
1333	2359157
1334	2360171
1335	2361186
1336	2362200
1337	2363214
1338	2364228
1339	2365242
1340	2366257
1341	2367271
1342	2368285
1343	2369299
1344	2370314
1345	2371328
1346	2372342
1347	2373356
1348	2374370
1349	2375385
1350	2376399
1351	2377413
1352	2378427
1353	2379442
1354	2380456
1355	2381470
1356	2382484
1357	2383498
1358	2384513
1359	2385527
1360	2386541
1361	2387555
1362	2388570
1363	2389584
1364	2390598
1365	2391612
1366	2392626
1367	2393641
1368	2394655
1369	2395669
1370	2396683
1371	2397698
1372	2398712
1373	2399726
1374	2400740
1375	2401754
1376	2402769
1377	2403783
1378	2404797
1379	2405811
1380	2406826
1381	2407840
1382	2408854
1383	2409868
1384	2410882
1385	2411897
1386	2412911
1387	2413925
1388	2414939
1389	2415954
1390	2416968
1391	2417982
1392	2418996
1393	2420010
1394	2421025
1395	2422039
1396	2423053
1397	2424067
1398	2425082
1399	2426096
1400	2427110
1401	2428124
1402	2429138
1403	2430153
1404	2431167
1405	2432181
1406	2433195
1407	2434210
1408	2435224
1409	2436238
1410	2437252
1411	2438266
1412	2439281
1413	2440295
1414	2441309
1415	2442323
1416	2443338
1417	2444352
1418	2445366
1419	2446380
1420	2447394
1421	2448409
1422	2449423
1423	2450437
1424	2451451
1425	2452466
1426	2453480
1427	2454494
1428	2455508
1429	2456522
1430	2457537
1431	2458551
1432	2459565
1433	2460579
1434	2461594
1435	2462608
1436	2463622
1437	2464636
1438	2465650
1439	2466665
1440	2467679
1441	2468693
1442	2469707
1443	2470722
1444	2471736
1445	2472750
1446	2473764
1447	2474778
1448	2475793
1449	2476807
1450	2477821
1451	2478835
1452	2479850
1453	2480864
1454	2481878
1455	2482892
1456	2483906
1457	2484921
1458	2485935
1459	2486949
1460	2487963
1461	2488978
1462	2489992
1463	2491006
1464	2492020
1465	2493034
1466	2494049
1467	2495063
1468	2496077
1469	2497091
1470	2498106
1471	2499120
1472	2500134
1473	2501148
1474	2502162
1475	2503177
1476	2504191
1477	2505205
1478	2506219
1479	2507234
1480	2508248
1481	2509262
1482	2510276
1483	2511290
1484	2512305
1485	2513319
1486	2514333
1487	2515347
1488	2516361
1489	2517376
1490	2518390
1491	2519404
1492	2520418
1493	2521433
1494	2522447
1495	2523461
1496	2524475
1497	2525489
1498	2526504
1499	2527518
1500	2528532
1501	2529546
1502	2530561
1503	2531575
1504	2532589
1505	2533603
1506	2534617
1507	2535632
1508	2536646
1509	2537660
1510	2538674
1511	2539689
1512	2540703
1513	2541717
1514	2542731
1515	2543745
1516	2544760
1517	2545774
1518	2546788
1519	2547802
1520	2548817
1521	2549831
1522	2550845
1523	2551859
1524	2552873
1525	2553888
1526	2554902
1527	2555916
1528	2556930
1529	2557945
1530	2558959
1531	2559973
1532	2560987
1533	2562001
1534	2563016
1535	2564030
1536	2565044
1537	2566058
1538	2567073
1539	2568087
1540	2569101
1541	2570115
1542	2571129
1543	2572144
1544	2573158
1545	2574172
1546	2575186
1547	2576201
1548	2577215
1549	2578229
1550	2579243
1551	2580257
1552	2581272
1553	2582286
1554	2583300
1555	2584314
1556	2585329
1557	2586343
1558	2587357
1559	2588371
1560	2589385
1561	2590400
1562	2591414
1563	2592428
1564	2593442
1565	2594457
1566	2595471
1567	2596485
1568	2597499
1569	2598513
1570	2599528
1571	2600542
1572	2601556
1573	2602570
1574	2603585
1575	2604599
1576	2605613
1577	2606627
1578	2607641
1579	2608656
1580	2609670
1581	2610684
1582	2611698
1583	2612713
1584	2613727
1585	2614741
1586	2615755
1587	2616769
1588	2617784
1589	2618798
1590	2619812
1591	2620826
1592	2621841
1593	2622855
1594	2623869
1595	2624883
1596	2625897
1597	2626912
1598	2627926
1599	2628940
1600	2629954
1601	2630969
1602	2631983
1603	2632997
1604	2634011
1605	2635025
1606	2636040
1607	2637054
1608	2638068
1609	2639082
1610	2640097
1611	2641111
1612	2642125
1613	2643139
1614	2644153
1615	2645168
1616	2646182
1617	2647196
1618	2648210
1619	2649225
1620	2650239
1621	2651253
1622	2652267
1623	2653281
1624	2654296
1625	2655310
1626	2656324
1627	2657338
1628	2658353
1629	2659367
1630	2660381
1631	2661395
1632	2662409
1633	2663424
1634	2664438
1635	2665452
1636	2666466
1637	2667481
1638	2668495
1639	2669509
1640	2670523
1641	2671537
1642	2672552
1643	2673566
1644	2674580
1645	2675594
1646	2676609
1647	2677623
1648	2678637
1649	2679651
1650	2680665
1651	2681680
1652	2682694
1653	2683708
1654	2684722
1655	2685737
1656	2686751
1657	2687765
1658	2688779
1659	2689793
1660	2690808
1661	2691822
1662	2692836
1663	2693850
1664	2694865
1665	2695879
1666	2696893
1667	2697907
1668	2698921
1669	2699936
1670	2700950
1671	2701964
1672	2702978
1673	2703993
1674	2705007
1675	2706021
1676	2707035
1677	2708049
1678	2709064
1679	2710078
1680	2711092
1681	2712106
1682	2713121
1683	2714135
1684	2715149
1685	2716163
1686	2717177
1687	2718192
1688	2719206
1689	2720220
1690	2721234
1691	2722249
1692	2723263
1693	2724277
1694	2725291
1695	2726305
1696	2727320
1697	2728334
1698	2729348
1699	2730362
1700	2731377
1701	2732391
1702	2733405
1703	2734419
1704	2735433
1705	2736448
1706	2737462
1707	2738476
1708	2739490
1709	2740505
1710	2741519
1711	2742533
1712	2743547
1713	2744561
1714	2745576
1715	2746590
1716	2747604
1717	2748618
1718	2749633
1719	2750647
1720	2751661
1721	2752675
1722	2753689
1723	2754704
1724	2755718
1725	2756732
1726	2757746
1727	2758761
1728	2759775
1729	2760789
1730	2761803
1731	2762817
1732	2763832
1733	2764846
1734	2765860
1735	2766874
1736	2767889
1737	2768903
1738	2769917
1739	2770931
1740	2771945
1741	2772960
1742	2773974
1743	2774988
1744	2776002
1745	2777017
1746	2778031
1747	2779045
1748	2780059
1749	2781073
1750	2782088
1751	2783102
1752	2784116
1753	2785130
1754	2786145
1755	2787159
1756	2788173
1757	2789187
1758	2790201
1759	2791216
1760	2792230
1761	2793244
1762	2794258
1763	2795273
1764	2796287
1765	2797301
1766	2798315
1767	2799329
1768	2800344
1769	2801358
1770	2802372
1771	2803386
1772	2804401
1773	2805415
1774	2806429
1775	2807443
1776	2808457
1777	2809472
1778	2810486
1779	2811500
1780	2812514
1781	2813529
1782	2814543
1783	2815557
1784	2816571
1785	2817585
1786	2818600
1787	2819614
1788	2820628
1789	2821642
1790	2822657
1791	2823671
1792	2824685
1793	2825699
1794	2826713
1795	2827728
1796	2828742
1797	2829756
1798	2830770
1799	2831785
1800	2832799
1801	2833813
1802	2834827
1803	2835841
1804	2836856
1805	2837870
1806	2838884
1807	2839898
1808	2840913
1809	2841927
1810	2842941
1811	2843955
1812	2844969
1813	2845984
1814	2846998
1815	2848012
1816	2849026
1817	2850041
1818	2851055
1819	2852069
1820	2853083
1821	2854097
1822	2855112
1823	2856126
1824	2857140
1825	2858154
1826	2859169
1827	2860183
1828	2861197
1829	2862211
1830	2863225
1831	2864240
1832	2865254
1833	2866268
1834	2867282
1835	2868297
1836	2869311
1837	2870325
1838	2871339
1839	2872353
1840	2873368
1841	2874382
1842	2875396
1843	2876410
1844	2877425
1845	2878439
1846	2879453
1847	2880467
1848	2881481
1849	2882496
1850	2883510
1851	2884524
1852	2885538
1853	2886553
1854	2887567
1855	2888581
1856	2889595
1857	2890609
1858	2891624
1859	2892638
1860	2893652
1861	2894666
1862	2895681
1863	2896695
1864	2897709
1865	2898723
1866	2899737
1867	2900752
1868	2901766
1869	2902780
1870	2903794
1871	2904809
1872	2905823
1873	2906837
1874	2907851
1875	2908865
1876	2909880
1877	2910894
1878	2911908
1879	2912922
1880	2913937
1881	2914951
1882	2915965
1883	2916979
1884	2917993
1885	2919008
1886	2920022
1887	2921036
1888	2922050
1889	2923065
1890	2924079
1891	2925093
1892	2926107
1893	2927121
1894	2928136
1895	2929150
1896	2930164
1897	2931178
1898	2932193
1899	2933207
1900	2934221
1901	2935235
1902	2936249
1903	2937264
1904	2938278
1905	2939292
1906	2940306
1907	2941321
1908	2942335
1909	2943349
1910	2944363
1911	2945377
1912	2946392
1913	2947406
1914	2948420
1915	2949434
1916	2950449
1917	2951463
1918	2952477
1919	2953491
1920	2954505
1921	2955520
1922	2956534
1923	2957548
1924	2958562
1925	2959577
1926	2960591
1927	2961605
1928	2962619
1929	2963633
1930	2964648
1931	2965662
1932	2966676
1933	2967690
1934	2968705
1935	2969719
1936	2970733
1937	2971747
1938	2972761
1939	2973776
1940	2974790
1941	2975804
1942	2976818
1943	2977833
1944	2978847
1945	2979861
1946	2980875
1947	2981889
1948	2982904
1949	2983918
1950	2984932
1951	2985946
1952	2986961
1953	2987975
1954	2988989
1955	2990003
1956	2991017
1957	2992032
1958	2993046
1959	2994060
1960	2995074
1961	2996089
1962	2997103
1963	2998117
1964	2999131
1965	3000145
1966	3001160
1967	3002174
1968	3003188
1969	3004202
1970	3005217
1971	3006231
1972	3007245
1973	3008259
1974	3009273
1975	3010288
1976	3011302
1977	3012316
1978	3013330
1979	3014345
1980	3015359
1981	3016373
1982	3017387
1983	3018401
1984	3019416
1985	3020430
1986	3021444
1987	3022458
1988	3023472
1989	3024487
1990	3025501
1991	3026515
1992	3027529
1993	3028544
1994	3029558
1995	3030572
1996	3031586
1997	3032600
1998	3033615
1999	3034629
2000	3035643
2001	3036657
2002	3037672
2003	3038686
2004	3039700
2005	3040714
2006	3041728
2007	3042743
2008	3043757
2009	3044771
2010	3045785
2011	3046800
2012	3047814
2013	3048828
2014	3049842
2015	3050856
2016	3051871
2017	3052885
2018	3053899
2019	3054913
2020	3055928
2021	3056942
2022	3057956
2023	3058970
2024	3059984
2025	3060999
2026	3062013
2027	3063027
2028	3064041
2029	3065056
2030	3066070
2031	3067084
2032	3068098
2033	3069112
2034	3070127
2035	3071141
2036	3072155
2037	3073169
2038	3074184
2039	3075198
2040	3076212
2041	3077226
2042	3078240
2043	3079255
2044	3080269
2045	3081283
2046	3082297
2047	3083312
2048	3084326
2049	3085340
2050	3086354
2051	3087368
2052	3088383
2053	3089397
2054	3090411
2055	3091425
2056	3092440
2057	3093454
2058	3094468
2059	3095482
2060	3096496
2061	3097511
2062	3098525
2063	3099539
2064	3100553
2065	3101568
2066	3102582
2067	3103596
2068	3104610
2069	3105624
2070	3106639
2071	3107653
2072	3108667
2073	3109681
2074	3110696
2075	3111710
2076	3112724
2077	3113738
2078	3114752
2079	3115767
2080	3116781
2081	3117795
2082	3118809
2083	3119824
2084	3120838
2085	3121852
2086	3122866
2087	3123880
2088	3124895
2089	3125909
2090	3126923
2091	3127937
2092	3128952
2093	3129966
2094	3130980
2095	3131994
2096	3133008
2097	3134023
2098	3135037
2099	3136051
2100	3137065
2101	3138080
2102	3139094
2103	3140108
2104	3141122
2105	3142136
2106	3143151
2107	3144165
2108	3145179
2109	3146193
2110	3147208
2111	3148222
2112	3149236
2113	3150250
2114	3151264
2115	3152279
2116	3153293
2117	3154307
2118	3155321
2119	3156336
2120	3157350
2121	3158364
2122	3159378
2123	3160392
2124	3161407
2125	3162421
2126	3163435
2127	3164449
2128	3165464
2129	3166478
2130	3167492
2131	3168506
2132	3169520
2133	3170535
2134	3171549
2135	3172563
2136	3173577
2137	3174592
2138	3175606
2139	3176620
2140	3177634
2141	3178648
2142	3179663
2143	3180677
2144	3181691
2145	3182705
2146	3183720
2147	3184734
2148	3185748
2149	3186762
2150	3187776
2151	3188791
2152	3189805
2153	3190819
2154	3191833
2155	3192848
2156	3193862
2157	3194876
2158	3195890
2159	3196904
2160	3197919
2161	3198933
2162	3199947
2163	3200961
2164	3201976
2165	3202990
2166	3204004
2167	3205018
2168	3206032
2169	3207047
2170	3208061
2171	3209075
2172	3210089
2173	3211104
2174	3212118
2175	3213132
2176	3214146
2177	3215160
2178	3216175
2179	3217189
2180	3218203
2181	3219217
2182	3220232
2183	3221246
2184	3222260
2185	3223274
2186	3224288
2187	3225303
2188	3226317
2189	3227331
2190	3228345
2191	3229360
2192	3230374
2193	3231388
2194	3232402
2195	3233416
2196	3234431
2197	3235445
2198	3236459
2199	3237473
2200	3238488
2201	3239502
2202	3240516
2203	3241530
2204	3242544
2205	3243559
2206	3244573
2207	3245587
2208	3246601
2209	3247616
2210	3248630
2211	3249644
2212	3250658
2213	3251672
2214	3252687
2215	3253701
2216	3254715
2217	3255729
2218	3256744
2219	3257758
2220	3258772
2221	3259786
2222	3260800
2223	3261815
2224	3262829
2225	3263843
2226	3264857
2227	3265872
2228	3266886
2229	3267900
2230	3268914
2231	3269928
2232	3270943
2233	3271957
2234	3272971
2235	3273985
2236	3275000
2237	3276014
2238	3277028
2239	3278042
2240	3279056
2241	3280071
2242	3281085
2243	3282099
2244	3283113
2245	3284128
2246	3285142
2247	3286156
2248	3287170
2249	3288184
2250	3289199
2251	3290213
2252	3291227
2253	3292241
2254	3293256
2255	3294270
2256	3295284
2257	3296298
2258	3297312
2259	3298327
2260	3299341
2261	3300355
2262	3301369
2263	3302384
2264	3303398
2265	3304412
2266	3305426
2267	3306440
2268	3307455
2269	3308469
2270	3309483
2271	3310497
2272	3311512
2273	3312526
2274	3313540
2275	3314554
2276	3315568
2277	3316583
2278	3317597
2279	3318611
2280	3319625
2281	3320640
2282	3321654
2283	3322668
2284	3323682
2285	3324696
2286	3325711
2287	3326725
2288	3327739
2289	3328753
2290	3329768
2291	3330782
2292	3331796
2293	3332810
2294	3333824
2295	3334839
2296	3335853
2297	3336867
2298	3337881
2299	3338896
2300	3339910
2301	3340924
2302	3341938
2303	3342952
2304	3343967
2305	3344981
2306	3345995
2307	3347009
2308	3348024
2309	3349038
2310	3350052
2311	3351066
2312	3352080
2313	3353095
2314	3354109
2315	3355123
2316	3356137
2317	3357152
2318	3358166
2319	3359180
2320	3360194
2321	3361208
2322	3362223
2323	3363237
2324	3364251
2325	3365265
2326	3366280
2327	3367294
2328	3368308
2329	3369322
2330	3370336
2331	3371351
2332	3372365
2333	3373379
2334	3374393
2335	3375408
2336	3376422
2337	3377436
2338	3378450
2339	3379464
2340	3380479
2341	3381493
2342	3382507
2343	3383521
2344	3384536
2345	3385550
2346	3386564
2347	3387578
2348	3388592
2349	3389607
2350	3390621
2351	3391635
2352	3392649
2353	3393664
2354	3394678
2355	3395692
2356	3396706
2357	3397720
2358	3398735
2359	3399749
2360	3400763
2361	3401777
2362	3402792
2363	3403806
2364	3404820
2365	3405834
2366	3406848
2367	3407863
2368	3408877
2369	3409891
2370	3410905
2371	3411920
2372	3412934
2373	3413948
2374	3414962
2375	3415976
2376	3416991
2377	3418005
2378	3419019
2379	3420033
2380	3421048
2381	3422062
2382	3423076
2383	3424090
2384	3425104
2385	3426119
2386	3427133
2387	3428147
2388	3429161
2389	3430176
2390	3431190
2391	3432204
2392	3433218
2393	3434232
2394	3435247
2395	3436261
2396	3437275
2397	3438289
2398	3439304
2399	3440318
2400	3441332
2401	3442346
2402	3443360
2403	3444375
2404	3445389
2405	3446403
2406	3447417
2407	3448432
2408	3449446
2409	3450460
2410	3451474
2411	3452488
2412	3453503
2413	3454517
2414	3455531
2415	3456545
2416	3457560
2417	3458574
2418	3459588
2419	3460602
2420	3461616
2421	3462631
2422	3463645
2423	3464659
2424	3465673
2425	3466688
2426	3467702
2427	3468716
2428	3469730
2429	3470744
2430	3471759
2431	3472773
2432	3473787
2433	3474801
2434	3475816
2435	3476830
2436	3477844
2437	3478858
2438	3479872
2439	3480887
2440	3481901
2441	3482915
2442	3483929
2443	3484944
2444	3485958
2445	3486972
2446	3487986
2447	3489000
2448	3490015
2449	3491029
2450	3492043
2451	3493057
2452	3494072
2453	3495086
2454	3496100
2455	3497114
2456	3498128
2457	3499143
2458	3500157
2459	3501171
2460	3502185
2461	3503200
2462	3504214
2463	3505228
2464	3506242
2465	3507256
2466	3508271
2467	3509285
2468	3510299
2469	3511313
2470	3512328
2471	3513342
2472	3514356
2473	3515370
2474	3516384
2475	3517399
2476	3518413
2477	3519427
2478	3520441
2479	3521456
2480	3522470
2481	3523484
2482	3524498
2483	3525512
2484	3526527
2485	3527541
2486	3528555
2487	3529569
2488	3530583
2489	3531598
2490	3532612
2491	3533626
2492	3534640
2493	3535655
2494	3536669
2495	3537683
2496	3538697
2497	3539711
2498	3540726
2499	3541740
2500	3542754
2501	3543768
2502	3544783
2503	3545797
2504	3546811
2505	3547825
2506	3548839
2507	3549854
2508	3550868
2509	3551882
2510	3552896
2511	3553911
2512	3554925
2513	3555939
2514	3556953
2515	3557967
2516	3558982
2517	3559996
2518	3561010
2519	3562024
2520	3563039
2521	3564053
2522	3565067
2523	3566081
2524	3567095
2525	3568110
2526	3569124
2527	3570138
2528	3571152
2529	3572167
2530	3573181
2531	3574195
2532	3575209
2533	3576223
2534	3577238
2535	3578252
2536	3579266
2537	3580280
2538	3581295
2539	3582309
2540	3583323
2541	3584337
2542	3585351
2543	3586366
2544	3587380
2545	3588394
2546	3589408
2547	3590423
2548	3591437
2549	3592451
2550	3593465
2551	3594479
2552	3595494
2553	3596508
2554	3597522
2555	3598536
2556	3599551
2557	3600565
2558	3601579
2559	3602593
2560	3603607
2561	3604622
2562	3605636
2563	3606650
2564	3607664
2565	3608679
2566	3609693
2567	3610707
2568	3611721
2569	3612735
2570	3613750
2571	3614764
2572	3615778
2573	3616792
2574	3617807
2575	3618821
2576	3619835
2577	3620849
2578	3621863
2579	3622878
2580	3623892
2581	3624906
2582	3625920
2583	3626935
2584	3627949
2585	3628963
2586	3629977
2587	3630991
2588	3632006
2589	3633020
2590	3634034
2591	3635048
2592	3636063
2593	3637077
2594	3638091
2595	3639105
2596	3640119
2597	3641134
2598	3642148
2599	3643162
2600	3644176
2601	3645191
2602	3646205
2603	3647219
2604	3648233
2605	3649247
2606	3650262
2607	3651276
2608	3652290
2609	3653304
2610	3654319
2611	3655333
2612	3656347
2613	3657361
2614	3658375
2615	3659390
2616	3660404
2617	3661418
2618	3662432
2619	3663447
2620	3664461
2621	3665475
2622	3666489
2623	3667503
2624	3668518
2625	3669532
2626	3670546
2627	3671560
2628	3672575
2629	3673589
2630	3674603
2631	3675617
2632	3676631
2633	3677646
2634	3678660
2635	3679674
2636	3680688
2637	3681703
2638	3682717
2639	3683731
2640	3684745
2641	3685759
2642	3686774
2643	3687788
2644	3688802
2645	3689816
2646	3690831
2647	3691845
2648	3692859
2649	3693873
2650	3694887
2651	3695902
2652	3696916
2653	3697930
2654	3698944
2655	3699959
2656	3700973
2657	3701987
2658	3703001
2659	3704015
2660	3705030
2661	3706044
2662	3707058
2663	3708072
2664	3709087
2665	3710101
2666	3711115
2667	3712129
2668	3713143
2669	3714158
2670	3715172
2671	3716186
2672	3717200
2673	3718215
2674	3719229
2675	3720243
2676	3721257
2677	3722271
2678	3723286
2679	3724300
2680	3725314
2681	3726328
2682	3727343
2683	3728357
2684	3729371
2685	3730385
2686	3731399
2687	3732414
2688	3733428
2689	3734442
2690	3735456
2691	3736471
2692	3737485
2693	3738499
2694	3739513
2695	3740527
2696	3741542
2697	3742556
2698	3743570
2699	3744584
2700	3745599
2701	3746613
2702	3747627
2703	3748641
2704	3749655
2705	3750670
2706	3751684
2707	3752698
2708	3753712
2709	3754727
2710	3755741
2711	3756755
2712	3757769
2713	3758783
2714	3759798
2715	3760812
2716	3761826
2717	3762840
2718	3763855
2719	3764869
2720	3765883
2721	3766897
2722	3767911
2723	3768926
2724	3769940
2725	3770954
2726	3771968
2727	3772983
2728	3773997
2729	3775011
2730	3776025
2731	3777039
2732	3778054
2733	3779068
2734	3780082
2735	3781096
2736	3782111
2737	3783125
2738	3784139
2739	3785153
2740	3786167
2741	3787182
2742	3788196
2743	3789210
2744	3790224
2745	3791239
2746	3792253
2747	3793267
2748	3794281
2749	3795295
2750	3796310
2751	3797324
2752	3798338
2753	3799352
2754	3800367
2755	3801381
2756	3802395
2757	3803409
2758	3804423
2759	3805438
2760	3806452
2761	3807466
2762	3808480
2763	3809495
2764	3810509
2765	3811523
2766	3812537
2767	3813551
2768	3814566
2769	3815580
2770	3816594
2771	3817608
2772	3818623
2773	3819637
2774	3820651
2775	3821665
2776	3822679
2777	3823694
2778	3824708
2779	3825722
2780	3826736
2781	3827751
2782	3828765
2783	3829779
2784	3830793
2785	3831807
2786	3832822
2787	3833836
2788	3834850
2789	3835864
2790	3836879
2791	3837893
2792	3838907
2793	3839921
2794	3840935
2795	3841950
2796	3842964
2797	3843978
2798	3844992
2799	3846007
2800	3847064
2801	3848079
2802	3849093
2803	3850107
2804	3851121
2805	3852135
2806	3853150
2807	3854164
2808	3855178
2809	3856192
2810	3857207
2811	3858221
2812	3859235
2813	3860249
2814	3861263
2815	3862278
2816	3863292
2817	3864306
2818	3865320
2819	3866335
2820	3867349
2821	3868363
2822	3869377
2823	3870391
2824	3871406
2825	3872420
2826	3873434
2827	3874448
2828	3875463
2829	3876477
2830	3877491
2831	3878505
2832	3879519
2833	3880534
2834	3881548
2835	3882562
2836	3883576
2837	3884591
2838	3885605
2839	3886619
2840	3887633
2841	3888647
2842	3889662
2843	3890676
2844	3891690
2845	3892704
2846	3893719
2847	3894733
2848	3895747
2849	3896761
2850	3897775
2851	3898790
2852	3899804
2853	3900818
2854	3901832
2855	3902847
2856	3903861
2857	3904875
2858	3905889
2859	3906903
2860	3907918
2861	3908932
2862	3909946
2863	3910960
2864	3911975
2865	3912989
2866	3914003
2867	3915017
2868	3916031
2869	3917046
2870	3918060
2871	3919074
2872	3920088
2873	3921103
2874	3922117
2875	3923131
2876	3924145
2877	3925159
2878	3926174
2879	3927188
2880	3928202
2881	3929216
2882	3930231
2883	3931245
2884	3932259
2885	3933273
2886	3934287
2887	3935302
2888	3936316
2889	3937330
2890	3938344
2891	3939359
2892	3940373
2893	3941387
2894	3942401
2895	3943415
2896	3944430
2897	3945444
2898	3946458
2899	3947472
2900	3948487
2901	3949501
2902	3950515
2903	3951529
2904	3952543
2905	3953558
2906	3954572
2907	3955586
2908	3956600
2909	3957615
2910	3958629
2911	3959643
2912	3960657
2913	3961671
2914	3962686
2915	3963700
2916	3964714
2917	3965728
2918	3966743
2919	3967757
2920	3968771
2921	3969785
2922	3970799
2923	3971814
2924	3972828
2925	3973842
2926	3974856
2927	3975871
2928	3976885
2929	3977899
2930	3978913
2931	3979927
2932	3980942
2933	3981956
2934	3982970
2935	3983984
2936	3984999
2937	3986013
2938	3987027
2939	3988041
2940	3989055
2941	3990070
2942	3991084
2943	3992098
2944	3993112
2945	3994127
2946	3995141
2947	3996155
2948	3997169
2949	3998183
2950	3999198
2951	4000212
2952	4001226
2953	4002240
2954	4003255
2955	4004269
2956	4005283
2957	4006297
2958	4007311
2959	4008326
2960	4009340
2961	4010354
2962	4011368
2963	4012383
2964	4013397
2965	4014411
2966	4015425
2967	4016439
2968	4017454
2969	4018468
2970	4019482
2971	4020496
2972	4021511
2973	4022525
2974	4023539
2975	4024553
2976	4025567
2977	4026582
2978	4027596
2979	4028610
2980	4029624
2981	4030639
2982	4031653
2983	4032667
2984	4033681
2985	4034695
2986	4035710
2987	4036724
2988	4037738
2989	4038752
2990	4039766
2991	4040781
2992	4041795
2993	4042809
2994	4043823
2995	4044838
2996	4045852
2997	4046866
2998	4047880
2999	4048894
3000	4049909
3001	4050923
3002	4051937
3003	4052951
3004	4053966
3005	4054980
3006	4055994
3007	4057008
3008	4058022
3009	4059037
3010	4060051
3011	4061065
3012	4062079
3013	4063094
3014	4064108
3015	4065122
3016	4066136
3017	4067150
3018	4068165
3019	4069179
3020	4070193
3021	4071207
3022	4072222
3023	4073236
3024	4074250
3025	4075264
3026	4076278
3027	4077293
3028	4078307
3029	4079321
3030	4080335
3031	4081350
3032	4082364
3033	4083378
3034	4084392
3035	4085406
3036	4086421
3037	4087435
3038	4088449
3039	4089463
3040	4090478
3041	4091492
3042	4092506
3043	4093520
3044	4094534
3045	4095549
3046	4096563
3047	4097577
3048	4098591
3049	4099606
3050	4100620
3051	4101634
3052	4102648
3053	4103662
3054	4104677
3055	4105691
3056	4106705
3057	4107719
3058	4108734
3059	4109748
3060	4110762
3061	4111776
3062	4112790
3063	4113805
3064	4114819
3065	4115833
3066	4116847
3067	4117862
3068	4118876
3069	4119890
3070	4120904
3071	4121918
3072	4122933
3073	4123947
3074	4124961
3075	4125975
3076	4126990
3077	4128004
3078	4129018
3079	4130032
3080	4131046
3081	4132061
3082	4133075
3083	4134089
3084	4135103
3085	4136118
3086	4137132
3087	4138146
3088	4139160
3089	4140174
3090	4141189
3091	4142203
3092	4143217
3093	4144231
3094	4145246
3095	4146260
3096	4147274
3097	4148288
3098	4149302
3099	4150317
3100	4151331
3101	4152345
3102	4153359
3103	4154374
3104	4155388
3105	4156402
3106	4157416
3107	4158430
3108	4159445
3109	4160459
3110	4161473
3111	4162487
3112	4163502
3113	4164516
3114	4165530
3115	4166544
3116	4167558
3117	4168573
3118	4169587
3119	4170601
3120	4171615
3121	4172630
3122	4173644
3123	4174658
3124	4175672
3125	4176686
3126	4177701
3127	4178715
3128	4179729
3129	4180743
3130	4181758
3131	4182772
3132	4183786
3133	4184800
3134	4185814
3135	4186829
3136	4187843
3137	4188857
3138	4189871
3139	4190886
3140	4191900
3141	4192914
3142	4193928
3143	4194942
3144	4195957
3145	4196971
3146	4197985
3147	4198999
3148	4200014
3149	4201028
3150	4202042
3151	4203056
3152	4204070
3153	4205085
3154	4206099
3155	4207113
3156	4208127
3157	4209142
3158	4210156
3159	4211170
3160	4212184
3161	4213198
3162	4214213
3163	4215227
3164	4216241
3165	4217255
3166	4218270
3167	4219284
3168	4220298
3169	4221312
3170	4222326
3171	4223341
3172	4224355
3173	4225369
3174	4226383
3175	4227398
3176	4228412
3177	4229426
3178	4230440
3179	4231454
3180	4232469
3181	4233483
3182	4234497
3183	4235511
3184	4236526
3185	4237540
3186	4238554
3187	4239568
3188	4240582
3189	4241597
3190	4242611
3191	4243625
3192	4244639
3193	4245654
3194	4246668
3195	4247682
3196	4248696
3197	4249710
3198	4250725
3199	4251739
3200	4252753
3201	4253767
3202	4254782
3203	4255796
3204	4256810
3205	4257824
3206	4258838
3207	4259853
3208	4260867
3209	4261881
3210	4262895
3211	4263910
3212	4264924
3213	4265938
3214	4266952
3215	4267966
3216	4268981
3217	4269995
3218	4271009
3219	4272023
3220	4273038
3221	4274052
3222	4275066
3223	4276080
3224	4277094
3225	4278109
3226	4279123
3227	4280137
3228	4281151
3229	4282166
3230	4283180
3231	4284194
3232	4285208
3233	4286222
3234	4287237
3235	4288251
3236	4289265
3237	4290279
3238	4291294
3239	4292308
3240	4293322
3241	4294336
3242	4295350
3243	4296365
3244	4297379
3245	4298393
3246	4299407
3247	4300422
3248	4301436
3249	4302450
3250	4303464
3251	4304478
3252	4305493
3253	4306507
3254	4307521
3255	4308535
3256	4309550
3257	4310564
3258	4311578
3259	4312592
3260	4313606
3261	4314621
3262	4315635
3263	4316649
3264	4317663
3265	4318678
3266	4319692
3267	4320706
3268	4321720
3269	4322734
3270	4323749
3271	4324763
3272	4325777
3273	4326791
3274	4327806
3275	4328820
3276	4329834
3277	4330848
3278	4331862
3279	4332877
3280	4333891
3281	4334905
3282	4335919
3283	4336934
3284	4337948
3285	4338962
3286	4339976
3287	4340990
3288	4342005
3289	4343019
3290	4344033
3291	4345047
3292	4346062
3293	4347076
3294	4348090
3295	4349104
3296	4350118
3297	4351133
3298	4352147
3299	4353161
3300	4354175
3301	4355190
3302	4356204
3303	4357218
3304	4358232
3305	4359246
3306	4360261
3307	4361275
3308	4362289
3309	4363303
3310	4364318
3311	4365332
3312	4366346
3313	4367360
3314	4368374
3315	4369389
3316	4370403
3317	4371417
3318	4372431
3319	4373446
3320	4374460
3321	4375474
3322	4376488
3323	4377502
3324	4378517
3325	4379531
3326	4380545
3327	4381559
3328	4382574
3329	4383588
3330	4384602
3331	4385616
3332	4386630
3333	4387645
3334	4388659
3335	4389673
3336	4390687
3337	4391702
3338	4392716
3339	4393730
3340	4394744
3341	4395758
3342	4396773
3343	4397787
3344	4398801
3345	4399815
3346	4400830
3347	4401844
3348	4402858
3349	4403872
3350	4404886
3351	4405901
3352	4406915
3353	4407929
3354	4408943
3355	4409958
3356	4410972
3357	4411986
3358	4413000
3359	4414014
3360	4415029
3361	4416043
3362	4417057
3363	4418071
3364	4419086
3365	4420100
3366	4421114
3367	4422128
3368	4423142
3369	4424157
3370	4425171
3371	4426185
3372	4427199
3373	4428214
3374	4429228
3375	4430242
3376	4431256
3377	4432270
3378	4433285
3379	4434299
3380	4435313
3381	4436327
3382	4437342
3383	4438356
3384	4439370
3385	4440384
3386	4441398
3387	4442413
3388	4443427
3389	4444441
3390	4445455
3391	4446470
3392	4447484
3393	4448498
3394	4449512
3395	4450526
3396	4451541
3397	4452555
3398	4453569
3399	4454583
3400	4455598
3401	4456612
3402	4457626
3403	4458640
3404	4459654
3405	4460669
3406	4461683
3407	4462697
3408	4463711
3409	4464726
3410	4465740
3411	4466754
3412	4467768
3413	4468782
3414	4469797
3415	4470811
3416	4471825
3417	4472839
3418	4473854
3419	4474868
3420	4475882
3421	4476896
3422	4477910
3423	4478925
3424	4479939
3425	4480953
3426	4481967
3427	4482982
3428	4483996
3429	4485010
3430	4486024
3431	4487038
3432	4488053
3433	4489067
3434	4490081
3435	4491095
3436	4492110
3437	4493124
3438	4494138
3439	4495152
3440	4496166
3441	4497181
3442	4498195
3443	4499209
3444	4500223
3445	4501238
3446	4502252
3447	4503266
3448	4504280
3449	4505294
3450	4506309
3451	4507323
3452	4508337
3453	4509351
3454	4510366
3455	4511380
3456	4512394
3457	4513408
3458	4514422
3459	4515437
3460	4516451
3461	4517465
3462	4518479
3463	4519494
3464	4520508
3465	4521522
3466	4522536
3467	4523550
3468	4524565
3469	4525579
3470	4526593
3471	4527607
3472	4528622
3473	4529636
3474	4530650
3475	4531664
3476	4532678
3477	4533693
3478	4534707
3479	4535721
3480	4536735
3481	4537750
3482	4538764
3483	4539778
3484	4540792
3485	4541806
3486	4542821
3487	4543835
3488	4544849
3489	4545863
3490	4546877
3491	4547892
3492	4548906
3493	4549920
3494	4550934
3495	4551949
3496	4552963
3497	4553977
3498	4554991
3499	4556005
3500	4557020
3501	4558034
3502	4559048
3503	4560062
3504	4561077
3505	4562091
3506	4563105
3507	4564119
3508	4565133
3509	4566148
3510	4567162
3511	4568176
3512	4569190
3513	4570205
3514	4571219
3515	4572233
3516	4573247
3517	4574261
3518	4575276
3519	4576290
3520	4577304
3521	4578318
3522	4579333
3523	4580347
3524	4581361
3525	4582375
3526	4583389
3527	4584404
3528	4585418
3529	4586432
3530	4587446
3531	4588461
3532	4589475
3533	4590489
3534	4591503
3535	4592517
3536	4593532
3537	4594546
3538	4595560
3539	4596574
3540	4597589
3541	4598603
3542	4599617
3543	4600631
3544	4601645
3545	4602660
3546	4603674
3547	4604688
3548	4605702
3549	4606717
3550	4607731
3551	4608745
3552	4609759
3553	4610773
3554	4611788
3555	4612802
3556	4613816
3557	4614830
3558	4615845
3559	4616859
3560	4617873
3561	4618887
3562	4619901
3563	4620916
3564	4621930
3565	4622944
3566	4623958
3567	4624973
3568	4625987
3569	4627001
3570	4628015
3571	4629029
3572	4630044
3573	4631058
3574	4632072
3575	4633086
3576	4634101
3577	4635115
3578	4636129
3579	4637143
3580	4638157
3581	4639172
3582	4640186
3583	4641200
3584	4642214
3585	4643229
3586	4644243
3587	4645257
3588	4646271
3589	4647285
3590	4648300
3591	4649314
3592	4650328
3593	4651342
3594	4652357
3595	4653371
3596	4654385
3597	4655399
3598	4656413
3599	4657428
3600	4658442
3601	4659456
3602	4660470
3603	4661485
3604	4662499
3605	4663513
3606	4664527
3607	4665541
3608	4666556
3609	4667570
3610	4668584
3611	4669598
3612	4670613
3613	4671627
3614	4672641
3615	4673655
3616	4674669
3617	4675684
3618	4676698
3619	4677712
3620	4678726
3621	4679741
3622	4680755
3623	4681769
3624	4682783
3625	4683797
3626	4684812
3627	4685826
3628	4686840
3629	4687854
3630	4688869
3631	4689883
3632	4690897
3633	4691911
3634	4692925
3635	4693940
3636	4694954
3637	4695968
3638	4696982
3639	4697997
3640	4699011
3641	4700025
3642	4701039
3643	4702053
3644	4703068
3645	4704082
3646	4705096
3647	4706110
3648	4707125
3649	4708139
3650	4709153
3651	4710167
3652	4711181
3653	4712196
3654	4713210
3655	4714224
3656	4715238
3657	4716253
3658	4717267
3659	4718281
3660	4719295
3661	4720309
3662	4721324
3663	4722338
3664	4723352
3665	4724366
3666	4725381
3667	4726395
3668	4727409
3669	4728423
3670	4729437
3671	4730452
3672	4731466
3673	4732480
3674	4733494
3675	4734509
3676	4735523
3677	4736537
3678	4737551
3679	4738565
3680	4739580
3681	4740594
3682	4741608
3683	4742622
3684	4743637
3685	4744651
3686	4745665
3687	4746679
3688	4747693
3689	4748708
3690	4749722
3691	4750736
3692	4751750
3693	4752765
3694	4753779
3695	4754793
3696	4755807
3697	4756821
3698	4757836
3699	4758850
3700	4759864
3701	4760878
3702	4761893
3703	4762907
3704	4763921
3705	4764935
3706	4765949
3707	4766964
3708	4767978
3709	4768992
3710	4770006
3711	4771021
3712	4772035
3713	4773049
3714	4774063
3715	4775077
3716	4776092
3717	4777106
3718	4778120
3719	4779134
3720	4780149
3721	4781163
3722	4782177
3723	4783191
3724	4784205
3725	4785220
3726	4786234
3727	4787248
3728	4788262
3729	4789277
3730	4790291
3731	4791305
3732	4792319
3733	4793333
3734	4794348
3735	4795362
3736	4796376
3737	4797390
3738	4798405
3739	4799419
3740	4800433
3741	4801447
3742	4802461
3743	4803476
3744	4804490
3745	4805504
3746	4806518
3747	4807533
3748	4808547
3749	4809561
3750	4810575
3751	4811589
3752	4812604
3753	4813618
3754	4814632
3755	4815646
3756	4816661
3757	4817675
3758	4818689
3759	4819703
3760	4820717
3761	4821732
3762	4822746
3763	4823760
3764	4824774
3765	4825789
3766	4826803
3767	4827817
3768	4828831
3769	4829845
3770	4830860
3771	4831874
3772	4832888
3773	4833902
3774	4834917
3775	4835931
3776	4836945
3777	4837959
3778	4838973
3779	4839988
3780	4841002
3781	4842016
3782	4843030
3783	4844045
3784	4845059
3785	4846073
3786	4847087
3787	4848101
3788	4849116
3789	4850130
3790	4851144
3791	4852158
3792	4853173
3793	4854187
3794	4855201
3795	4856215
3796	4857229
3797	4858244
3798	4859258
3799	4860272
3800	4861286
3801	4862301
3802	4863315
3803	4864329
3804	4865343
3805	4866357
3806	4867372
3807	4868386
3808	4869400
3809	4870414
3810	4871429
3811	4872443
3812	4873457
3813	4874471
3814	4875485
3815	4876500
3816	4877514
3817	4878528
3818	4879542
3819	4880557
3820	4881571
3821	4882585
3822	4883599
3823	4884613
3824	4885628
3825	4886642
3826	4887656
3827	4888670
3828	4889685
3829	4890699
3830	4891713
3831	4892727
3832	4893741
3833	4894756
3834	4895770
3835	4896784
3836	4897798
3837	4898813
3838	4899827
3839	4900841
3840	4901855
3841	4902869
3842	4903884
3843	4904898
3844	4905912
3845	4906926
3846	4907941
3847	4908955
3848	4909969
3849	4910983
3850	4911997
3851	4913012
3852	4914026
3853	4915040
3854	4916054
3855	4917069
3856	4918083
3857	4919097
3858	4920111
3859	4921125
3860	4922140
3861	4923154
3862	4924168
3863	4925182
3864	4926197
3865	4927211
3866	4928225
3867	4929239
3868	4930253
3869	4931268
3870	4932282
3871	4933296
3872	4934310
3873	4935325
3874	4936339
3875	4937353
3876	4938367
3877	4939381
3878	4940396
3879	4941410
3880	4942424
3881	4943438
3882	4944453
3883	4945467
3884	4946481
3885	4947495
3886	4948509
3887	4949524
3888	4950538
3889	4951552
3890	4952566
3891	4953581
3892	4954595
3893	4955609
3894	4956623
3895	4957637
3896	4958652
3897	4959666
3898	4960680
3899	4961694
3900	4962709
3901	4963723
3902	4964737
3903	4965751
3904	4966765
3905	4967780
3906	4968794
3907	4969808
3908	4970822
3909	4971837
3910	4972851
3911	4973865
3912	4974879
3913	4975893
3914	4976908
3915	4977922
3916	4978936
3917	4979950
3918	4980965
3919	4981979
3920	4982993
3921	4984007
3922	4985021
3923	4986036
3924	4987050
3925	4988064
3926	4989078
3927	4990093
3928	4991107
3929	4992121
3930	4993135
3931	4994149
3932	4995164
3933	4996178
3934	4997192
3935	4998206
3936	4999221
3937	5000235
3938	5001249
3939	5002263
3940	5003277
3941	5004292
3942	5005306
3943	5006320
3944	5007334
3945	5008349
3946	5009363
3947	5010377
3948	5011391
3949	5012405
3950	5013420
3951	5014434
3952	5015448
3953	5016462
3954	5017477
3955	5018491
3956	5019505
3957	5020519
3958	5021533
3959	5022548
3960	5023562
3961	5024576
3962	5025590
3963	5026605
3964	5027619
3965	5028633
3966	5029647
3967	5030661
3968	5031676
3969	5032690
3970	5033704
3971	5034718
3972	5035733
3973	5036747
3974	5037761
3975	5038775
3976	5039789
3977	5040804
3978	5041818
3979	5042832
3980	5043846
3981	5044861
3982	5045875
3983	5046889
3984	5047903
3985	5048917
3986	5049932
3987	5050946
3988	5051960
3989	5052974
3990	5053988
3991	5055003
3992	5056017
3993	5057031
3994	5058045
3995	5059060
3996	5060074
3997	5061088
3998	5062102
3999	5063116
4000	5064131
4001	5065145
4002	5066159
4003	5067173
4004	5068188
4005	5069202
4006	5070216
4007	5071230
4008	5072244
4009	5073259
4010	5074273
4011	5075287
4012	5076301
4013	5077316
4014	5078330
4015	5079344
4016	5080358
4017	5081372
4018	5082387
4019	5083401
4020	5084415
4021	5085429
4022	5086444
4023	5087458
4024	5088472
4025	5089486
4026	5090500
4027	5091515
4028	5092529
4029	5093543
4030	5094557
4031	5095572
4032	5096586
4033	5097600
4034	5098614
4035	5099628
4036	5100643
4037	5101657
4038	5102671
4039	5103685
4040	5104700
4041	5105714
4042	5106728
4043	5107742
4044	5108756
4045	5109771
4046	5110785
4047	5111799
4048	5112813
4049	5113828
4050	5114842
4051	5115856
4052	5116870
4053	5117884
4054	5118899
4055	5119913
4056	5120927
4057	5121941
4058	5122956
4059	5123970
4060	5124984
4061	5125998
4062	5127012
4063	5128027
4064	5129041
4065	5130055
4066	5131069
4067	5132084
4068	5133098
4069	5134112
4070	5135126
4071	5136140
4072	5137155
4073	5138169
4074	5139183
4075	5140197
4076	5141212
4077	5142226
4078	5143240
4079	5144254
4080	5145268
4081	5146283
4082	5147297
4083	5148311
4084	5149325
4085	5150340
4086	5151354
4087	5152368
4088	5153382
4089	5154396
4090	5155411
4091	5156425
4092	5157439
4093	5158453
4094	5159468
4095	5160482
4096	5161496
4097	5162510
4098	5163524
4099	5164539
4100	5165553
4101	5166567
4102	5167581
4103	5168596
4104	5169610
4105	5170624
4106	5171638
4107	5172652
4108	5173667
4109	5174681
4110	5175695
4111	5176709
4112	5177724
4113	5178738
4114	5179752
4115	5180766
4116	5181780
4117	5182795
4118	5183809
4119	5184823
4120	5185837
4121	5186852
4122	5187866
4123	5188880
4124	5189894
4125	5190908
4126	5191923
4127	5192937
4128	5193951
4129	5194965
4130	5195980
4131	5196994
4132	5198008
4133	5199022
4134	5200036
4135	5201051
4136	5202065
4137	5203079
4138	5204093
4139	5205108
4140	5206122
4141	5207136
4142	5208150
4143	5209164
4144	5210179
4145	5211193
4146	5212207
4147	5213221
4148	5214236
4149	5215250
4150	5216264
4151	5217278
4152	5218292
4153	5219307
4154	5220321
4155	5221335
4156	5222349
4157	5223364
4158	5224378
4159	5225392
4160	5226406
4161	5227420
4162	5228435
4163	5229449
4164	5230463
4165	5231477
4166	5232492
4167	5233506
4168	5234520
4169	5235534
4170	5236548
4171	5237563
4172	5238577
4173	5239591
4174	5240605
4175	5241620
4176	5242634
4177	5243648
4178	5244662
4179	5245676
4180	5246691
4181	5247705
4182	5248719
4183	5249733
4184	5250748
4185	5251762
4186	5252776
4187	5253790
4188	5254804
4189	5255819
4190	5256833
4191	5257847
4192	5258861
4193	5259876
4194	5260890
4195	5261904
4196	5262918
4197	5263932
4198	5264947
4199	5265961
4200	5266975
4201	5267989
4202	5269004
4203	5270018
4204	5271032
4205	5272046
4206	5273060
4207	5274075
4208	5275089
4209	5276103
4210	5277117
4211	5278132
4212	5279146
4213	5280160
4214	5281174
4215	5282188
4216	5283203
4217	5284217
4218	5285231
4219	5286245
4220	5287260
4221	5288274
4222	5289288
4223	5290302
4224	5291316
4225	5292331
4226	5293345
4227	5294359
4228	5295373
4229	5296388
4230	5297402
4231	5298416
4232	5299430
4233	5300444
4234	5301459
4235	5302473
4236	5303487
4237	5304501
4238	5305516
4239	5306530
4240	5307544
4241	5308558
4242	5309572
4243	5310587
4244	5311601
4245	5312615
4246	5313629
4247	5314644
4248	5315658
4249	5316672
4250	5317686
4251	5318700
4252	5319715
4253	5320729
4254	5321743
4255	5322757
4256	5323772
4257	5324786
4258	5325800
4259	5326814
4260	5327828
4261	5328843
4262	5329857
4263	5330871
4264	5331885
4265	5332900
4266	5333914
4267	5334928
4268	5335942
4269	5336956
4270	5337971
4271	5338985
4272	5339999
4273	5341013
4274	5342028
4275	5343042
4276	-1
4277	5344056
4278	5345070
4279	5346084
4280	5347099
4281	5348113
4282	5349127
4283	5350141
4284	5351156
4285	5352170
4286	5353184
4287	5354198
4288	5355212
4289	5356227
4290	5357241
4291	5358255
4292	5359269
4293	5360284
4294	5361298
4295	5362312
4296	5363326
4297	5364340
4298	5365355
4299	5366369
4300	5367383
4301	5368397
4302	5369412
4303	5370426
4304	5371440
4305	5372454
4306	5373468
4307	5374483
4308	5375497
4309	5376511
4310	5377525
4311	5378540
4312	5379554
4313	5380568
4314	5381582
4315	5382596
4316	5383611
4317	5384625
4318	5385639
4319	5386653
4320	5387668
4321	5388682
4322	5389696
4323	5390710
4324	5391724
4325	5392739
4326	5393753
4327	5394767
4328	5395781
4329	5396796
4330	5397810
4331	5398824
4332	5399838
4333	5400852
4334	5401867
4335	5402881
4336	5403895
4337	5404909
4338	5405924
4339	5406938
4340	5407952
4341	5408966
4342	5409980
4343	5410995
4344	5412009
4345	5413023
4346	5414037
4347	-1
4348	5415052
4349	5416066
4350	5417080
4351	5418094
4352	5419108
4353	5420123
4354	5421137
4355	5422151
4356	5423165
4357	5424180
4358	5425194
4359	5426208
4360	5427222
4361	5428236
4362	5429251
4363	5430265
4364	5431279
4365	5432293
4366	5433308
4367	5434322
4368	5435336
4369	5436350
4370	5437364
4371	5438379
4372	5439393
4373	5440407
4374	5441421
4375	5442436
4376	5443450
4377	5444464
4378	5445478
4379	5446492
4380	5447507
4381	5448521
4382	5449535
4383	5450549
4384	5451564
4385	5452578
4386	5453592
4387	5454606
4388	5455620
4389	5456635
4390	5457649
4391	5458663
4392	5459677
4393	5460692
4394	5461706
4395	5462720
4396	5463734
4397	5464748
4398	5465763
4399	5466777
4400	5467791
4401	5468805
4402	5469820
4403	5470834
4404	5471848
4405	5472862
4406	5473876
4407	5474891
4408	5475905
4409	5476919
4410	5477933
4411	5478948
4412	5479962
4413	5480976
4414	5481990
4415	5483004
4416	5484019
4417	5485033
4418	5486047
4419	-1
4420	5487061
4421	5488076
4422	5489090
4423	5490104
4424	5491118
4425	5492132
4426	5493147
4427	5494161
4428	5495175
4429	5496189
4430	5497204
4431	5498218
4432	5499232
4433	5500246
4434	5501260
4435	5502275
4436	5503289
4437	5504303
4438	5505317
4439	5506332
4440	5507346
4441	5508360
4442	5509374
4443	5510388
4444	5511403
4445	5512417
4446	5513431
4447	5514445
4448	5515460
4449	5516474
4450	5517488
4451	5518502
4452	5519516
4453	5520531
4454	5521545
4455	5522559
4456	5523573
4457	5524588
4458	5525602
4459	5526616
4460	5527630
4461	5528644
4462	5529659
4463	5530673
4464	5531687
4465	5532701
4466	5533716
4467	5534730
4468	5535744
4469	5536758
4470	5537772
4471	5538787
4472	5539801
4473	5540815
4474	5541829
4475	5542844
4476	5543858
4477	5544872
4478	5545886
4479	5546900
4480	5547915
4481	5548929
4482	5549943
4483	5550957
4484	5551972
4485	5552986
4486	5554000
4487	5555014
4488	5556028
4489	5557043
4490	-1
4491	5558057
4492	5559071
4493	5560085
4494	5561099
4495	5562114
4496	5563128
4497	5564142
4498	5565156
4499	5566171
4500	5567185
4501	5568199
4502	5569213
4503	5570227
4504	5571242
4505	5572256
4506	5573270
4507	5574284
4508	5575299
4509	5576313
4510	5577327
4511	5578341
4512	5579355
4513	5580370
4514	5581384
4515	5582398
4516	5583412
4517	5584427
4518	5585441
4519	5586455
4520	5587469
4521	5588483
4522	5589498
4523	5590512
4524	5591526
4525	5592540
4526	5593555
4527	5594569
4528	5595583
4529	5596597
4530	5597611
4531	5598626
4532	5599640
4533	5600654
4534	5601668
4535	5602683
4536	5603697
4537	5604711
4538	5605725
4539	5606739
4540	5607754
4541	5608768
4542	5609782
4543	5610796
4544	5611811
4545	5612825
4546	5613839
4547	5614853
4548	5615867
4549	5616882
4550	5617896
4551	5618910
4552	5619924
4553	5620939
4554	5621953
4555	5622967
4556	5623981
4557	5624995
4558	5626010
4559	5627024
4560	5628038
4561	-1
4562	5629052
4563	5630067
4564	5631081
4565	5632095
4566	5633109
4567	5634123
4568	5635138
4569	5636152
4570	5637166
4571	5638180
4572	5639195
4573	5640209
4574	5641223
4575	5642237
4576	5643251
4577	5644266
4578	5645280
4579	5646294
4580	5647308
4581	5648323
4582	5649337
4583	5650351
4584	5651365
4585	5652379
4586	5653394
4587	5654408
4588	5655422
4589	5656436
4590	5657451
4591	5658465
4592	5659479
4593	5660493
4594	5661507
4595	5662522
4596	5663536
4597	5664550
4598	5665564
4599	5666579
4600	5667593
4601	5668607
4602	5669621
4603	5670635
4604	5671650
4605	5672664
4606	5673678
4607	5674692
4608	5675707
4609	5676721
4610	5677735
4611	5678749
4612	5679763
4613	5680778
4614	5681792
4615	5682806
4616	5683820
4617	5684835
4618	5685849
4619	5686863
4620	5687877
4621	5688891
4622	5689906
4623	5690920
4624	5691934
4625	5692948
4626	5693963
4627	5694977
4628	5695991
4629	5697005
4630	5698019
4631	5699034
4632	-1
4633	5700048
4634	5701062
4635	5702076
4636	5703091
4637	5704105
4638	5705119
4639	5706133
4640	5707147
4641	5708162
4642	5709176
4643	5710190
4644	5711204
4645	5712219
4646	5713233
4647	5714247
4648	5715261
4649	5716275
4650	5717290
4651	5718304
4652	5719318
4653	5720332
4654	5721347
4655	5722361
4656	5723375
4657	5724389
4658	5725403
4659	5726418
4660	5727432
4661	5728446
4662	5729460
4663	5730475
4664	5731489
4665	5732503
4666	5733517
4667	5734531
4668	5735546
4669	5736560
4670	5737574
4671	5738588
4672	5739603
4673	5740617
4674	5741631
4675	5742645
4676	5743659
4677	5744674
4678	5745688
4679	5746702
4680	5747716
4681	5748731
4682	5749745
4683	5750759
4684	5751773
4685	5752787
4686	5753802
4687	5754816
4688	5755830
4689	5756844
4690	5757859
4691	5758873
4692	5759887
4693	5760901
4694	5761915
4695	5762930
4696	5763944
4697	5764958
4698	5765972
4699	5766987
4700	5768001
4701	5769015
4702	5770029
4703	5771043
4704	-1
4705	5772058
4706	5773072
4707	5774086
4708	5775100
4709	5776115
4710	5777129
4711	5778143
4712	5779157
4713	5780171
4714	5781186
4715	5782200
4716	5783214
4717	5784228
4718	5785243
4719	5786257
4720	5787271
4721	5788285
4722	5789299
4723	5790314
4724	5791328
4725	5792342
4726	5793356
4727	5794371
4728	5795385
4729	5796399
4730	5797413
4731	5798427
4732	5799442
4733	5800456
4734	5801470
4735	5802484
4736	5803499
4737	5804513
4738	5805527
4739	5806541
4740	5807555
4741	5808570
4742	5809584
4743	5810598
4744	5811612
4745	5812627
4746	5813641
4747	5814655
4748	5815669
4749	5816683
4750	5817698
4751	5818712
4752	5819726
4753	5820740
4754	5821755
4755	5822769
4756	5823783
4757	5824797
4758	5825811
4759	5826826
4760	5827840
4761	5828854
4762	5829868
4763	5830883
4764	5831897
4765	5832911
4766	5833925
4767	5834939
4768	5835954
4769	5836968
4770	5837982
4771	5838996
4772	5840011
4773	5841025
4774	5842039
4775	-1
4776	5843053
4777	5844067
4778	5845082
4779	5846096
4780	5847110
4781	5848124
4782	5849139
4783	5850153
4784	5851167
4785	5852181
4786	5853195
4787	5854210
4788	5855224
4789	5856238
4790	5857252
4791	5858267
4792	5859281
4793	5860295
4794	5861309
4795	5862323
4796	5863338
4797	5864352
4798	5865366
4799	5866380
4800	5867395
4801	5868409
4802	5869423
4803	5870437
4804	5871451
4805	5872466
4806	5873480
4807	5874494
4808	5875508
4809	5876523
4810	5877537
4811	5878551
4812	5879565
4813	5880579
4814	5881594
4815	5882608
4816	5883622
4817	5884636
4818	5885651
4819	5886665
4820	5887679
4821	5888693
4822	5889707
4823	5890722
4824	5891736
4825	5892750
4826	5893764
4827	5894779
4828	5895793
4829	5896807
4830	5897821
4831	5898835
4832	5899850
4833	5900864
4834	5901878
4835	5902892
4836	5903907
4837	5904921
4838	5905935
4839	5906949
4840	5907963
4841	5908978
4842	5909992
4843	5911006
4844	5912020
4845	5913035
4846	-1
4847	5914049
4848	5915063
4849	5916077
4850	5917091
4851	5918106
4852	5919120
4853	5920134
4854	5921148
4855	5922163
4856	5923177
4857	5924191
4858	5925205
4859	5926219
4860	5927234
4861	5928248
4862	5929262
4863	5930276
4864	5931291
4865	5932305
4866	5933319
4867	5934333
4868	5935347
4869	5936362
4870	5937376
4871	5938390
4872	5939404
4873	5940419
4874	5941433
4875	5942447
4876	5943461
4877	5944475
4878	5945490
4879	5946504
4880	5947518
4881	5948532
4882	5949547
4883	5950561
4884	5951575
4885	5952589
4886	5953603
4887	5954618
4888	5955632
4889	5956646
4890	5957660
4891	5958675
4892	5959689
4893	5960703
4894	5961717
4895	5962731
4896	5963746
4897	5964760
4898	5965774
4899	5966788
4900	5967803
4901	5968817
4902	5969831
4903	5970845
4904	5971859
4905	5972874
4906	5973888
4907	5974902
4908	5975916
4909	5976931
4910	5977945
4911	5978959
4912	5979973
4913	5980987
4914	5982002
4915	5983016
4916	5984030
4917	5985044
4918	-1
4919	5986059
4920	5987073
4921	5988087
4922	5989101
4923	5990115
4924	5991130
4925	5992144
4926	5993158
4927	5994172
4928	5995187
4929	5996201
4930	5997215
4931	5998229
4932	5999243
4933	6000258
4934	6001272
4935	6002286
4936	6003300
4937	6004315
4938	6005329
4939	6006343
4940	6007357
4941	6008371
4942	6009386
4943	6010400
4944	6011414
4945	6012428
4946	6013443
4947	6014457
4948	6015471
4949	6016485
4950	6017499
4951	6018514
4952	6019528
4953	6020542
4954	6021556
4955	6022571
4956	6023585
4957	6024599
4958	6025613
4959	6026627
4960	6027642
4961	6028656
4962	6029670
4963	6030684
4964	6031699
4965	6032713
4966	6033727
4967	6034741
4968	6035755
4969	6036770
4970	6037784
4971	6038798
4972	6039812
4973	6040827
4974	6041841
4975	6042855
4976	6043869
4977	6044883
4978	6045898
4979	6046912
4980	6047926
4981	6048940
4982	6049955
4983	6050969
4984	6051983
4985	6052997
4986	6054011
4987	6055026
4988	6056040
4989	-1
4990	6057054
4991	6058068
4992	6059083
4993	6060097
4994	6061111
4995	6062125
4996	6063139
4997	6064154
4998	6065168
4999	6066182
5000	6067196
5001	6068210
5002	6069225
5003	6070239
5004	6071253
5005	6072267
5006	6073282
5007	6074296
5008	6075310
5009	6076324
5010	6077338
5011	6078353
5012	6079367
5013	6080381
5014	6081395
5015	6082410
5016	6083424
5017	6084438
5018	6085452
5019	6086466
5020	6087481
5021	6088495
5022	6089509
5023	6090523
5024	6091538
5025	6092552
5026	6093566
5027	6094580
5028	6095594
5029	6096609
5030	6097623
5031	6098637
5032	6099651
5033	6100666
5034	6101680
5035	6102694
5036	6103708
5037	6104722
5038	6105737
5039	6106751
5040	6107765
5041	6108779
5042	6109794
5043	6110808
5044	6111822
5045	6112836
5046	6113850
5047	6114865
5048	6115879
5049	6116893
5050	6117907
5051	6118922
5052	6119936
5053	6120950
5054	6121964
5055	6122978
5056	6123993
5057	6125007
5058	6126021
5059	6127035
5060	-1
5061	6128050
5062	6129064
5063	6130078
5064	6131092
5065	6132106
5066	6133121
5067	6134135
5068	6135149
5069	6136163
5070	6137178
5071	6138192
5072	6139206
5073	6140220
5074	6141234
5075	6142249
5076	6143263
5077	6144277
5078	6145291
5079	6146306
5080	6147320
5081	6148334
5082	6149348
5083	6150362
5084	6151377
5085	6152391
5086	6153405
5087	6154419
5088	6155434
5089	6156448
5090	6157462
5091	6158476
5092	6159490
5093	6160505
5094	6161519
5095	6162533
5096	6163547
5097	6164562
5098	6165576
5099	6166590
5100	6167604
5101	6168618
5102	6169633
5103	6170647
5104	6171661
5105	6172675
5106	6173690
5107	6174704
5108	6175718
5109	6176732
5110	6177746
5111	6178761
5112	6179775
5113	6180789
5114	6181803
5115	6182818
5116	6183832
5117	6184846
5118	6185860
5119	6186874
5120	6187889
5121	6188903
5122	6189917
5123	6190931
5124	6191946
5125	6192960
5126	6193974
5127	6194988
5128	6196002
5129	6197017
5130	6198031
5131	6199045
5132	-1
5133	6200059
5134	6201074
5135	6202088
5136	6203102
5137	6204116
5138	6205130
5139	6206145
5140	6207159
5141	6208173
5142	6209187
5143	6210202
5144	6211216
5145	6212230
5146	6213244
5147	6214258
5148	6215273
5149	6216287
5150	6217301
5151	6218315
5152	6219330
5153	6220344
5154	6221358
5155	6222372
5156	6223386
5157	6224401
5158	6225415
5159	6226429
5160	6227443
5161	6228458
5162	6229472
5163	6230486
5164	6231500
5165	6232514
5166	6233529
5167	6234543
5168	6235557
5169	6236571
5170	6237586
5171	6238600
5172	6239614
5173	6240628
5174	6241642
5175	6242657
5176	6243671
5177	6244685
5178	6245699
5179	6246714
5180	6247728
5181	6248742
5182	6249756
5183	6250770
5184	6251785
5185	6252799
5186	6253813
5187	6254827
5188	6255842
5189	6256856
5190	6257870
5191	6258884
5192	6259898
5193	6260913
5194	6261927
5195	6262941
5196	6263955
5197	6264970
5198	6265984
5199	6266998
5200	6268012
5201	6269026
5202	6270041
5203	-1
5204	6271055
5205	6272069
5206	6273083
5207	6274098
5208	6275112
5209	6276126
5210	6277140
5211	6278154
5212	6279169
5213	6280183
5214	6281197
5215	6282211
5216	6283226
5217	6284240
5218	6285254
5219	6286268
5220	6287282
5221	6288297
5222	6289311
5223	6290325
5224	6291339
5225	6292354
5226	6293368
5227	6294382
5228	6295396
5229	6296410
5230	6297425
5231	6298439
5232	6299453
5233	6300467
5234	6301482
5235	6302496
5236	6303510
5237	6304524
5238	6305538
5239	6306553
5240	6307567
5241	6308581
5242	6309595
5243	6310610
5244	6311624
5245	6312638
5246	6313652
5247	6314666
5248	6315681
5249	6316695
5250	6317709
5251	6318723
5252	6319738
5253	6320752
5254	6321766
5255	6322780
5256	6323794
5257	6324809
5258	6325823
5259	6326837
5260	6327851
5261	6328866
5262	6329880
5263	6330894
5264	6331908
5265	6332922
5266	6333937
5267	6334951
5268	6335965
5269	6336979
5270	6337994
5271	6339008
5272	6340022
5273	6341036
5274	-1
5275	6342050
5276	6343065
5277	6344079
5278	6345093
5279	6346107
5280	6347122
5281	6348136
5282	6349150
5283	6350164
5284	6351178
5285	6352193
5286	6353207
5287	6354221
5288	6355235
5289	6356250
5290	6357264
5291	6358278
5292	6359292
5293	6360306
5294	6361321
5295	6362335
5296	6363349
5297	6364363
5298	6365378
5299	6366392
5300	6367406
5301	6368420
5302	6369434
5303	6370449
5304	6371463
5305	6372477
5306	6373491
5307	6374506
5308	6375520
5309	6376534
5310	6377548
5311	6378562
5312	6379577
5313	6380591
5314	6381605
5315	6382619
5316	6383634
5317	6384648
5318	6385662
5319	6386676
5320	6387690
5321	6388705
5322	6389719
5323	6390733
5324	6391747
5325	6392762
5326	6393776
5327	6394790
5328	6395804
5329	6396818
5330	6397833
5331	6398847
5332	6399861
5333	6400875
5334	6401890
5335	6402904
5336	6403918
5337	6404932
5338	6405946
5339	6406961
5340	6407975
5341	6408989
5342	6410003
5343	6411018
5344	6412032
5345	6413046
5346	-1
5347	6414060
5348	6415074
5349	6416089
5350	6417103
5351	6418117
5352	6419131
5353	6420146
5354	6421160
5355	6422174
5356	6423188
5357	6424202
5358	6425217
5359	6426231
5360	6427245
5361	6428259
5362	6429274
5363	6430288
5364	6431302
5365	6432316
5366	6433330
5367	6434345
5368	6435359
5369	6436373
5370	6437387
5371	6438402
5372	6439416
5373	6440430
5374	6441444
5375	6442458
5376	6443473
5377	6444487
5378	6445501
5379	6446515
5380	6447530
5381	6448544
5382	6449558
5383	6450572
5384	6451586
5385	6452601
5386	6453615
5387	6454629
5388	6455643
5389	6456658
5390	6457672
5391	6458686
5392	6459700
5393	6460714
5394	6461729
5395	6462743
5396	6463757
5397	6464771
5398	6465786
5399	6466800
5400	6467814
5401	6468828
5402	6469842
5403	6470857
5404	6471871
5405	6472885
5406	6473899
5407	6474914
5408	6475928
5409	6476942
5410	6477956
5411	6478970
5412	6479985
5413	6480999
5414	6482013
5415	6483027
5416	6484042
5417	-1
5418	6485056
5419	6486070
5420	6487084
5421	6488098
5422	6489113
5423	6490127
5424	6491141
5425	6492155
5426	6493170
5427	6494184
5428	6495198
5429	6496212
5430	6497226
5431	6498241
5432	6499255
5433	6500269
5434	6501283
5435	6502298
5436	6503312
5437	6504326
5438	6505340
5439	6506354
5440	6507369
5441	6508383
5442	6509397
5443	6510411
5444	6511426
5445	6512440
5446	6513454
5447	6514468
5448	6515482
5449	6516497
5450	6517511
5451	6518525
5452	6519539
5453	6520554
5454	6521568
5455	6522582
5456	6523596
5457	6524610
5458	6525625
5459	6526639
5460	6527653
5461	6528667
5462	6529682
5463	6530696
5464	6531710
5465	6532724
5466	6533738
5467	6534753
5468	6535767
5469	6536781
5470	6537795
5471	6538810
5472	6539824
5473	6540838
5474	6541852
5475	6542866
5476	6543881
5477	6544895
5478	6545909
5479	6546923
5480	6547938
5481	6548952
5482	6549966
5483	6550980
5484	6551994
5485	6553009
5486	6554023
5487	6555037
5488	-1
5489	6556051
5490	6557066
5491	6558080
5492	6559094
5493	6560108
5494	6561122
5495	6562137
5496	6563151
5497	6564165
5498	6565179
5499	6566194
5500	6567208
5501	6568222
5502	6569236
5503	6570250
5504	6571265
5505	6572279
5506	6573293
5507	6574307
5508	6575321
5509	6576336
5510	6577350
5511	6578364
5512	6579378
5513	6580393
5514	6581407
5515	6582421
5516	6583435
5517	6584449
5518	6585464
5519	6586478
5520	6587492
5521	6588506
5522	6589521
5523	6590535
5524	6591549
5525	6592563
5526	6593577
5527	6594592
5528	6595606
5529	6596620
5530	6597634
5531	6598649
5532	6599663
5533	6600677
5534	6601691
5535	6602705
5536	6603720
5537	6604734
5538	6605748
5539	6606762
5540	6607777
5541	6608791
5542	6609805
5543	6610819
5544	6611833
5545	6612848
5546	6613862
5547	6614876
5548	6615890
5549	6616905
5550	6617919
5551	6618933
5552	6619947
5553	6620961
5554	6621976
5555	6622990
5556	6624004
5557	6625018
5558	6626033
5559	6627047
5560	-1
5561	6628061
5562	6629075
5563	6630089
5564	6631104
5565	6632118
5566	6633132
5567	6634146
5568	6635161
5569	6636175
5570	6637189
5571	6638203
5572	6639217
5573	6640232
5574	6641246
5575	6642260
5576	6643274
5577	6644289
5578	6645303
5579	6646317
5580	6647331
5581	6648345
5582	6649360
5583	6650374
5584	6651388
5585	6652402
5586	6653417
5587	6654431
5588	6655445
5589	6656459
5590	6657473
5591	6658488
5592	6659502
5593	6660516
5594	6661530
5595	6662545
5596	6663559
5597	6664573
5598	6665587
5599	6666601
5600	6667616
5601	6668630
5602	6669644
5603	6670658
5604	6671673
5605	6672687
5606	6673701
5607	6674715
5608	6675729
5609	6676744
5610	6677758
5611	6678772
5612	6679786
5613	6680801
5614	6681815
5615	6682829
5616	6683843
5617	6684857
5618	6685872
5619	6686886
5620	6687900
5621	6688914
5622	6689929
5623	6690943
5624	6691957
5625	6692971
5626	6693985
5627	6695000
5628	6696014
5629	6697028
5630	6698042
5631	-1
5632	6699057
5633	6700071
5634	6701085
5635	6702099
5636	6703113
5637	6704128
5638	6705142
5639	6706156
5640	6707170
5641	6708185
5642	6709199
5643	6710213
5644	6711227
5645	6712241
5646	6713256
5647	6714270
5648	6715284
5649	6716298
5650	6717313
5651	6718327
5652	6719341
5653	6720355
5654	6721369
5655	6722384
5656	6723398
5657	6724412
5658	6725426
5659	6726441
5660	6727455
5661	6728469
5662	6729483
5663	6730497
5664	6731512
5665	6732526
5666	6733540
5667	6734554
5668	6735569
5669	6736583
5670	6737597
5671	6738611
5672	6739625
5673	6740640
5674	6741654
5675	6742668
5676	6743682
5677	6744697
5678	6745711
5679	6746725
5680	6747739
5681	6748753
5682	6749768
5683	6750782
5684	6751796
5685	6752810
5686	6753825
5687	6754839
5688	6755853
5689	6756867
5690	6757881
5691	6758896
5692	6759910
5693	6760924
5694	6761938
5695	6762953
5696	6763967
5697	6764981
5698	6765995
5699	6767009
5700	6768024
5701	6769038
5702	-1
5703	6770052
5704	6771066
5705	6772081
5706	6773095
5707	6774109
5708	6775123
5709	6776137
5710	6777152
5711	6778166
5712	6779180
5713	6780194
5714	6781209
5715	6782223
5716	6783237
5717	6784251
5718	6785265
5719	6786280
5720	6787294
5721	6788308
5722	6789322
5723	6790337
5724	6791351
5725	6792365
5726	6793379
5727	6794393
5728	6795408
5729	6796422
5730	6797436
5731	6798450
5732	6799465
5733	6800479
5734	6801493
5735	6802507
5736	6803521
5737	6804536
5738	6805550
5739	6806564
5740	6807578
5741	6808593
5742	6809607
5743	6810621
5744	6811635
5745	6812649
5746	6813664
5747	6814678
5748	6815692
5749	6816706
5750	6817721
5751	6818735
5752	6819749
5753	6820763
5754	6821777
5755	6822792
5756	6823806
5757	6824820
5758	6825834
5759	6826849
5760	6827863
5761	6828877
5762	6829891
5763	6830905
5764	6831920
5765	6832934
5766	6833948
5767	6834962
5768	6835977
5769	6836991
5770	6838005
5771	6839019
5772	6840033
5773	6841048
5774	-1
5775	6842062
5776	6843076
5777	6844090
5778	6845105
5779	6846119
5780	6847133
5781	6848147
5782	6849161
5783	6850176
5784	6851190
5785	6852204
5786	6853218
5787	6854233
5788	6855247
5789	6856261
5790	6857275
5791	6858289
5792	6859304
5793	6860318
5794	6861332
5795	6862346
5796	6863361
5797	6864375
5798	6865389
5799	6866403
5800	6867417
5801	6868432
5802	6869446
5803	6870460
5804	6871474
5805	6872489
5806	6873503
5807	6874517
5808	6875531
5809	6876545
5810	6877560
5811	6878574
5812	6879588
5813	6880602
5814	6881617
5815	6882631
5816	6883645
5817	6884659
5818	6885673
5819	6886688
5820	6887702
5821	6888716
5822	6889730
5823	6890745
5824	6891759
5825	6892773
5826	6893787
5827	6894801
5828	6895816
5829	6896830
5830	6897844
5831	6898858
5832	6899873
5833	6900887
5834	6901901
5835	6902915
5836	6903929
5837	6904944
5838	6905958
5839	6906972
5840	6907986
5841	6909001
5842	6910015
5843	6911029
5844	6912043
5845	-1
5846	6913057
5847	6914072
5848	6915086
5849	6916100
5850	6917114
5851	6918129
5852	6919143
5853	6920157
5854	6921171
5855	6922185
5856	6923200
5857	6924214
5858	6925228
5859	6926242
5860	6927257
5861	6928271
5862	6929285
5863	6930299
5864	6931313
5865	6932328
5866	6933342
5867	6934356
5868	6935370
5869	6936385
5870	6937399
5871	6938413
5872	6939427
5873	6940441
5874	6941456
5875	6942470
5876	6943484
5877	6944498
5878	6945513
5879	6946527
5880	6947541
5881	6948555
5882	6949569
5883	6950584
5884	6951598
5885	6952612
5886	6953626
5887	6954641
5888	6955655
5889	6956669
5890	6957683
5891	6958697
5892	6959712
5893	6960726
5894	6961740
5895	6962754
5896	6963769
5897	6964783
5898	6965797
5899	6966811
5900	6967825
5901	6968840
5902	6969854
5903	6970868
5904	6971882
5905	6972897
5906	6973911
5907	6974925
5908	6975939
5909	6976953
5910	6977968
5911	6978982
5912	6979996
5913	6981010
5914	6982025
5915	6983039
5916	-1
5917	6984053
5918	6985067
5919	6986081
5920	6987096
5921	6988110
5922	6989124
5923	6990138
5924	6991153
5925	6992167
5926	6993181
5927	6994195
5928	6995209
5929	6996224
5930	6997238
5931	6998252
5932	6999266
5933	7000281
5934	7001295
5935	7002309
5936	7003323
5937	7004337
5938	7005352
5939	7006366
5940	7007380
5941	7008394
5942	7009409
5943	7010423
5944	7011437
5945	7012451
5946	7013465
5947	7014480
5948	7015494
5949	7016508
5950	7017522
5951	7018537
5952	7019551
5953	7020565
5954	7021579
5955	7022593
5956	7023608
5957	7024622
5958	7025636
5959	7026650
5960	7027665
5961	7028679
5962	7029693
5963	7030707
5964	7031721
5965	7032736
5966	7033750
5967	7034764
5968	7035778
5969	7036793
5970	7037807
5971	7038821
5972	7039835
5973	7040849
5974	7041864
5975	7042878
5976	7043892
5977	7044906
5978	7045921
5979	7046935
5980	7047949
5981	7048963
5982	7049977
5983	7050992
5984	7052006
5985	7053020
5986	7054034
5987	-1
5988	7055049
5989	7056063
5990	7057077
5991	7058091
5992	7059105
5993	7060120
5994	7061134
5995	7062148
5996	7063162
5997	7064177
5998	7065191
5999	7066205
