0	1008011
1	1009836
2	1011662
3	-1
4	1013487
5	-1
6	1015313
7	-1
8	1017139
9	-1
10	1018964
11	1020790
12	-1
13	1022615
14	-1
15	1024441
16	-1
17	1026267
18	-1
19	1028092
20	-1
21	1029918
22	1031743
23	-1
24	1033569
25	-1
26	1035395
27	-1
28	1037220
29	-1
30	1039046
31	-1
32	1040871
33	1042697
34	-1
35	1044523
36	-1
37	1046348
38	-1
39	1048174
40	-1
41	1049999
42	1051825
43	-1
44	1053651
45	-1
46	1055476
47	-1
48	1057302
49	-1
50	1059127
51	-1
52	1060953
53	1062779
54	-1
55	1064604
56	-1
57	1066430
58	-1
59	1068255
60	-1
61	1070081
62	-1
63	1071907
64	1073732
65	-1
66	1075558
67	-1
68	1077383
69	-1
70	1079209
71	-1
72	1081035
73	-1
74	1082860
75	1084686
76	-1
77	1086511
78	-1
79	1088337
80	-1
81	1090163
82	-1
83	1091988
84	1093814
85	-1
86	1095639
87	-1
88	1097465
89	-1
90	1099291
91	-1
92	1101116
93	-1
94	1102942
95	1104767
96	-1
97	1106593
98	-1
99	1108419
100	-1
101	1110244
102	-1
103	1112070
104	-1
105	1113895
106	1115721
107	-1
108	1117547
109	-1
110	1119372
111	-1
112	1121198
113	-1
114	1123023
115	-1
116	1124849
117	1126675
118	-1
119	1128500
120	-1
121	1130326
122	-1
123	1132151
124	-1
125	1133977
126	1135803
127	-1
128	1137628
129	-1
130	1139454
131	-1
132	1141279
133	-1
134	1143105
135	-1
136	1144931
137	1146756
138	-1
139	1148582
140	-1
141	1150407
142	-1
143	1152233
144	-1
145	1154059
146	-1
147	1155884
148	1157710
149	-1
150	1159535
151	-1
152	1161361
153	-1
154	1163187
155	-1
156	1165012
157	-1
158	1166838
159	1168663
160	-1
161	1170489
162	-1
163	1172315
164	-1
165	1174140
166	-1
167	1175966
168	1177791
169	-1
170	1179617
171	-1
172	1181443
173	-1
174	1183268
175	-1
176	1185094
177	-1
178	1186919
179	1188745
180	-1
181	1190571
182	-1
183	1192396
184	-1
185	1194222
186	-1
187	1196047
188	-1
189	1197873
190	1199699
191	-1
192	1201524
193	-1
194	1203350
195	-1
196	1205175
197	-1
198	1207001
199	1208827
200	-1
201	1210652
202	-1
203	1212478
204	-1
205	1214303
206	-1
207	1216129
208	-1
209	1217955
210	1219780
211	-1
212	1221606
213	-1
214	1223431
215	-1
216	1225257
217	-1
218	1227083
219	-1
220	1228908
221	1230734
222	-1
223	1232559
224	-1
225	1234385
226	-1
227	1236211
228	-1
229	1238036
230	-1
231	1239862
232	1241687
233	-1
234	1243513
235	-1
236	1245339
237	-1
238	1247164
239	-1
240	1248990
241	1250815
242	-1
243	1252641
244	-1
245	1254467
246	-1
247	1256292
248	-1
249	1258118
250	-1
251	1259943
252	1261769
253	-1
254	1263595
255	-1
256	1265420
257	-1
258	1267246
259	-1
260	1269071
261	-1
262	1270897
263	1272723
264	-1
265	1274548
266	-1
267	1276374
268	-1
269	1278199
270	-1
271	1280025
272	-1
273	1281851
274	1283676
275	-1
276	1285502
277	-1
278	1287327
279	-1
280	1289153
281	-1
282	1290979
283	1292804
284	-1
285	1294630
286	-1
287	1296455
288	-1
289	1298281
290	-1
291	1300107
292	-1
293	1301932
294	1303758
295	-1
296	1305583
297	-1
298	1307409
299	-1
300	1309235
301	-1
302	1311060
303	-1
304	1312886
305	1314711
306	-1
307	1316537
308	-1
309	1318363
310	-1
311	1320188
312	-1
313	1322014
314	-1
315	1323839
316	1325665
317	-1
318	1327491
319	-1
320	1329316
321	-1
322	1331142
323	-1
324	1332967
325	1334793
326	-1
327	1336619
328	-1
329	1338444
330	-1
331	1340270
332	-1
333	1342095
334	-1
335	1343921
336	1345747
337	-1
338	1347572
339	-1
340	1349398
341	-1
342	1351223
343	-1
344	1353049
345	-1
346	1354875
347	1356700
348	-1
349	1358526
350	-1
351	1360351
352	-1
353	1362177
354	-1
355	1364003
356	1365828
357	-1
358	1367654
359	-1
360	1369479
361	-1
362	1371305
363	-1
364	1373131
365	-1
366	1374956
367	1376782
368	-1
369	1378607
370	-1
371	1380433
372	-1
373	1382259
374	-1
375	1384084
376	-1
377	1385910
378	1387735
379	-1
380	1389561
381	-1
382	1391387
383	-1
384	1393212
385	-1
386	1395038
387	-1
388	1396863
389	1398689
390	-1
391	1400515
392	-1
393	1402340
394	-1
395	1404166
396	-1
397	1405991
398	1407817
399	-1
400	1409643
401	-1
402	1411468
403	-1
404	1413294
405	-1
406	1415119
407	-1
408	1416945
409	1418771
410	-1
411	1420596
412	-1
413	1422422
414	-1
415	1424247
416	-1
417	1426073
418	-1
419	1427899
420	1429724
421	-1
422	1431550
423	-1
424	1433375
425	-1
426	1435201
427	-1
428	1437027
429	-1
430	1438852
431	1440678
432	-1
433	1442503
434	-1
435	1444329
436	-1
437	1446155
438	-1
439	1447980
440	1449806
441	-1
442	1451631
443	-1
444	1453457
445	-1
446	1455283
447	-1
448	1457108
449	-1
450	1458934
451	1460759
452	-1
453	1462585
454	-1
455	1464411
456	-1
457	1466236
458	-1
459	1468062
460	-1
461	1469887
462	1471713
463	-1
464	1473539
465	-1
466	1475364
467	-1
468	1477190
469	-1
470	1479015
471	-1
472	1480841
473	1482667
474	-1
475	1484492
476	-1
477	1486318
478	-1
479	1488143
480	-1
481	1489969
482	1491795
483	-1
484	1493620
485	-1
486	1495446
487	-1
488	1497271
489	-1
490	1499097
491	-1
492	1500923
493	1502748
494	-1
495	1504574
496	-1
497	1506399
498	-1
499	1508225
500	-1
501	1510051
502	-1
503	1511876
504	1513702
505	-1
506	1515527
507	-1
508	1517353
509	-1
510	1519179
511	-1
512	1521004
513	1522830
514	-1
515	1524655
516	-1
517	1526481
518	-1
519	1528307
520	-1
521	1530132
522	-1
523	1531958
524	1533783
525	-1
526	1535609
527	-1
528	1537435
529	-1
530	1539260
531	-1
532	1541086
533	-1
534	1542911
535	1544737
536	-1
537	1546563
538	-1
539	1548388
540	-1
541	1550214
542	-1
543	1552039
544	-1
545	1553865
546	1555691
547	-1
548	1557516
549	-1
550	1559342
551	-1
552	1561167
553	-1
554	1562993
555	1564819
556	-1
557	1566644
558	-1
559	1568470
560	-1
561	1570295
562	-1
563	1572121
564	-1
565	1573947
566	1575772
567	-1
568	1577598
569	-1
570	1579423
571	-1
572	1581249
573	-1
574	1583075
575	-1
576	1584900
577	1586726
578	-1
579	1588551
580	-1
581	1590377
582	-1
583	1592203
584	-1
585	1594028
586	-1
587	1595854
588	1597679
589	-1
590	1599505
591	-1
592	1601331
593	-1
594	1603156
595	-1
596	1604982
597	1606807
598	-1
599	1608633
600	-1
601	1610459
602	-1
603	1612284
604	-1
605	1614110
606	-1
607	1615935
608	1617761
609	-1
610	1619587
611	-1
612	1621412
613	-1
614	1623238
615	-1
616	1625063
617	-1
618	1626889
619	1628715
620	-1
621	1630540
622	-1
623	1632366
624	-1
625	1634191
626	-1
627	1636017
628	-1
629	1637843
630	1639668
631	-1
632	1641494
633	-1
634	1643319
635	-1
636	1645145
637	-1
638	1646971
639	1648796
640	-1
641	1650622
642	-1
643	1652447
644	-1
645	1654273
646	-1
647	1656099
648	-1
649	1657924
650	1659750
651	-1
652	1661575
653	-1
654	1663401
655	-1
656	1665227
657	-1
658	1667052
659	-1
660	1668878
661	1670703
662	-1
663	1672529
664	-1
665	1674355
666	-1
667	1676180
668	-1
669	1678006
670	1679831
671	-1
672	1681657
673	-1
674	1683483
675	-1
676	1685308
677	-1
678	1687134
679	-1
680	1688959
681	1690785
682	-1
683	1692611
684	-1
685	1694436
686	-1
687	1696262
688	-1
689	1698087
690	-1
691	1699913
692	1701739
693	-1
694	1703564
695	-1
696	1705390
697	-1
698	1707215
699	-1
700	1709041
701	-1
702	1710867
703	1712692
704	-1
705	1714518
706	-1
707	1716343
708	-1
709	1718169
710	-1
711	1719995
712	1721820
713	-1
714	1723646
715	-1
716	1725471
717	-1
718	1727297
719	-1
720	1729123
721	-1
722	1730948
723	1732774
724	-1
725	1734599
726	-1
727	1736425
728	-1
729	1738251
730	-1
731	1740076
732	-1
733	1741902
734	1743727
735	-1
736	1745553
737	-1
738	1747379
739	-1
740	1749204
741	-1
742	1751030
743	-1
744	1752855
745	1754681
746	-1
747	1756507
748	-1
749	1758332
750	-1
751	1760158
752	-1
753	1761983
754	1763809
755	-1
756	1765635
757	-1
758	1767460
759	-1
760	1769286
761	-1
762	1771111
763	-1
764	1772937
765	1774763
766	-1
767	1776588
768	-1
769	1778414
770	-1
771	1780239
772	-1
773	1782065
774	-1
775	1783891
776	1785716
777	-1
778	1787542
779	-1
780	1789367
781	-1
782	1791193
783	-1
784	1793019
785	-1
786	1794844
787	1796670
788	-1
789	1798495
790	-1
791	1800321
792	-1
793	1802147
794	-1
795	1803972
796	1805798
797	-1
798	1807623
799	-1
800	1809449
801	-1
802	1811275
803	-1
804	1813100
805	-1
806	1814926
807	1816751
808	-1
809	1818577
810	-1
811	1820403
812	-1
813	1822228
814	-1
815	1824054
816	-1
817	1825879
818	1827705
819	-1
820	1829531
821	-1
822	1831356
823	-1
824	1833182
825	-1
826	1835007
827	-1
828	1836833
829	1838659
830	-1
831	1840484
832	-1
833	1842310
834	-1
835	1844135
836	-1
837	1845961
838	1847787
839	-1
840	1849612
841	-1
842	1851438
843	-1
844	1853263
845	-1
846	1855089
847	-1
848	1856915
849	1858740
850	-1
851	1860566
852	-1
853	1862391
854	-1
855	1864217
856	-1
857	1866043
858	-1
859	1867868
860	1869694
861	-1
862	1871519
863	-1
864	1873345
865	-1
866	1875171
867	-1
868	1876996
869	1878822
870	-1
871	1880647
872	-1
873	1882473
874	-1
875	1884299
876	-1
877	1886124
878	-1
879	1887950
880	1889775
881	-1
882	1891601
883	-1
884	1893427
885	-1
886	1895252
887	-1
888	1897078
889	-1
890	1898903
891	1900729
892	-1
893	1902555
894	-1
895	1904380
896	-1
897	1906206
898	-1
899	1908031
900	-1
901	1909857
902	1911683
903	-1
904	1913508
905	-1
906	1915334
907	-1
908	1917159
909	-1
910	1918985
911	1920811
912	-1
913	1922636
914	-1
915	1924462
916	-1
917	1926287
918	-1
919	1928113
920	-1
921	1929939
922	1931764
923	-1
924	1933590
925	-1
926	1935415
927	-1
928	1937241
929	-1
930	1939067
931	-1
932	1940892
933	1942718
934	-1
935	1944543
936	-1
937	1946369
938	-1
939	1948195
940	-1
941	1950020
942	-1
943	1951846
944	1953671
945	-1
946	1955497
947	-1
948	1957323
949	-1
950	1959148
951	-1
952	1960974
953	1962799
954	-1
955	1964625
956	-1
957	1966451
958	-1
959	1968276
960	-1
961	1970102
962	-1
963	1971927
964	1973753
965	-1
966	1975579
967	-1
968	1977404
969	-1
970	1979230
971	-1
972	1981055
973	-1
974	1982881
975	1984707
976	-1
977	1986532
978	-1
979	1988358
980	-1
981	1990183
982	-1
983	1992009
984	-1
985	1993835
986	1995660
987	-1
988	1997486
989	-1
990	1999311
991	-1
992	2001137
993	-1
994	2002963
995	2004788
996	-1
997	2006614
998	-1
999	2008439
1000	-1
1001	2010265
1002	-1
1003	2012091
1004	-1
1005	2013916
1006	2015742
1007	-1
1008	2017567
1009	-1
1010	2019393
1011	-1
1012	2021219
1013	-1
1014	2023044
1015	-1
1016	2024870
1017	2026695
1018	-1
1019	2028521
1020	-1
1021	2030347
1022	-1
1023	2032172
1024	-1
1025	2033998
1026	2035823
1027	-1
1028	2037649
1029	-1
1030	2039475
1031	-1
1032	2041300
1033	-1
1034	2043126
1035	-1
1036	2044951
1037	2046777
1038	-1
1039	2048603
1040	-1
1041	2050428
1042	-1
1043	2052254
1044	-1
1045	2054079
1046	-1
1047	2055905
1048	2057731
1049	-1
1050	2059556
1051	-1
1052	2061382
1053	-1
1054	2063207
1055	-1
1056	2065033
1057	-1
1058	2066859
1059	2068684
1060	-1
1061	2070510
1062	-1
1063	2072335
1064	-1
1065	2074161
1066	-1
1067	2075987
1068	2077812
1069	-1
1070	2079638
1071	-1
1072	2081463
1073	-1
1074	2083289
1075	-1
1076	2085115
1077	-1
1078	2086940
1079	2088766
1080	-1
1081	2090591
1082	-1
1083	2092417
1084	-1
1085	2094243
1086	-1
1087	2096068
1088	-1
1089	2097894
1090	2099719
1091	-1
1092	2101545
1093	-1
1094	2103371
1095	-1
1096	2105196
1097	-1
1098	2107022
1099	-1
1100	2108847
1101	2110673
1102	-1
1103	2112499
1104	-1
1105	2114324
1106	-1
1107	2116150
1108	-1
1109	2117975
1110	2119801
1111	-1
1112	2121627
1113	-1
1114	2123452
1115	-1
1116	2125278
1117	-1
1118	2127103
1119	-1
1120	2128929
1121	2130755
1122	-1
1123	2132580
1124	-1
1125	2134406
1126	-1
1127	2136231
1128	-1
1129	2138057
1130	-1
1131	2139883
1132	2141708
1133	-1
1134	2143534
1135	-1
1136	2145359
1137	-1
1138	2147185
1139	-1
1140	2149011
1141	-1
1142	2150836
1143	2152662
1144	-1
1145	2154487
1146	-1
1147	2156313
1148	-1
1149	2158139
1150	-1
1151	2159964
1152	2161790
1153	-1
1154	2163615
1155	-1
1156	2165441
1157	-1
1158	2167267
1159	-1
1160	2169092
1161	-1
1162	2170918
1163	2172743
1164	-1
1165	2174569
1166	-1
1167	2176395
1168	-1
1169	2178220
1170	-1
1171	2180046
1172	-1
1173	2181871
1174	2183697
1175	-1
1176	2185523
1177	-1
1178	2187348
1179	-1
1180	2189174
1181	-1
1182	2190999
1183	2192825
1184	-1
1185	2194651
1186	-1
1187	2196476
1188	-1
1189	2198302
1190	-1
1191	2200127
1192	-1
1193	2201953
1194	2203779
1195	-1
1196	2205604
1197	-1
1198	2207430
1199	-1
1200	2209255
1201	-1
1202	2211081
1203	-1
1204	2212907
1205	2214732
1206	-1
1207	2216558
1208	-1
1209	2218383
1210	-1
1211	2220209
1212	-1
1213	2222035
1214	-1
1215	2223860
1216	2225686
1217	-1
1218	2227511
1219	-1
1220	2229337
1221	-1
1222	2231163
1223	-1
1224	2232988
1225	2234814
1226	-1
1227	2236639
1228	-1
1229	2238465
1230	-1
1231	2240291
1232	-1
1233	2242116
1234	-1
1235	2243942
1236	2245767
1237	-1
1238	2247593
1239	-1
1240	2249419
1241	-1
1242	2251244
1243	-1
1244	2253070
1245	-1
1246	2254895
1247	2256721
1248	-1
1249	2258547
1250	-1
1251	2260372
1252	-1
1253	2262198
1254	-1
1255	2264023
1256	-1
1257	2265849
1258	2267675
1259	-1
1260	2269500
1261	-1
1262	2271326
1263	-1
1264	2273151
1265	-1
1266	2274977
1267	2276803
1268	-1
1269	2278628
1270	-1
1271	2280454
1272	-1
1273	2282279
1274	-1
1275	2284105
1276	-1
1277	2285931
1278	2287756
1279	-1
1280	2289582
1281	-1
1282	2291407
1283	-1
1284	2293233
1285	-1
1286	2295059
1287	-1
1288	2296884
1289	2298710
1290	-1
1291	2300535
1292	-1
1293	2302361
1294	-1
1295	2304187
1296	-1
1297	2306012
1298	-1
1299	2307838
1300	2309663
1301	-1
1302	2311489
1303	-1
1304	2313315
1305	-1
1306	2315140
1307	-1
1308	2316966
1309	2318791
1310	-1
1311	2320617
1312	-1
1313	2322443
1314	-1
1315	2324268
1316	-1
1317	2326094
1318	-1
1319	2327919
1320	2329745
1321	-1
1322	2331571
1323	-1
1324	2333396
1325	-1
1326	2335222
1327	-1
1328	2337047
1329	-1
1330	2338873
1331	2340699
1332	-1
1333	2342524
1334	-1
1335	2344350
1336	-1
1337	2346175
1338	-1
1339	2348001
1340	2349827
1341	-1
1342	2351652
1343	-1
1344	2353478
1345	-1
1346	2355303
1347	-1
1348	2357129
1349	-1
1350	2358955
1351	2360780
1352	-1
1353	2362606
1354	-1
1355	2364431
1356	-1
1357	2366257
1358	-1
1359	2368083
1360	-1
1361	2369908
1362	2371734
1363	-1
1364	2373559
1365	-1
1366	2375385
1367	-1
1368	2377211
1369	-1
1370	2379036
1371	-1
1372	2380862
1373	2382687
1374	-1
1375	2384513
1376	-1
1377	2386339
1378	-1
1379	2388164
1380	-1
1381	2389990
1382	2391815
1383	-1
1384	2393641
1385	-1
1386	2395467
1387	-1
1388	2397292
1389	-1
1390	2399118
1391	-1
1392	2400943
1393	2402769
1394	-1
1395	2404595
1396	-1
1397	2406420
1398	-1
1399	2408246
1400	-1
1401	2410071
1402	-1
1403	2411897
1404	2413723
1405	-1
1406	2415548
1407	-1
1408	2417374
1409	-1
1410	2419199
1411	-1
1412	2421025
1413	-1
1414	2422851
1415	2424676
1416	-1
1417	2426502
1418	-1
1419	2428327
1420	-1
1421	2430153
1422	-1
1423	2431979
1424	2433804
1425	-1
1426	2435630
1427	-1
1428	2437455
1429	-1
1430	2439281
1431	-1
1432	2441107
1433	-1
1434	2442932
1435	2444758
1436	-1
1437	2446583
1438	-1
1439	2448409
1440	-1
1441	2450235
1442	-1
1443	2452060
1444	-1
1445	2453886
1446	2455711
1447	-1
1448	2457537
1449	-1
1450	2459363
1451	-1
1452	2461188
1453	-1
1454	2463014
1455	-1
1456	2464839
1457	2466665
1458	-1
1459	2468491
1460	-1
1461	2470316
1462	-1
1463	2472142
1464	-1
1465	2473967
1466	2475793
1467	-1
1468	2477619
1469	-1
1470	2479444
1471	-1
1472	2481270
1473	-1
1474	2483095
1475	-1
1476	2484921
1477	2486747
1478	-1
1479	2488572
1480	-1
1481	2490398
1482	-1
1483	2492223
1484	-1
1485	2494049
1486	-1
1487	2495875
1488	2497700
1489	-1
1490	2499526
1491	-1
1492	2501351
1493	-1
1494	2503177
1495	-1
1496	2505003
1497	2506828
1498	-1
1499	2508654
1500	-1
1501	2510479
1502	-1
1503	2512305
1504	-1
1505	2514131
1506	-1
1507	2515956
1508	2517782
1509	-1
1510	2519607
1511	-1
1512	2521433
1513	-1
1514	2523259
1515	-1
1516	2525084
1517	-1
1518	2526910
1519	2528735
1520	-1
1521	2530561
1522	-1
1523	2532387
1524	-1
1525	2534212
1526	-1
1527	2536038
1528	-1
1529	2537863
1530	2539689
1531	-1
1532	2541515
1533	-1
1534	2543340
1535	-1
1536	2545166
1537	-1
1538	2546991
1539	2548817
1540	-1
1541	2550643
1542	-1
1543	2552468
1544	-1
1545	2554294
1546	-1
1547	2556119
1548	-1
1549	2557945
1550	2559771
1551	-1
1552	2561596
1553	-1
1554	2563422
1555	-1
1556	2565247
1557	-1
1558	2567073
1559	-1
1560	2568899
1561	2570724
1562	-1
1563	2572550
1564	-1
1565	2574375
1566	-1
1567	2576201
1568	-1
1569	2578027
1570	-1
1571	2579852
1572	2581678
1573	-1
1574	2583503
1575	-1
1576	2585329
1577	-1
1578	2587155
1579	-1
1580	2588980
1581	2590806
1582	-1
1583	2592631
1584	-1
1585	2594457
1586	-1
1587	2596283
1588	-1
1589	2598108
1590	-1
1591	2599934
1592	2601759
1593	-1
1594	2603585
1595	-1
1596	2605411
1597	-1
1598	2607236
1599	-1
1600	2609062
1601	-1
1602	2610887
1603	2612713
1604	-1
1605	2614539
1606	-1
1607	2616364
1608	-1
1609	2618190
1610	-1
1611	2620015
1612	-1
1613	2621841
1614	2623667
1615	-1
1616	2625492
1617	-1
1618	2627318
1619	-1
1620	2629143
1621	-1
1622	2630969
1623	2632795
1624	-1
1625	2634620
1626	-1
1627	2636446
1628	-1
1629	2638271
1630	-1
1631	2640097
1632	-1
1633	2641923
1634	2643748
1635	-1
1636	2645574
1637	-1
1638	2647399
1639	-1
1640	2649225
1641	-1
1642	2651051
1643	-1
1644	2652876
1645	2654702
1646	-1
1647	2656527
1648	-1
1649	2658353
1650	-1
1651	2660179
1652	-1
1653	2662004
1654	2663830
1655	-1
1656	2665655
1657	-1
1658	2667481
1659	-1
1660	2669307
1661	-1
1662	2671132
1663	-1
1664	2672958
1665	2674783
1666	-1
1667	2676609
1668	-1
1669	2678435
1670	-1
1671	2680260
1672	-1
1673	2682086
1674	-1
1675	2683911
1676	2685737
1677	-1
1678	2687563
1679	-1
1680	2689388
1681	-1
1682	2691214
1683	-1
1684	2693039
1685	-1
1686	2694865
1687	2696691
1688	-1
1689	2698516
1690	-1
1691	2700342
1692	-1
1693	2702167
1694	-1
1695	2703993
1696	2705819
1697	-1
1698	2707644
1699	-1
1700	2709470
1701	-1
1702	2711295
1703	-1
1704	2713121
1705	-1
1706	2714947
1707	2716772
1708	-1
1709	2718598
1710	-1
1711	2720423
1712	-1
1713	2722249
1714	-1
1715	2724075
1716	-1
1717	2725900
1718	2727726
1719	-1
1720	2729551
1721	-1
1722	2731377
1723	-1
1724	2733203
1725	-1
1726	2735028
1727	-1
1728	2736854
1729	2738679
1730	-1
1731	2740505
1732	-1
1733	2742331
1734	-1
1735	2744156
1736	-1
1737	2745982
1738	2747807
1739	-1
1740	2749633
1741	-1
1742	2751459
1743	-1
1744	2753284
1745	-1
1746	2755110
1747	-1
1748	2756935
1749	2758761
1750	-1
1751	2760587
1752	-1
1753	2762412
1754	-1
1755	2764238
1756	-1
1757	2766063
1758	-1
1759	2767889
1760	2769715
1761	-1
1762	2771540
1763	-1
1764	2773366
1765	-1
1766	2775191
1767	-1
1768	2777017
1769	-1
1770	2778843
1771	2780668
1772	-1
1773	2782494
1774	-1
1775	2784319
1776	-1
1777	2786145
1778	-1
1779	2787971
1780	2789796
1781	-1
1782	2791622
1783	-1
1784	2793447
1785	-1
1786	2795273
1787	-1
1788	2797099
1789	-1
1790	2798924
1791	2800750
1792	-1
1793	2802575
1794	-1
1795	2804401
1796	-1
1797	2806227
1798	-1
1799	2808052
1800	-1
1801	2809878
1802	2811703
1803	-1
1804	2813529
1805	-1
1806	2815355
1807	-1
1808	2817180
1809	-1
1810	2819006
1811	2820831
1812	-1
1813	2822657
1814	-1
1815	2824483
1816	-1
1817	2826308
1818	-1
1819	2828134
1820	-1
1821	2829959
1822	2831785
1823	-1
1824	2833611
1825	-1
1826	2835436
1827	-1
1828	2837262
1829	-1
1830	2839087
1831	-1
1832	2840913
1833	2842739
1834	-1
1835	2844564
1836	-1
1837	2846390
1838	-1
1839	2848215
1840	-1
1841	2850041
1842	-1
1843	2851867
1844	2853692
1845	-1
1846	2855518
1847	-1
1848	2857343
1849	-1
1850	2859169
1851	-1
1852	2860995
1853	2862820
1854	-1
1855	2864646
1856	-1
1857	2866471
1858	-1
1859	2868297
1860	-1
1861	2870123
1862	-1
1863	2871948
1864	2873774
1865	-1
1866	2875599
1867	-1
1868	2877425
1869	-1
1870	2879251
1871	-1
1872	2881076
1873	-1
1874	2882902
1875	2884727
1876	-1
1877	2886553
1878	-1
1879	2888379
1880	-1
1881	2890204
1882	-1
1883	2892030
1884	-1
1885	2893855
1886	2895681
1887	-1
1888	2897507
1889	-1
1890	2899332
1891	-1
1892	2901158
1893	-1
1894	2902983
1895	2904809
1896	-1
1897	2906635
1898	-1
1899	2908460
1900	-1
1901	2910286
1902	-1
1903	2912111
1904	-1
1905	2913937
1906	2915763
1907	-1
1908	2917588
1909	-1
1910	2919414
1911	-1
1912	2921239
1913	-1
1914	2923065
1915	-1
1916	2924891
1917	2926716
1918	-1
1919	2928542
1920	-1
1921	2930367
1922	-1
1923	2932193
1924	-1
1925	2934019
1926	-1
1927	2935844
1928	2937670
1929	-1
1930	2939495
1931	-1
1932	2941321
1933	-1
1934	2943147
1935	-1
1936	2944972
1937	2946798
1938	-1
1939	2948623
1940	-1
1941	2950449
1942	-1
1943	2952275
1944	-1
1945	2954100
1946	-1
1947	2955926
1948	2957751
1949	-1
1950	2959577
1951	-1
1952	2961403
1953	-1
1954	2963228
1955	-1
1956	2965054
1957	-1
1958	2966879
1959	2968705
1960	-1
1961	2970531
1962	-1
1963	2972356
1964	-1
1965	2974182
1966	-1
1967	2976007
1968	-1
1969	2977833
1970	2979659
1971	-1
1972	2981484
1973	-1
1974	2983310
1975	-1
1976	2985135
1977	-1
1978	2986961
1979	2988787
1980	-1
1981	2990612
1982	-1
1983	2992438
1984	-1
1985	2994263
1986	-1
1987	2996089
1988	-1
1989	2997915
1990	2999740
1991	-1
1992	3001566
1993	-1
1994	3003391
1995	-1
1996	3005217
1997	-1
1998	3007043
1999	-1
2000	3008868
2001	3010694
2002	-1
2003	3012519
2004	-1
2005	3014345
2006	-1
2007	3016171
2008	-1
2009	3017996
2010	3019822
2011	-1
2012	3021647
2013	-1
2014	3023473
2015	-1
2016	3025299
2017	-1
2018	3027124
2019	-1
2020	3028950
2021	3030775
2022	-1
2023	3032601
2024	-1
2025	3034427
2026	-1
2027	3036252
2028	-1
2029	3038078
2030	-1
2031	3039903
2032	3041729
2033	-1
2034	3043555
2035	-1
2036	3045380
2037	-1
2038	3047206
2039	-1
2040	3049031
2041	-1
2042	3050857
2043	3052683
2044	-1
2045	3054508
2046	-1
2047	3056334
2048	-1
2049	3058159
2050	-1
2051	3059985
2052	3061811
2053	-1
2054	3063636
2055	-1
2056	3065462
2057	-1
2058	3067287
2059	-1
2060	3069113
2061	-1
2062	3070939
2063	3072764
2064	-1
2065	3074590
2066	-1
2067	3076415
2068	-1
2069	3078241
2070	-1
2071	3080067
2072	-1
2073	3081892
2074	3083718
2075	-1
2076	3085543
2077	-1
2078	3087369
2079	-1
2080	3089195
2081	-1
2082	3091020
2083	-1
2084	3092846
2085	3094671
2086	-1
2087	3096497
2088	-1
2089	3098323
2090	-1
2091	3100148
2092	-1
2093	3101974
2094	3103799
2095	-1
2096	3105625
2097	-1
2098	3107451
2099	-1
2100	3109276
2101	-1
2102	3111102
2103	-1
2104	3112927
2105	3114753
2106	-1
2107	3116579
2108	-1
2109	3118404
2110	-1
2111	3120230
2112	-1
2113	3122055
2114	-1
2115	3123881
2116	3125707
2117	-1
2118	3127532
2119	-1
2120	3129358
2121	-1
2122	3131183
2123	-1
2124	3133009
2125	-1
2126	3134835
2127	3136660
2128	-1
2129	3138486
2130	-1
2131	3140311
2132	-1
2133	3142137
2134	-1
2135	3143963
2136	3145788
2137	-1
2138	3147614
2139	-1
2140	3149439
2141	-1
2142	3151265
2143	-1
2144	3153091
2145	-1
2146	3154916
2147	3156742
2148	-1
2149	3158567
2150	-1
2151	3160393
2152	-1
2153	3162219
2154	-1
2155	3164044
2156	-1
2157	3165870
2158	3167695
2159	-1
2160	3169521
2161	-1
2162	3171347
2163	-1
2164	3173172
2165	-1
2166	3174998
2167	3176823
2168	-1
2169	3178649
2170	-1
2171	3180475
2172	-1
2173	3182300
2174	-1
2175	3184126
2176	-1
2177	3185951
2178	3187777
2179	-1
2180	3189603
2181	-1
2182	3191428
2183	-1
2184	3193254
2185	-1
2186	3195079
2187	-1
2188	3196905
2189	3198731
2190	-1
2191	3200556
2192	-1
2193	3202382
2194	-1
2195	3204207
2196	-1
2197	3206033
2198	-1
2199	3207859
2200	3209684
2201	-1
2202	3211510
2203	-1
2204	3213335
2205	-1
2206	3215161
2207	-1
2208	3216987
2209	3218812
2210	-1
2211	3220638
2212	-1
2213	3222463
2214	-1
2215	3224289
2216	-1
2217	3226115
2218	-1
2219	3227940
2220	3229766
2221	-1
2222	3231591
2223	-1
2224	3233417
2225	-1
2226	3235243
2227	-1
2228	3237068
2229	-1
2230	3238894
2231	3240719
2232	-1
2233	3242545
2234	-1
2235	3244371
2236	-1
2237	3246196
2238	-1
2239	3248022
2240	-1
2241	3249847
2242	3251673
2243	-1
2244	3253499
2245	-1
2246	3255324
2247	-1
2248	3257150
2249	-1
2250	3258975
2251	3260801
2252	-1
2253	3262627
2254	-1
2255	3264452
2256	-1
2257	3266278
2258	-1
2259	3268103
2260	-1
2261	3269929
2262	3271755
2263	-1
2264	3273580
2265	-1
2266	3275406
2267	-1
2268	3277231
2269	-1
2270	3279057
2271	-1
2272	3280883
2273	3282708
2274	-1
2275	3284534
2276	-1
2277	3286359
2278	-1
2279	3288185
2280	-1
2281	3290011
2282	-1
2283	3291836
2284	3293662
2285	-1
2286	3295487
2287	-1
2288	3297313
2289	-1
2290	3299139
2291	-1
2292	3300964
2293	3302790
2294	-1
2295	3304615
2296	-1
2297	3306441
2298	-1
2299	3308267
2300	-1
2301	3310092
2302	-1
2303	3311918
2304	3313743
2305	-1
2306	3315569
2307	-1
2308	3317395
2309	-1
2310	3319220
2311	-1
2312	3321046
2313	-1
2314	3322871
2315	3324697
2316	-1
2317	3326523
2318	-1
2319	3328348
2320	-1
2321	3330174
2322	-1
2323	3331999
2324	3333825
2325	-1
2326	3335651
2327	-1
2328	3337476
2329	-1
2330	3339302
2331	-1
2332	3341127
2333	-1
2334	3342953
2335	3344779
2336	-1
2337	3346604
2338	-1
2339	3348430
2340	-1
2341	3350255
2342	-1
2343	3352081
2344	-1
2345	3353907
2346	3355732
2347	-1
2348	3357558
2349	-1
2350	3359383
2351	-1
2352	3361209
2353	-1
2354	3363035
2355	-1
2356	3364860
2357	3366686
2358	-1
2359	3368511
2360	-1
2361	3370337
2362	-1
2363	3372163
2364	-1
2365	3373988
2366	3375814
2367	-1
2368	3377639
2369	-1
2370	3379465
2371	-1
2372	3381291
2373	-1
2374	3383116
2375	-1
2376	3384942
2377	3386767
2378	-1
2379	3388593
2380	-1
2381	3390419
2382	-1
2383	3392244
2384	-1
2385	3394070
2386	-1
2387	3395895
2388	3397721
2389	-1
2390	3399547
2391	-1
2392	3401372
2393	-1
2394	3403198
2395	-1
2396	3405023
2397	-1
2398	3406849
2399	3408675
2400	-1
2401	3410500
2402	-1
2403	3412326
2404	-1
2405	3414151
2406	-1
2407	3415977
2408	3417803
2409	-1
2410	3419628
2411	-1
2412	3421454
2413	-1
2414	3423279
2415	-1
2416	3425105
2417	-1
2418	3426931
2419	3428756
2420	-1
2421	3430582
2422	-1
2423	3432407
2424	-1
2425	3434233
2426	-1
2427	3436059
2428	-1
2429	3437884
2430	3439710
2431	-1
2432	3441535
2433	-1
2434	3443361
2435	-1
2436	3445187
2437	-1
2438	3447012
2439	-1
2440	3448838
2441	3450663
2442	-1
2443	3452489
2444	-1
2445	3454315
2446	-1
2447	3456140
2448	-1
2449	3457966
2450	3459791
2451	-1
2452	3461617
2453	-1
2454	3463443
2455	-1
2456	3465268
2457	-1
2458	3467094
2459	-1
2460	3468919
2461	3470745
2462	-1
2463	3472571
2464	-1
2465	3474396
2466	-1
2467	3476222
2468	-1
2469	3478047
2470	-1
2471	3479873
2472	3481699
2473	-1
2474	3483524
2475	-1
2476	3485350
2477	-1
2478	3487175
2479	-1
2480	3489001
2481	3490827
2482	-1
2483	3492652
2484	-1
2485	3494478
2486	-1
2487	3496303
2488	-1
2489	3498129
2490	-1
2491	3499955
2492	3501780
2493	-1
2494	3503606
2495	-1
2496	3505431
2497	-1
2498	3507257
2499	-1
2500	3509083
2501	-1
2502	3510908
2503	3512734
2504	-1
2505	3514559
2506	-1
2507	3516385
2508	-1
2509	3518211
2510	-1
2511	3520036
2512	-1
2513	3521862
2514	3523687
2515	-1
2516	3525513
2517	-1
2518	3527339
2519	-1
2520	3529164
2521	-1
2522	3530990
2523	3532815
2524	-1
2525	3534641
2526	-1
2527	3536467
2528	-1
2529	3538292
2530	-1
2531	3540118
2532	-1
2533	3541943
2534	3543769
2535	-1
2536	3545595
2537	-1
2538	3547420
2539	-1
2540	3549246
2541	-1
2542	3551071
2543	-1
2544	3552897
2545	3554723
2546	-1
2547	3556548
2548	-1
2549	3558374
2550	-1
2551	3560199
2552	-1
2553	3562025
2554	-1
2555	3563851
2556	3565676
2557	-1
2558	3567502
2559	-1
2560	3569327
2561	-1
2562	3571153
2563	-1
2564	3572979
2565	3574804
2566	-1
2567	3576630
2568	-1
2569	3578455
2570	-1
2571	3580281
2572	-1
2573	3582107
2574	-1
2575	3583932
2576	3585758
2577	-1
2578	3587583
2579	-1
2580	3589409
2581	-1
2582	3591235
2583	-1
2584	3593060
2585	-1
2586	3594886
2587	3596711
2588	-1
2589	3598537
2590	-1
2591	3600363
2592	-1
2593	3602188
2594	-1
2595	3604014
2596	-1
2597	3605839
2598	3607665
2599	-1
2600	3609491
2601	-1
2602	3611316
2603	-1
2604	3613142
2605	-1
2606	3614967
2607	3616793
2608	-1
2609	3618619
2610	-1
2611	3620444
2612	-1
2613	3622270
2614	-1
2615	3624095
2616	-1
2617	3625921
2618	3627747
2619	-1
2620	3629572
2621	-1
2622	3631398
2623	-1
2624	3633223
2625	-1
2626	3635049
2627	-1
2628	3636875
2629	3638700
2630	-1
2631	3640526
2632	-1
2633	3642351
2634	-1
2635	3644177
2636	-1
2637	3646003
2638	3647828
2639	-1
2640	3649654
2641	-1
2642	3651479
2643	-1
2644	3653305
2645	-1
2646	3655131
2647	-1
2648	3656956
2649	3658782
2650	-1
2651	3660607
2652	-1
2653	3662433
2654	-1
2655	3664259
2656	-1
2657	3666084
2658	-1
2659	3667910
2660	3669735
2661	-1
2662	3671561
2663	-1
2664	3673387
2665	-1
2666	3675212
2667	-1
2668	3677038
2669	-1
2670	3678863
2671	3680689
2672	-1
2673	3682515
2674	-1
2675	3684340
2676	-1
2677	3686166
2678	-1
2679	3687991
2680	3689817
2681	-1
2682	3691643
2683	-1
2684	3693468
2685	-1
2686	3695294
2687	-1
2688	3697119
2689	-1
2690	3698945
2691	3700771
2692	-1
2693	3702596
2694	-1
2695	3704422
2696	-1
2697	3706247
2698	-1
2699	3708073
2700	-1
2701	3709899
2702	3711724
2703	-1
2704	3713550
2705	-1
2706	3715375
2707	-1
2708	3717201
2709	-1
2710	3719027
2711	-1
2712	3720852
2713	3722678
2714	-1
2715	3724503
2716	-1
2717	3726329
2718	-1
2719	3728155
2720	-1
2721	3729980
2722	3731806
2723	-1
2724	3733631
2725	-1
2726	3735457
2727	-1
2728	3737283
2729	-1
2730	3739108
2731	-1
2732	3740934
2733	3742759
2734	-1
2735	3744585
2736	-1
2737	3746411
2738	-1
2739	3748236
2740	-1
2741	3750062
2742	-1
2743	3751887
2744	3753713
2745	-1
2746	3755539
2747	-1
2748	3757364
2749	-1
2750	3759190
2751	-1
2752	3761015
2753	-1
2754	3762841
2755	3764667
2756	-1
2757	3766492
2758	-1
2759	3768318
2760	-1
2761	3770143
2762	-1
2763	3771969
2764	3773795
2765	-1
2766	3775620
2767	-1
2768	3777446
2769	-1
2770	3779271
2771	-1
2772	3781097
2773	-1
2774	3782923
2775	3784748
2776	-1
2777	3786574
2778	-1
2779	3788399
2780	-1
2781	3790225
2782	-1
2783	3792051
2784	-1
2785	3793876
2786	3795702
2787	-1
2788	3797527
2789	-1
2790	3799353
2791	-1
2792	3801179
2793	-1
2794	3803004
2795	3804830
2796	-1
2797	3806655
2798	-1
2799	3808481
2800	-1
2801	3810307
2802	-1
2803	3812132
2804	-1
2805	3813958
2806	3815783
2807	-1
2808	3817609
2809	-1
2810	3819435
2811	-1
2812	3821260
2813	-1
2814	3823086
2815	-1
2816	3824911
2817	3826737
2818	-1
2819	3828563
2820	-1
2821	3830388
2822	-1
2823	3832214
2824	-1
2825	3834039
2826	-1
2827	3835865
2828	3837691
2829	-1
2830	3839516
2831	-1
2832	3841342
2833	-1
2834	3843167
2835	-1
2836	3844993
2837	3846819
2838	-1
2839	3848644
2840	-1
2841	3850470
2842	-1
2843	3852295
2844	-1
2845	3854121
2846	-1
2847	3855947
2848	3857772
2849	-1
2850	3859598
2851	-1
2852	3861423
2853	-1
2854	3863249
2855	-1
2856	3865075
2857	-1
2858	3866900
2859	3868726
2860	-1
2861	3870551
2862	-1
2863	3872377
2864	-1
2865	3874203
2866	-1
2867	3876028
2868	-1
2869	3877854
2870	3879679
2871	-1
2872	3881505
2873	-1
2874	3883331
2875	-1
2876	3885156
2877	-1
2878	3886982
2879	3888807
2880	-1
2881	3890633
2882	-1
2883	3892459
2884	-1
2885	3894284
2886	-1
2887	3896110
2888	-1
2889	3897935
2890	3899761
2891	-1
2892	3901587
2893	-1
2894	3903412
2895	-1
2896	3905238
2897	-1
2898	3907063
2899	-1
2900	3908889
2901	3910715
2902	-1
2903	3912540
2904	-1
2905	3914366
2906	-1
2907	3916191
2908	-1
2909	3918017
2910	-1
2911	3919843
2912	3921668
2913	-1
2914	3923494
2915	-1
2916	3925319
2917	-1
2918	3927145
2919	-1
2920	3928971
2921	3930796
2922	-1
2923	3932622
2924	-1
2925	3934447
2926	-1
2927	3936273
2928	-1
2929	3938099
2930	-1
2931	3939924
2932	3941750
2933	-1
2934	3943575
2935	-1
2936	3945401
2937	-1
2938	3947227
2939	-1
2940	3949052
2941	-1
2942	3950878
2943	3952703
2944	-1
2945	3954529
2946	-1
2947	3956355
2948	-1
2949	3958180
2950	-1
2951	3960006
2952	3961831
2953	-1
2954	3963657
2955	-1
2956	3965483
2957	-1
2958	3967308
2959	-1
2960	3969134
2961	-1
2962	3970959
2963	3972785
2964	-1
2965	3974611
2966	-1
2967	3976436
2968	-1
2969	3978262
2970	-1
2971	3980087
2972	-1
2973	3981913
2974	3983739
2975	-1
2976	3985564
2977	-1
2978	3987390
2979	-1
2980	3989215
2981	-1
2982	3991041
2983	-1
2984	3992867
2985	3994692
2986	-1
2987	3996518
2988	-1
2989	3998343
2990	-1
2991	4000169
2992	-1
2993	4001995
2994	4003820
2995	-1
2996	4005646
2997	-1
2998	4007471
2999	-1
3000	4009297
3001	-1
3002	4011123
3003	-1
3004	4012948
3005	4014774
3006	-1
3007	4016599
3008	-1
3009	4018425
3010	-1
3011	4020251
3012	-1
3013	4022076
3014	-1
3015	4023902
3016	4025727
3017	-1
3018	4027553
3019	-1
3020	4029379
3021	-1
3022	4031204
3023	-1
3024	4033030
3025	-1
3026	4034855
3027	4036681
3028	-1
3029	4038507
3030	-1
3031	4040332
3032	-1
3033	4042158
3034	-1
3035	4043983
3036	4045809
3037	-1
3038	4047635
3039	-1
3040	4049460
3041	-1
3042	4051286
3043	-1
3044	4053111
3045	-1
3046	4054937
3047	4056763
3048	-1
3049	4058588
3050	-1
3051	4060414
3052	-1
3053	4062239
3054	-1
3055	4064065
3056	-1
3057	4065891
3058	4067716
3059	-1
3060	4069542
3061	-1
3062	4071367
3063	-1
3064	4073193
3065	-1
3066	4075019
3067	-1
3068	4076844
3069	4078670
3070	-1
3071	4080495
3072	-1
3073	4082321
3074	-1
3075	4084147
3076	-1
3077	4085972
3078	4087798
3079	-1
3080	4089623
3081	-1
3082	4091449
3083	-1
3084	4093275
3085	-1
3086	4095100
3087	-1
3088	4096926
3089	4098751
3090	-1
3091	4100577
3092	-1
3093	4102403
3094	-1
3095	4104228
3096	-1
3097	4106054
3098	-1
3099	4107879
3100	4109705
3101	-1
3102	4111531
3103	-1
3104	4113356
3105	-1
3106	4115182
3107	-1
3108	4117007
3109	-1
3110	4118833
3111	4120659
3112	-1
3113	4122484
3114	-1
3115	4124310
3116	-1
3117	4126135
3118	-1
3119	4127961
3120	4129787
3121	-1
3122	4131612
3123	-1
3124	4133438
3125	-1
3126	4135263
3127	-1
3128	4137089
3129	-1
3130	4138915
3131	4140740
3132	-1
3133	4142566
3134	-1
3135	4144391
3136	-1
3137	4146217
3138	-1
3139	4148043
3140	-1
3141	4149868
3142	4151694
3143	-1
3144	4153519
3145	-1
3146	4155345
3147	-1
3148	4157171
3149	-1
3150	4158996
3151	4160822
3152	-1
3153	4162647
3154	-1
3155	4164473
3156	-1
3157	4166299
3158	-1
3159	4168124
3160	-1
3161	4169950
3162	4171775
3163	-1
3164	4173601
3165	-1
3166	4175427
3167	-1
3168	4177252
3169	-1
3170	4179078
3171	-1
3172	4180903
3173	4182729
3174	-1
3175	4184555
3176	-1
3177	4186380
3178	-1
3179	4188206
3180	-1
3181	4190031
3182	-1
3183	4191857
3184	4193683
3185	-1
3186	4195508
3187	-1
3188	4197334
3189	-1
3190	4199159
3191	-1
3192	4200985
3193	4202811
3194	-1
3195	4204636
3196	-1
3197	4206462
3198	-1
3199	4208287
3200	-1
3201	4210113
3202	-1
3203	4211939
3204	4213764
3205	-1
3206	4215590
3207	-1
3208	4217415
3209	-1
3210	4219241
3211	-1
3212	4221067
3213	-1
3214	4222892
3215	4224718
3216	-1
3217	4226543
3218	-1
3219	4228369
3220	-1
3221	4230195
3222	-1
3223	4232020
3224	-1
3225	4233846
3226	4235671
3227	-1
3228	4237497
3229	-1
3230	4239323
3231	-1
3232	4241148
3233	-1
3234	4242974
3235	4244799
3236	-1
3237	4246625
3238	-1
3239	4248451
3240	-1
3241	4250276
3242	-1
3243	4252102
3244	-1
3245	4253927
3246	4255753
3247	-1
3248	4257579
3249	-1
3250	4259404
3251	-1
3252	4261230
3253	-1
3254	4263055
3255	-1
3256	4264881
3257	4266707
3258	-1
3259	4268532
3260	-1
3261	4270358
3262	-1
3263	4272183
3264	-1
3265	4274009
3266	-1
3267	4275835
3268	4277660
3269	-1
3270	4279486
3271	-1
3272	4281311
3273	-1
3274	4283137
3275	-1
3276	4284963
3277	4286788
3278	-1
3279	4288614
3280	-1
3281	4290439
3282	-1
3283	4292265
3284	-1
3285	4294091
3286	-1
3287	4295916
3288	4297742
3289	-1
3290	4299567
3291	-1
3292	4301393
3293	-1
3294	4303219
3295	-1
3296	4305044
3297	-1
3298	4306870
3299	4308695
3300	-1
3301	4310521
3302	-1
3303	4312347
3304	-1
3305	4314172
3306	-1
3307	4315998
3308	4317823
3309	-1
3310	4319649
3311	-1
3312	4321475
3313	-1
3314	4323300
3315	-1
3316	4325126
3317	-1
3318	4326951
3319	4328777
3320	-1
3321	4330603
3322	-1
3323	4332428
3324	-1
3325	4334254
3326	-1
3327	4336079
3328	-1
3329	4337905
3330	4339731
3331	-1
3332	4341556
3333	-1
3334	4343382
3335	-1
3336	4345207
3337	-1
3338	4347033
3339	-1
3340	4348859
3341	4350684
3342	-1
3343	4352510
3344	-1
3345	4354335
3346	-1
3347	4356161
3348	-1
3349	4357987
3350	4359812
3351	-1
3352	4361638
3353	-1
3354	4363463
3355	-1
3356	4365289
3357	-1
3358	4367115
3359	-1
3360	4368940
3361	4370766
3362	-1
3363	4372591
3364	-1
3365	4374417
3366	-1
3367	4376243
3368	-1
3369	4378068
3370	-1
3371	4379894
3372	4381719
3373	-1
3374	4383545
3375	-1
3376	4385371
3377	-1
3378	4387196
3379	-1
3380	4389022
3381	-1
3382	4390847
3383	4392673
3384	-1
3385	4394499
3386	-1
3387	4396324
3388	-1
3389	4398150
3390	-1
3391	4399975
3392	4401801
3393	-1
3394	4403627
3395	-1
3396	4405452
3397	-1
3398	4407278
3399	-1
3400	4409103
3401	-1
3402	4410929
3403	4412755
3404	-1
3405	4414580
3406	-1
3407	4416406
3408	-1
3409	4418231
3410	-1
3411	4420057
3412	-1
3413	4421883
3414	4423708
3415	-1
3416	4425534
3417	-1
3418	4427359
3419	-1
3420	4429185
3421	-1
3422	4431011
3423	-1
3424	4432836
3425	4434662
3426	-1
3427	4436487
3428	-1
3429	4438313
3430	-1
3431	4440139
3432	-1
3433	4441964
3434	4443790
3435	-1
3436	4445615
3437	-1
3438	4447441
3439	-1
3440	4449267
3441	-1
3442	4451092
3443	-1
3444	4452918
3445	4454743
3446	-1
3447	4456569
3448	-1
3449	4458395
3450	-1
3451	4460220
3452	-1
3453	4462046
3454	-1
3455	4463871
3456	4465697
3457	-1
3458	4467523
3459	-1
3460	4469348
3461	-1
3462	4471174
3463	-1
3464	4472999
3465	4474825
3466	-1
3467	4476651
3468	-1
3469	4478476
3470	-1
3471	4480302
3472	-1
3473	4482127
3474	-1
3475	4483953
3476	4485779
3477	-1
3478	4487604
3479	-1
3480	4489430
3481	-1
3482	4491255
3483	-1
3484	4493081
3485	-1
3486	4494907
3487	4496732
3488	-1
3489	4498558
3490	-1
3491	4500383
3492	-1
3493	4502209
3494	-1
3495	4504035
3496	-1
3497	4505860
3498	4507686
3499	-1
3500	4509511
3501	-1
3502	4511337
3503	-1
3504	4513163
3505	-1
3506	4514988
3507	4516814
3508	-1
3509	4518639
3510	-1
3511	4520465
3512	-1
3513	4522291
3514	-1
3515	4524116
3516	-1
3517	4525942
3518	4527767
3519	-1
3520	4529593
3521	-1
3522	4531419
3523	-1
3524	4533244
3525	-1
3526	4535070
3527	-1
3528	4536895
3529	4538721
3530	-1
3531	4540547
3532	-1
3533	4542372
3534	-1
3535	4544198
3536	-1
3537	4546023
3538	-1
3539	4547849
3540	4549675
3541	-1
3542	4551500
3543	-1
3544	4553326
3545	-1
3546	4555151
3547	-1
3548	4556977
3549	4558803
3550	-1
3551	4560628
3552	-1
3553	4562454
3554	-1
3555	4564279
3556	-1
3557	4566105
3558	-1
3559	4567931
3560	4569756
3561	-1
3562	4571582
3563	-1
3564	4573407
3565	-1
3566	4575233
3567	-1
3568	4577059
3569	-1
3570	4578884
3571	4580710
3572	-1
3573	4582535
3574	-1
3575	4584361
3576	-1
3577	4586187
3578	-1
3579	4588012
3580	-1
3581	4589838
3582	4591663
3583	-1
3584	4593489
3585	-1
3586	4595315
3587	-1
3588	4597140
3589	-1
3590	4598966
3591	4600791
3592	-1
3593	4602617
3594	-1
3595	4604443
3596	-1
3597	4606268
3598	-1
3599	4608094
3600	-1
3601	4609919
3602	4611745
3603	-1
3604	4613571
3605	-1
3606	4615396
3607	-1
3608	4617222
3609	-1
3610	4619047
3611	-1
3612	4620873
3613	4622699
3614	-1
3615	4624524
3616	-1
3617	4626350
3618	-1
3619	4628175
3620	-1
3621	4630001
3622	4631827
3623	-1
3624	4633652
3625	-1
3626	4635478
3627	-1
3628	4637303
3629	-1
3630	4639129
3631	-1
3632	4640955
3633	4642780
3634	-1
3635	4644606
3636	-1
3637	4646431
3638	-1
3639	4648257
3640	-1
3641	4650083
3642	-1
3643	4651908
3644	4653734
3645	-1
3646	4655559
3647	-1
3648	4657385
3649	-1
3650	4659211
3651	-1
3652	4661036
3653	-1
3654	4662862
3655	4664687
3656	-1
3657	4666513
3658	-1
3659	4668339
3660	-1
3661	4670164
3662	-1
3663	4671990
3664	4673815
3665	-1
3666	4675641
3667	-1
3668	4677467
3669	-1
3670	4679292
3671	-1
3672	4681118
3673	-1
3674	4682943
3675	4684769
3676	-1
3677	4686595
3678	-1
3679	4688420
3680	-1
3681	4690246
3682	-1
3683	4692071
3684	-1
3685	4693897
3686	4695723
3687	-1
3688	4697548
3689	-1
3690	4699374
3691	-1
3692	4701199
3693	-1
3694	4703025
3695	-1
3696	4704851
3697	4706676
3698	-1
3699	4708502
3700	-1
3701	4710327
3702	-1
3703	4712153
3704	-1
3705	4713979
3706	4715804
3707	-1
3708	4717630
3709	-1
3710	4719455
3711	-1
3712	4721281
3713	-1
3714	4723107
3715	-1
3716	4724932
3717	4726758
3718	-1
3719	4728583
3720	-1
3721	4730409
3722	-1
3723	4732235
3724	-1
3725	4734060
3726	-1
3727	4735886
3728	4737711
3729	-1
3730	4739537
3731	-1
3732	4741363
3733	-1
3734	4743188
3735	-1
3736	4745014
3737	-1
3738	4746839
3739	4748665
3740	-1
3741	4750491
3742	-1
3743	4752316
3744	-1
3745	4754142
3746	-1
3747	4755967
3748	4757793
3749	-1
3750	4759619
3751	-1
3752	4761444
3753	-1
3754	4763270
3755	-1
3756	4765095
3757	-1
3758	4766921
3759	4768747
3760	-1
3761	4770572
3762	-1
3763	4772398
3764	-1
3765	4774223
3766	-1
3767	4776049
3768	-1
3769	4777875
3770	4779700
3771	-1
3772	4781526
3773	-1
3774	4783351
3775	-1
3776	4785177
3777	-1
3778	4787003
3779	4788828
3780	-1
3781	4790654
3782	-1
3783	4792479
3784	-1
3785	4794305
3786	-1
3787	4796131
3788	-1
3789	4797956
3790	4799782
3791	-1
3792	4801607
3793	-1
3794	4803433
3795	-1
3796	4805259
3797	-1
3798	4807084
3799	-1
3800	4808910
3801	4810735
3802	-1
3803	4812561
3804	-1
3805	4814387
3806	-1
3807	4816212
3808	-1
3809	4818038
3810	-1
3811	4819863
3812	4821689
3813	-1
3814	4823515
3815	-1
3816	4825340
3817	-1
3818	4827166
3819	-1
3820	4828991
3821	4830817
3822	-1
3823	4832643
3824	-1
3825	4834468
3826	-1
3827	4836294
3828	-1
3829	4838119
3830	-1
3831	4839945
3832	4841771
3833	-1
3834	4843596
3835	-1
3836	4845422
3837	-1
3838	4847247
3839	-1
3840	4849073
3841	-1
3842	4850899
3843	4852724
3844	-1
3845	4854550
3846	-1
3847	4856375
3848	-1
3849	4858201
3850	-1
3851	4860027
3852	-1
3853	4861852
3854	4863678
3855	-1
3856	4865503
3857	-1
3858	4867329
3859	-1
3860	4869155
3861	-1
3862	4870980
3863	4872806
3864	-1
3865	4874631
3866	-1
3867	4876457
3868	-1
3869	4878283
3870	-1
3871	4880108
3872	-1
3873	4881934
3874	4883759
3875	-1
3876	4885585
3877	-1
3878	4887411
3879	-1
3880	4889236
3881	-1
3882	4891062
3883	-1
3884	4892887
3885	4894713
3886	-1
3887	4896539
3888	-1
3889	4898364
3890	-1
3891	4900190
3892	-1
3893	4902015
3894	-1
3895	4903841
3896	4905667
3897	-1
3898	4907492
3899	-1
3900	4909318
3901	-1
3902	4911143
3903	-1
3904	4912969
3905	4914795
3906	-1
3907	4916620
3908	-1
3909	4918446
3910	-1
3911	4920271
3912	-1
3913	4922097
3914	-1
3915	4923923
3916	4925748
3917	-1
3918	4927574
3919	-1
3920	4929399
3921	-1
3922	4931225
3923	-1
3924	4933051
3925	-1
3926	4934876
3927	4936702
3928	-1
3929	4938527
3930	-1
3931	4940353
3932	-1
3933	4942179
3934	-1
3935	4944004
3936	4945830
3937	-1
3938	4947655
3939	-1
3940	4949481
3941	-1
3942	4951307
3943	-1
3944	4953132
3945	-1
3946	4954958
3947	4956783
3948	-1
3949	4958609
3950	-1
3951	4960435
3952	-1
3953	4962260
3954	-1
3955	4964086
3956	-1
3957	4965911
3958	4967737
3959	-1
3960	4969563
3961	-1
3962	4971388
3963	-1
3964	4973214
3965	-1
3966	4975039
3967	-1
3968	4976865
3969	4978691
3970	-1
3971	4980516
3972	-1
3973	4982342
3974	-1
3975	4984167
3976	-1
3977	4985993
3978	4987819
3979	-1
3980	4989644
3981	-1
3982	4991470
3983	-1
3984	4993295
3985	-1
3986	4995121
3987	-1
3988	4996947
3989	4998772
3990	-1
3991	5000598
3992	-1
3993	5002423
3994	-1
3995	5004249
3996	-1
3997	5006075
3998	-1
3999	5007900
4000	5009726
4001	-1
4002	5011551
4003	-1
4004	5013377
4005	-1
4006	5015203
4007	-1
4008	5017028
4009	-1
4010	5018854
4011	5020679
4012	-1
4013	5022505
4014	-1
4015	5024331
4016	-1
4017	5026156
4018	-1
4019	5027982
4020	5029807
4021	-1
4022	5031633
4023	-1
4024	5033459
4025	-1
4026	5035284
4027	-1
4028	5037110
4029	-1
4030	5038935
4031	5040761
4032	-1
4033	5042587
4034	-1
4035	5044412
4036	-1
4037	5046238
4038	-1
4039	5048063
4040	-1
4041	5049889
4042	5051715
4043	-1
4044	5053540
4045	-1
4046	5055366
4047	-1
4048	5057191
4049	-1
4050	5059017
4051	-1
4052	5060843
4053	5062668
4054	-1
4055	5064494
4056	-1
4057	5066319
4058	-1
4059	5068145
4060	-1
4061	5069971
4062	5071796
4063	-1
4064	5073622
4065	-1
4066	5075447
4067	-1
4068	5077273
4069	-1
4070	5079099
4071	-1
4072	5080924
4073	5082750
4074	-1
4075	5084575
4076	-1
4077	5086401
4078	-1
4079	5088227
4080	-1
4081	5090052
4082	-1
4083	5091878
4084	5093703
4085	-1
4086	5095529
4087	-1
4088	5097355
4089	-1
4090	5099180
4091	-1
4092	5101006
4093	5102831
4094	-1
4095	5104657
4096	-1
4097	5106483
4098	-1
4099	5108308
4100	-1
4101	5110134
4102	-1
4103	5111959
4104	5113785
4105	-1
4106	5115611
4107	-1
4108	5117436
4109	-1
4110	5119262
4111	-1
4112	5121087
4113	-1
4114	5122913
4115	5124739
4116	-1
4117	5126564
4118	-1
4119	5128390
4120	-1
4121	5130215
4122	-1
4123	5132041
4124	-1
4125	5133867
4126	5135692
4127	-1
4128	5137518
4129	-1
4130	5139343
4131	-1
4132	5141169
4133	-1
4134	5142995
4135	5144820
4136	-1
4137	5146646
4138	-1
4139	5148471
4140	-1
4141	5150297
4142	-1
4143	5152123
4144	-1
4145	5153948
4146	5155774
4147	-1
4148	5157599
4149	-1
4150	5159425
4151	-1
4152	5161251
4153	-1
4154	5163076
4155	-1
4156	5164902
4157	5166727
4158	-1
4159	5168553
4160	-1
4161	5170379
4162	-1
4163	5172204
4164	-1
4165	5174030
4166	-1
4167	5175855
4168	5177681
4169	-1
4170	5179507
4171	-1
4172	5181332
4173	-1
4174	5183158
4175	-1
4176	5184983
4177	5186809
4178	-1
4179	5188635
4180	-1
4181	5190460
4182	-1
4183	5192286
4184	-1
4185	5194111
4186	-1
4187	5195937
4188	5197763
4189	-1
4190	5199588
4191	-1
4192	5201414
4193	-1
4194	5203239
4195	-1
4196	5205065
4197	-1
4198	5206891
4199	5208716
4200	-1
4201	5210542
4202	-1
4203	5212367
4204	-1
4205	5214193
4206	-1
4207	5216019
4208	-1
4209	5217844
4210	5219670
4211	-1
4212	5221495
4213	-1
4214	5223321
4215	-1
4216	5225147
4217	-1
4218	5226972
4219	5228798
4220	-1
4221	5230623
4222	-1
4223	5232449
4224	-1
4225	5234275
4226	-1
4227	5236100
4228	-1
4229	5237926
4230	5239751
4231	-1
4232	5241577
4233	-1
4234	5243403
4235	-1
4236	5245228
4237	-1
4238	5247054
4239	-1
4240	5248879
4241	5250705
4242	-1
4243	5252531
4244	-1
4245	5254356
4246	-1
4247	5256182
4248	-1
4249	5258007
4250	-1
4251	5259833
4252	5261659
4253	-1
4254	5263484
4255	-1
4256	5265310
4257	-1
4258	5267135
4259	-1
4260	5268961
4261	5270787
4262	-1
4263	5272612
4264	-1
4265	5274438
4266	-1
4267	5276263
4268	-1
4269	5278089
4270	-1
4271	5279915
4272	5281740
4273	-1
4274	5283566
4275	-1
4276	5285391
4277	-1
4278	5287217
4279	-1
4280	5289043
4281	-1
4282	5290868
4283	5292694
4284	-1
4285	5294519
4286	-1
4287	5296345
4288	-1
4289	5298171
4290	-1
4291	5299996
4292	5301822
4293	-1
4294	5303647
4295	-1
4296	5305473
4297	-1
4298	5307299
4299	-1
4300	5309124
4301	-1
4302	5310950
4303	5312775
4304	-1
4305	5314601
4306	-1
4307	5316427
4308	-1
4309	5318252
4310	-1
4311	5320078
4312	-1
4313	5321903
4314	5323729
4315	-1
4316	5325555
4317	-1
4318	5327380
4319	-1
4320	5329206
4321	-1
4322	5331031
4323	-1
4324	5332857
4325	5334683
4326	-1
4327	5336508
4328	-1
4329	5338334
4330	-1
4331	5340159
4332	-1
4333	5341985
4334	5343811
4335	-1
4336	5345636
4337	-1
4338	5347462
4339	-1
4340	5349287
4341	-1
4342	5351113
4343	-1
4344	5352939
4345	5354764
4346	-1
4347	5356590
4348	-1
4349	5358415
4350	-1
4351	5360241
4352	-1
4353	5362067
4354	-1
4355	5363892
4356	5365718
4357	-1
4358	5367543
4359	-1
4360	5369369
4361	-1
4362	5371195
4363	-1
4364	5373020
4365	-1
4366	5374846
4367	5376671
4368	-1
4369	5378497
4370	-1
4371	5380323
4372	-1
4373	5382148
4374	-1
4375	5383974
4376	5385799
4377	-1
4378	5387625
4379	-1
4380	5389451
4381	-1
4382	5391276
4383	-1
4384	5393102
4385	-1
4386	5394927
4387	5396753
4388	-1
4389	5398579
4390	-1
4391	5400404
4392	-1
4393	5402230
4394	-1
4395	5404055
4396	-1
4397	5405881
4398	5407707
4399	-1
4400	5409532
4401	-1
4402	5411358
4403	-1
4404	5413183
4405	-1
4406	5415009
4407	-1
4408	5416835
4409	5418660
4410	-1
4411	5420486
4412	-1
4413	5422311
4414	-1
4415	5424137
4416	-1
4417	5425963
4418	5427788
4419	-1
4420	5429614
4421	-1
4422	5431439
4423	-1
4424	5433265
4425	-1
4426	5435091
4427	-1
4428	5436916
4429	5438742
4430	-1
4431	5440567
4432	-1
4433	5442393
4434	-1
4435	5444219
4436	-1
4437	5446044
4438	-1
4439	5447870
4440	5449695
4441	-1
4442	5451521
4443	-1
4444	5453347
4445	-1
4446	5455172
4447	-1
4448	5456998
4449	5458823
4450	-1
4451	5460649
4452	-1
4453	5462475
4454	-1
4455	5464300
4456	-1
4457	5466126
4458	-1
4459	5467951
4460	5469777
4461	-1
4462	5471603
4463	-1
4464	5473428
4465	-1
4466	5475254
4467	-1
4468	5477079
4469	-1
4470	5478905
4471	5480731
4472	-1
4473	5482556
4474	-1
4475	5484382
4476	-1
4477	5486207
4478	-1
4479	5488033
4480	-1
4481	5489859
4482	5491684
4483	-1
4484	5493510
4485	-1
4486	5495335
4487	-1
4488	5497161
4489	-1
4490	5498987
4491	5500812
4492	-1
4493	5502638
4494	-1
4495	5504463
4496	-1
4497	5506289
4498	-1
4499	5508115
4500	-1
4501	5509940
4502	5511766
4503	-1
4504	5513591
4505	-1
4506	5515417
4507	-1
4508	5517243
4509	-1
4510	5519068
4511	-1
4512	5520894
4513	5522719
4514	-1
4515	5524545
4516	-1
4517	5526371
4518	-1
4519	5528196
4520	-1
4521	5530022
4522	-1
4523	5531847
4524	5533673
4525	-1
4526	5535499
4527	-1
4528	5537324
4529	-1
4530	5539150
4531	-1
4532	5540975
4533	5542801
4534	-1
4535	5544627
4536	-1
4537	5546452
4538	-1
4539	5548278
4540	-1
4541	5550103
4542	-1
4543	5551929
4544	5553755
4545	-1
4546	5555580
4547	-1
4548	5557406
4549	-1
4550	5559231
4551	-1
4552	5561057
4553	-1
4554	5562883
4555	5564708
4556	-1
4557	5566534
4558	-1
4559	5568359
4560	-1
4561	5570185
4562	-1
4563	5572011
4564	-1
4565	5573836
4566	5575662
4567	-1
4568	5577487
4569	-1
4570	5579313
4571	-1
4572	5581139
4573	-1
4574	5582964
4575	5584790
4576	-1
4577	5586615
4578	-1
4579	5588441
4580	-1
4581	5590267
4582	-1
4583	5592092
4584	-1
4585	5593918
4586	5595743
4587	-1
4588	5597569
4589	-1
4590	5599395
4591	-1
4592	5601220
4593	-1
4594	5603046
4595	-1
4596	5604871
4597	5606697
4598	-1
4599	5608523
4600	-1
4601	5610348
4602	-1
4603	5612174
4604	-1
4605	5613999
4606	5615825
4607	-1
4608	5617651
4609	-1
4610	5619476
4611	-1
4612	5621302
4613	-1
4614	5623127
4615	-1
4616	5624953
4617	5626779
4618	-1
4619	5628604
4620	-1
4621	5630430
4622	-1
4623	5632255
4624	-1
4625	5634081
4626	-1
4627	5635907
4628	5637732
4629	-1
4630	5639558
4631	-1
4632	5641383
4633	-1
4634	5643209
4635	-1
4636	5645035
4637	-1
4638	5646860
4639	5648686
4640	-1
4641	5650511
4642	-1
4643	5652337
4644	-1
4645	5654163
4646	-1
4647	5655988
4648	5657814
4649	-1
4650	5659639
4651	-1
4652	5661465
4653	-1
4654	5663291
4655	-1
4656	5665116
4657	-1
4658	5666942
4659	5668767
4660	-1
4661	5670593
4662	-1
4663	5672419
4664	-1
4665	5674244
4666	-1
4667	5676070
4668	-1
4669	5677895
4670	5679721
4671	-1
4672	5681547
4673	-1
4674	5683372
4675	-1
4676	5685198
4677	-1
4678	5687023
4679	-1
4680	5688849
4681	5690675
4682	-1
4683	5692500
4684	-1
4685	5694326
4686	-1
4687	5696151
4688	-1
4689	5697977
4690	5699803
4691	-1
4692	5701628
4693	-1
4694	5703454
4695	-1
4696	5705279
4697	-1
4698	5707105
4699	-1
4700	5708931
4701	5710756
4702	-1
4703	5712582
4704	-1
4705	5714407
4706	-1
4707	5716233
4708	-1
4709	5718059
4710	-1
4711	5719884
4712	5721710
4713	-1
4714	5723535
4715	-1
4716	5725361
4717	-1
4718	5727187
4719	-1
4720	5729012
4721	-1
4722	5730838
4723	5732663
4724	-1
4725	5734489
4726	-1
4727	5736315
4728	-1
4729	5738140
4730	-1
4731	5739966
4732	5741791
4733	-1
4734	5743617
4735	-1
4736	5745443
4737	-1
4738	5747268
4739	-1
4740	5749094
4741	-1
4742	5750919
4743	5752745
4744	-1
4745	5754571
4746	-1
4747	5756396
4748	-1
4749	5758222
4750	-1
4751	5760047
4752	-1
4753	5761873
4754	5763699
4755	-1
4756	5765524
4757	-1
4758	5767350
4759	-1
4760	5769175
4761	-1
4762	5771001
4763	5772827
4764	-1
4765	5774652
4766	-1
4767	5776478
4768	-1
4769	5778303
4770	-1
4771	5780129
4772	-1
4773	5781955
4774	5783780
4775	-1
4776	5785606
4777	-1
4778	5787431
4779	-1
4780	5789257
4781	-1
4782	5791083
4783	-1
4784	5792908
4785	5794734
4786	-1
4787	5796559
4788	-1
4789	5798385
4790	-1
4791	5800211
4792	-1
4793	5802036
4794	-1
4795	5803862
4796	5805687
4797	-1
4798	5807513
4799	-1
4800	5809339
4801	-1
4802	5811164
4803	-1
4804	5812990
4805	5814815
4806	-1
4807	5816641
4808	-1
4809	5818467
4810	-1
4811	5820292
4812	-1
4813	5822118
4814	-1
4815	5823943
4816	5825769
4817	-1
4818	5827595
4819	-1
4820	5829420
4821	-1
4822	5831246
4823	-1
4824	5833071
4825	-1
4826	5834897
4827	5836723
4828	-1
4829	5838548
4830	-1
4831	5840374
4832	-1
4833	5842199
4834	-1
4835	5844025
4836	-1
4837	5845851
4838	5847676
4839	-1
4840	5849502
4841	-1
4842	5851327
4843	-1
4844	5853153
4845	-1
4846	5854979
4847	5856804
4848	-1
4849	5858630
4850	-1
4851	5860455
4852	-1
4853	5862281
4854	-1
4855	5864107
4856	-1
4857	5865932
4858	5867758
4859	-1
4860	5869583
4861	-1
4862	5871409
4863	-1
4864	5873235
4865	-1
4866	5875060
4867	-1
4868	5876886
4869	5878711
4870	-1
4871	5880537
4872	-1
4873	5882363
4874	-1
4875	5884188
4876	-1
4877	5886014
4878	-1
4879	5887839
4880	5889665
4881	-1
4882	5891491
4883	-1
4884	5893316
4885	-1
4886	5895142
4887	-1
4888	5896967
4889	5898793
4890	-1
4891	5900619
4892	-1
4893	5902444
4894	-1
4895	5904270
4896	-1
4897	5906095
4898	-1
4899	5907921
4900	5909747
4901	-1
4902	5911572
4903	-1
4904	5913398
4905	-1
4906	5915223
4907	-1
4908	5917049
4909	-1
4910	5918875
4911	5920700
4912	-1
4913	5922526
4914	-1
4915	5924351
4916	-1
4917	5926177
4918	-1
4919	5928003
4920	5929828
4921	-1
4922	5931654
4923	-1
4924	5933479
4925	-1
4926	5935305
4927	-1
4928	5937131
4929	-1
4930	5938956
4931	5940782
4932	-1
4933	5942607
4934	-1
4935	5944433
4936	-1
4937	5946259
4938	-1
4939	5948084
4940	-1
4941	5949910
4942	5951735
4943	-1
4944	5953561
4945	-1
4946	5955387
4947	-1
4948	5957212
4949	-1
4950	5959038
4951	-1
4952	5960863
4953	5962689
4954	-1
4955	5964515
4956	-1
4957	5966340
4958	-1
4959	5968166
4960	-1
4961	5969991
4962	5971817
4963	-1
4964	5973643
4965	-1
4966	5975468
4967	-1
4968	5977294
4969	-1
4970	5979119
4971	-1
4972	5980945
4973	5982771
4974	-1
4975	5984596
4976	-1
4977	5986422
4978	-1
4979	5988247
4980	-1
4981	5990073
4982	-1
4983	5991899
4984	5993724
4985	-1
4986	5995550
4987	-1
4988	5997375
4989	-1
4990	5999201
4991	-1
4992	6001027
4993	-1
4994	6002852
4995	6004678
4996	-1
4997	6006503
4998	-1
4999	6008329
5000	-1
5001	6010155
5002	-1
5003	6011980
5004	6013806
5005	-1
5006	6015631
5007	-1
5008	6017457
5009	-1
5010	6019283
5011	-1
5012	6021108
5013	-1
5014	6022934
5015	6024759
5016	-1
5017	6026585
5018	-1
5019	6028411
5020	-1
5021	6030236
5022	-1
5023	6032062
5024	-1
5025	6033887
5026	6035713
5027	-1
5028	6037539
5029	-1
5030	6039364
5031	-1
5032	6041190
5033	-1
5034	6043015
5035	-1
5036	6044841
5037	6046667
5038	-1
5039	6048492
5040	-1
5041	6050318
5042	-1
5043	6052143
5044	-1
5045	6053969
5046	6055795
5047	-1
5048	6057620
5049	-1
5050	6059446
5051	-1
5052	6061271
5053	-1
5054	6063097
5055	-1
5056	6064923
5057	6066748
5058	-1
5059	6068574
5060	-1
5061	6070399
5062	-1
5063	6072225
5064	-1
5065	6074051
5066	-1
5067	6075876
5068	6077702
5069	-1
5070	6079527
5071	-1
5072	6081353
5073	-1
5074	6083179
5075	-1
5076	6085004
5077	6086830
5078	-1
5079	6088655
5080	-1
5081	6090481
5082	-1
5083	6092307
5084	-1
5085	6094132
5086	-1
5087	6095958
5088	6097783
5089	-1
5090	6099609
5091	-1
5092	6101435
5093	-1
5094	6103260
5095	-1
5096	6105086
5097	-1
5098	6106911
5099	6108737
5100	-1
5101	6110563
5102	-1
5103	6112388
5104	-1
5105	6114214
5106	-1
5107	6116039
5108	-1
5109	6117865
5110	6119691
5111	-1
5112	6121516
5113	-1
5114	6123342
5115	-1
5116	6125167
5117	-1
5118	6126993
5119	6128819
5120	-1
5121	6130644
5122	-1
5123	6132470
5124	-1
5125	6134295
5126	-1
5127	6136121
5128	-1
5129	6137947
5130	6139772
5131	-1
5132	6141598
5133	-1
5134	6143423
5135	-1
5136	6145249
5137	-1
5138	6147075
5139	-1
5140	6148900
5141	6150726
5142	-1
5143	6152551
5144	-1
5145	6154377
5146	-1
5147	6156203
5148	-1
5149	6158028
5150	-1
5151	6159854
5152	6161679
5153	-1
5154	6163505
5155	-1
5156	6165331
5157	-1
5158	6167156
5159	-1
5160	6168982
5161	6170807
5162	-1
5163	6172633
5164	-1
5165	6174459
5166	-1
5167	6176284
5168	-1
5169	6178110
5170	-1
5171	6179935
5172	6181761
5173	-1
5174	6183587
5175	-1
5176	6185412
5177	-1
5178	6187238
5179	-1
5180	6189063
5181	-1
5182	6190889
5183	6192715
5184	-1
5185	6194540
5186	-1
5187	6196366
5188	-1
5189	6198191
5190	-1
5191	6200017
5192	-1
5193	6201843
5194	6203668
5195	-1
5196	6205494
5197	-1
5198	6207319
5199	-1
5200	6209145
5201	-1
5202	6210971
5203	6212796
5204	-1
5205	6214622
5206	-1
5207	6216447
5208	-1
5209	6218273
5210	-1
5211	6220099
5212	-1
5213	6221924
5214	6223750
5215	-1
5216	6225575
5217	-1
5218	6227401
5219	-1
5220	6229227
5221	-1
5222	6231052
5223	-1
5224	6232878
5225	6234703
5226	-1
5227	6236529
5228	-1
5229	6238355
5230	-1
5231	6240180
5232	-1
5233	6242006
5234	6243831
5235	-1
5236	6245657
5237	-1
5238	6247483
5239	-1
5240	6249308
5241	-1
5242	6251134
5243	-1
5244	6252959
5245	6254785
5246	-1
5247	6256611
5248	-1
5249	6258436
5250	-1
5251	6260262
5252	-1
5253	6262087
5254	-1
5255	6263913
5256	6265739
5257	-1
5258	6267564
5259	-1
5260	6269390
5261	-1
5262	6271215
5263	-1
5264	6273041
5265	-1
5266	6274867
5267	6276692
5268	-1
5269	6278518
5270	-1
5271	6280343
5272	-1
5273	6282169
5274	-1
5275	6283995
5276	6285820
5277	-1
5278	6287646
5279	-1
5280	6289471
5281	-1
5282	6291297
5283	-1
5284	6293123
5285	-1
5286	6294948
5287	6296774
5288	-1
5289	6298599
5290	-1
5291	6300425
5292	-1
5293	6302251
5294	-1
5295	6304076
5296	-1
5297	6305902
5298	6307727
5299	-1
5300	6309553
5301	-1
5302	6311379
5303	-1
5304	6313204
5305	-1
5306	6315030
5307	-1
5308	6316855
5309	6318681
5310	-1
5311	6320507
5312	-1
5313	6322332
5314	-1
5315	6324158
5316	-1
5317	6325983
5318	6327809
5319	-1
5320	6329635
5321	-1
5322	6331460
5323	-1
5324	6333286
5325	-1
5326	6335111
5327	-1
5328	6336937
5329	6338763
5330	-1
5331	6340588
5332	-1
5333	6342414
5334	-1
5335	6344239
5336	-1
5337	6346065
5338	-1
5339	6347891
5340	6349716
5341	-1
5342	6351542
5343	-1
5344	6353367
5345	-1
5346	6355193
5347	-1
5348	6357019
5349	-1
5350	6358844
5351	6360670
5352	-1
5353	6362495
5354	-1
5355	6364321
5356	-1
5357	6366147
5358	-1
5359	6367972
5360	6369798
5361	-1
5362	6371623
5363	-1
5364	6373449
5365	-1
5366	6375275
5367	-1
5368	6377100
5369	-1
5370	6378926
5371	6380751
5372	-1
5373	6382577
5374	-1
5375	6384403
5376	-1
5377	6386228
5378	-1
5379	6388054
5380	-1
5381	6389879
5382	6391705
5383	-1
5384	6393531
5385	-1
5386	6395356
5387	-1
5388	6397182
5389	-1
5390	6399007
5391	-1
5392	6400833
5393	6402659
5394	-1
5395	6404484
5396	-1
5397	6406310
5398	-1
5399	6408135
5400	-1
5401	6409961
5402	6411787
5403	-1
5404	6413612
5405	-1
5406	6415438
5407	-1
5408	6417263
5409	-1
5410	6419089
5411	-1
5412	6420915
5413	6422740
5414	-1
5415	6424566
5416	-1
5417	6426391
5418	-1
5419	6428217
5420	-1
5421	6430043
5422	-1
5423	6431868
5424	6433694
5425	-1
5426	6435519
5427	-1
5428	6437345
5429	-1
5430	6439171
5431	-1
5432	6440996
5433	6442822
5434	-1
5435	6444647
5436	-1
5437	6446473
5438	-1
5439	6448299
5440	-1
5441	6450124
5442	-1
5443	6451950
5444	6453775
5445	-1
5446	6455601
5447	-1
5448	6457427
5449	-1
5450	6459252
5451	-1
5452	6461078
5453	-1
5454	6462903
5455	6464729
5456	-1
5457	6466555
5458	-1
5459	6468380
5460	-1
5461	6470206
5462	-1
5463	6472031
5464	-1
5465	6473857
5466	6475683
5467	-1
5468	6477508
5469	-1
5470	6479334
5471	-1
5472	6481159
5473	-1
5474	6482985
5475	6484811
5476	-1
5477	6486636
5478	-1
5479	6488462
5480	-1
5481	6490287
5482	-1
5483	6492113
5484	-1
5485	6493939
5486	6495764
5487	-1
5488	6497590
5489	-1
5490	6499415
5491	-1
5492	6501241
5493	-1
5494	6503067
5495	-1
5496	6504892
5497	6506718
5498	-1
5499	6508543
5500	-1
5501	6510369
5502	-1
5503	6512195
5504	-1
5505	6514020
5506	-1
5507	6515846
5508	6517671
5509	-1
5510	6519497
5511	-1
5512	6521323
5513	-1
5514	6523148
5515	-1
5516	6524974
5517	6526799
5518	-1
5519	6528625
5520	-1
5521	6530451
5522	-1
5523	6532276
5524	-1
5525	6534102
5526	-1
5527	6535927
5528	6537753
5529	-1
5530	6539579
5531	-1
5532	6541404
5533	-1
5534	6543230
5535	-1
5536	6545055
5537	-1
5538	6546881
5539	6548707
5540	-1
5541	6550532
5542	-1
5543	6552358
5544	-1
5545	6554183
5546	-1
5547	6556009
5548	-1
5549	6557835
5550	6559660
5551	-1
5552	6561486
5553	-1
5554	6563311
5555	-1
5556	6565137
5557	-1
5558	6566963
5559	6568788
5560	-1
5561	6570614
5562	-1
5563	6572439
5564	-1
5565	6574265
5566	-1
5567	6576091
5568	-1
5569	6577916
5570	6579742
5571	-1
5572	6581567
5573	-1
5574	6583393
5575	-1
5576	6585219
5577	-1
5578	6587044
5579	-1
5580	6588870
5581	6590695
5582	-1
5583	6592521
5584	-1
5585	6594347
5586	-1
5587	6596172
5588	-1
5589	6597998
5590	6599823
5591	-1
5592	6601649
5593	-1
5594	6603475
5595	-1
5596	6605300
5597	-1
5598	6607126
5599	-1
5600	6608951
5601	6610777
5602	-1
5603	6612603
5604	-1
5605	6614428
5606	-1
5607	6616254
5608	-1
5609	6618079
5610	-1
5611	6619905
5612	6621731
5613	-1
5614	6623556
5615	-1
5616	6625382
5617	-1
5618	6627207
5619	-1
5620	6629033
5621	-1
5622	6630859
5623	6632684
5624	-1
5625	6634510
5626	-1
5627	6636335
5628	-1
5629	6638161
5630	-1
5631	6639987
5632	6641812
5633	-1
5634	6643638
5635	-1
5636	6645463
5637	-1
5638	6647289
5639	-1
5640	6649115
5641	-1
5642	6650940
5643	6652766
5644	-1
5645	6654591
5646	-1
5647	6656417
5648	-1
5649	6658243
5650	-1
5651	6660068
5652	-1
5653	6661894
5654	6663719
5655	-1
5656	6665545
5657	-1
5658	6667371
5659	-1
5660	6669196
5661	-1
5662	6671022
5663	-1
5664	6672847
5665	6674673
5666	-1
5667	6676499
5668	-1
5669	6678324
5670	-1
5671	6680150
5672	-1
5673	6681975
5674	6683801
5675	-1
5676	6685627
5677	-1
5678	6687452
5679	-1
5680	6689278
5681	-1
5682	6691103
5683	-1
5684	6692929
5685	6694755
5686	-1
5687	6696580
5688	-1
5689	6698406
5690	-1
5691	6700231
5692	-1
5693	6702057
5694	-1
5695	6703883
5696	6705708
5697	-1
5698	6707534
5699	-1
5700	6709359
5701	-1
5702	6711185
5703	-1
5704	6713011
5705	-1
5706	6714836
5707	6716662
5708	-1
5709	6718487
5710	-1
5711	6720313
5712	-1
5713	6722139
5714	-1
5715	6723964
5716	6725790
5717	-1
5718	6727615
5719	-1
5720	6729441
5721	-1
5722	6731267
5723	-1
5724	6733092
5725	-1
5726	6734918
5727	6736743
5728	-1
5729	6738569
5730	-1
5731	6740395
5732	-1
5733	6742220
5734	-1
5735	6744046
5736	-1
5737	6745871
5738	6747697
5739	-1
5740	6749523
5741	-1
5742	6751348
5743	-1
5744	6753174
5745	-1
5746	6754999
5747	6756825
5748	-1
5749	6758651
5750	-1
5751	6760476
5752	-1
5753	6762302
5754	-1
5755	6764127
5756	-1
5757	6765953
5758	6767779
5759	-1
5760	6769604
5761	-1
5762	6771430
5763	-1
5764	6773255
5765	-1
5766	6775081
5767	-1
5768	6776907
5769	6778732
5770	-1
5771	6780558
5772	-1
5773	6782383
5774	-1
5775	6784209
5776	-1
5777	6786035
5778	-1
5779	6787860
5780	6789686
5781	-1
5782	6791511
5783	-1
5784	6793337
5785	-1
5786	6795163
5787	-1
5788	6796988
5789	6798814
5790	-1
5791	6800639
5792	-1
5793	6802465
5794	-1
5795	6804291
5796	-1
5797	6806116
5798	-1
5799	6807942
5800	6809767
5801	-1
5802	6811593
5803	-1
5804	6813419
5805	-1
5806	6815244
5807	-1
5808	6817070
5809	-1
5810	6818895
5811	6820721
5812	-1
5813	6822547
5814	-1
5815	6824372
5816	-1
5817	6826198
5818	-1
5819	6828023
5820	-1
5821	6829849
5822	6831675
5823	-1
5824	6833500
5825	-1
5826	6835326
5827	-1
5828	6837151
5829	-1
5830	6838977
5831	6840803
5832	-1
5833	6842628
5834	-1
5835	6844454
5836	-1
5837	6846279
5838	-1
5839	6848105
5840	-1
5841	6849931
5842	6851756
5843	-1
5844	6853582
5845	-1
5846	6855407
5847	-1
5848	6857233
5849	-1
5850	6859059
5851	-1
5852	6860884
5853	6862710
5854	-1
5855	6864535
5856	-1
5857	6866361
5858	-1
5859	6868187
5860	-1
5861	6870012
5862	-1
5863	6871838
5864	6873663
5865	-1
5866	6875489
5867	-1
5868	6877315
5869	-1
5870	6879140
5871	-1
5872	6880966
5873	6882791
5874	-1
5875	6884617
5876	-1
5877	6886443
5878	-1
5879	6888268
5880	-1
5881	6890094
5882	-1
5883	6891919
5884	6893745
5885	-1
5886	6895571
5887	-1
5888	6897396
5889	-1
5890	6899222
5891	-1
5892	6901047
5893	-1
5894	6902873
5895	6904699
5896	-1
5897	6906524
5898	-1
5899	6908350
5900	-1
5901	6910175
5902	-1
5903	6912001
5904	6913827
5905	-1
5906	6915652
5907	-1
5908	6917478
5909	-1
5910	6919303
5911	-1
5912	6921129
5913	-1
5914	6922955
5915	6924780
5916	-1
5917	6926606
5918	-1
5919	6928431
5920	-1
5921	6930257
5922	-1
5923	6932083
5924	-1
5925	6933908
5926	6935734
5927	-1
5928	6937559
5929	-1
5930	6939385
5931	-1
5932	6941211
5933	-1
5934	6943036
5935	-1
5936	6944862
5937	6946687
5938	-1
5939	6948513
5940	-1
5941	6950339
5942	-1
5943	6952164
5944	-1
5945	6953990
5946	6955815
5947	-1
5948	6957641
5949	-1
5950	6959467
5951	-1
5952	6961292
5953	-1
5954	6963118
5955	-1
5956	6964943
5957	6966769
5958	-1
5959	6968595
5960	-1
5961	6970420
5962	-1
5963	6972246
5964	-1
5965	6974071
5966	-1
5967	6975897
5968	6977723
5969	-1
5970	6979548
5971	-1
5972	6981374
5973	-1
5974	6983199
5975	-1
5976	6985025
5977	-1
5978	6986851
5979	6988676
5980	-1
5981	6990502
5982	-1
5983	6992327
5984	-1
5985	6994153
5986	-1
5987	6995979
5988	6997804
5989	-1
5990	6999630
5991	-1
5992	7001455
5993	-1
5994	7003281
5995	-1
5996	7005107
5997	-1
5998	7006932
5999	7008758
