0	1007199
1	1008213
2	1009228
3	1010242
4	1011256
5	1012270
6	1013284
7	1014299
8	1015313
9	1016327
10	1017341
11	1018356
12	1019370
13	1020384
14	1021398
15	1022412
16	1023427
17	1024441
18	1025455
19	1026469
20	1027484
21	1028498
22	1029512
23	1030526
24	1031540
25	1032555
26	1033569
27	1034583
28	1035597
29	1036612
30	1037626
31	1038640
32	1039654
33	1040668
34	1041683
35	1042697
36	1043711
37	1044725
38	1045740
39	1046754
40	1047768
41	1048782
42	1049796
43	1050811
44	1051825
45	1052839
46	1053853
47	1054868
48	1055882
49	1056896
50	1057910
51	1058924
52	1059939
53	1060953
54	1061967
55	1062981
56	1063996
57	1065010
58	1066024
59	1067038
60	1068052
61	1069067
62	1070081
63	1071095
64	1072109
65	1073124
66	1074138
67	1075152
68	1076166
69	1077180
70	1078195
71	-1
72	1079209
73	1080223
74	1081237
75	1082252
76	1083266
77	1084280
78	1085294
79	1086308
80	1087323
81	1088337
82	1089351
83	1090365
84	1091380
85	1092394
86	1093408
87	1094422
88	1095436
89	1096451
90	1097465
91	1098479
92	1099493
93	1100508
94	1101522
95	1102536
96	1103550
97	1104564
98	1105579
99	1106593
100	1107607
101	1108621
102	1109636
103	1110650
104	1111664
105	1112678
106	1113692
107	1114707
108	1115721
109	1116735
110	1117749
111	1118764
112	1119778
113	1120792
114	1121806
115	1122820
116	1123835
117	1124849
118	1125863
119	1126877
120	1127892
121	1128906
122	1129920
123	1130934
124	1131948
125	1132963
126	1133977
127	1134991
128	1136005
129	1137020
130	1138034
131	1139048
132	1140062
133	1141076
134	1142091
135	1143105
136	1144119
137	1145133
138	1146148
139	1147162
140	1148176
141	1149190
142	1150204
143	-1
144	1151219
145	1152233
146	1153247
147	1154261
148	1155276
149	1156290
150	1157304
151	1158318
152	1159332
153	1160347
154	1161361
155	1162375
156	1163389
157	1164404
158	1165418
159	1166432
160	1167446
161	1168460
162	1169475
163	1170489
164	1171503
165	1172517
166	1173532
167	1174546
168	1175560
169	1176574
170	1177588
171	1178603
172	1179617
173	1180631
174	1181645
175	1182660
176	1183674
177	1184688
178	1185702
179	1186716
180	1187731
181	1188745
182	1189759
183	1190773
184	1191788
185	1192802
186	1193816
187	1194830
188	1195844
189	1196859
190	1197873
191	1198887
192	1199901
193	1200916
194	1201930
195	1202944
196	1203958
197	1204972
198	1205987
199	1207001
200	1208015
201	1209029
202	1210044
203	1211058
204	1212072
205	1213086
206	1214100
207	1215115
208	1216129
209	1217143
210	1218157
211	1219172
212	1220186
213	1221200
214	-1
215	1222214
216	1223228
217	1224243
218	1225257
219	1226271
220	1227285
221	1228300
222	1229314
223	1230328
224	1231342
225	1232356
226	1233371
227	1234385
228	1235399
229	1236413
230	1237428
231	1238442
232	1239456
233	1240470
234	1241484
235	1242499
236	1243513
237	1244527
238	1245541
239	1246556
240	1247570
241	1248584
242	1249598
243	1250612
244	1251627
245	1252641
246	1253655
247	1254669
248	1255684
249	1256698
250	1257712
251	1258726
252	1259740
253	1260755
254	1261769
255	1262783
256	1263797
257	1264812
258	1265826
259	1266840
260	1267854
261	1268868
262	1269883
263	1270897
264	1271911
265	1272925
266	1273940
267	1274954
268	1275968
269	1276982
270	1277996
271	1279011
272	1280025
273	1281039
274	1282053
275	1283068
276	1284082
277	1285096
278	1286110
279	1287124
280	1288139
281	1289153
282	1290167
283	1291181
284	1292196
285	-1
286	1293210
287	1294224
288	1295238
289	1296252
290	1297267
291	1298281
292	1299295
293	1300309
294	1301324
295	1302338
296	1303352
297	1304366
298	1305380
299	1306395
300	1307409
301	1308423
302	1309437
303	1310452
304	1311466
305	1312480
306	1313494
307	1314508
308	1315523
309	1316537
310	1317551
311	1318565
312	1319580
313	1320594
314	1321608
315	1322622
316	1323636
317	1324651
318	1325665
319	1326679
320	1327693
321	1328708
322	1329722
323	1330736
324	1331750
325	1332764
326	1333779
327	1334793
328	1335807
329	1336821
330	1337836
331	1338850
332	1339864
333	1340878
334	1341892
335	1342907
336	1343921
337	1344935
338	1345949
339	1346964
340	1347978
341	1348992
342	1350006
343	1351020
344	1352035
345	1353049
346	1354063
347	1355077
348	1356092
349	1357106
350	1358120
351	1359134
352	1360148
353	1361163
354	1362177
355	1363191
356	1364205
357	-1
358	1365220
359	1366234
360	1367248
361	1368262
362	1369276
363	1370291
364	1371305
365	1372319
366	1373333
367	1374348
368	1375362
369	1376376
370	1377390
371	1378404
372	1379419
373	1380433
374	1381447
375	1382461
376	1383476
377	1384490
378	1385504
379	1386518
380	1387532
381	1388547
382	1389561
383	1390575
384	1391589
385	1392604
386	1393618
387	1394632
388	1395646
389	1396660
390	1397675
391	1398689
392	1399703
393	1400717
394	1401732
395	1402746
396	1403760
397	1404774
398	1405788
399	1406803
400	1407817
401	1408831
402	1409845
403	1410860
404	1411874
405	1412888
406	1413902
407	1414916
408	1415931
409	1416945
410	1417959
411	1418973
412	1419988
413	1421002
414	1422016
415	1423030
416	1424044
417	1425059
418	1426073
419	1427087
420	1428101
421	1429116
422	1430130
423	1431144
424	1432158
425	1433172
426	1434187
427	1435201
428	-1
429	1436215
430	1437229
431	1438244
432	1439258
433	1440272
434	1441286
435	1442300
436	1443315
437	1444329
438	1445343
439	1446357
440	1447372
441	1448386
442	1449400
443	1450414
444	1451428
445	1452443
446	1453457
447	1454471
448	1455485
449	1456500
450	1457514
451	1458528
452	1459542
453	1460556
454	1461571
455	1462585
456	1463599
457	1464613
458	1465628
459	1466642
460	1467656
461	1468670
462	1469684
463	1470699
464	1471713
465	1472727
466	1473741
467	1474756
468	1475770
469	1476784
470	1477798
471	1478812
472	1479827
473	1480841
474	1481855
475	1482869
476	1483884
477	1484898
478	1485912
479	1486926
480	1487940
481	1488955
482	1489969
483	1490983
484	1491997
485	1493012
486	1494026
487	1495040
488	1496054
489	1497068
490	1498083
491	1499097
492	1500111
493	1501125
494	1502139
495	1503154
496	1504168
497	1505182
498	1506196
499	-1
500	1507211
501	1508225
502	1509239
503	1510253
504	1511267
505	1512282
506	1513296
507	1514310
508	1515324
509	1516339
510	1517353
511	1518367
512	1519381
513	1520395
514	1521410
515	1522424
516	1523438
517	1524452
518	1525467
519	1526481
520	1527495
521	1528509
522	1529523
523	1530538
524	1531552
525	1532566
526	1533580
527	1534595
528	1535609
529	1536623
530	1537637
531	1538651
532	1539666
533	1540680
534	1541694
535	1542708
536	1543723
537	1544737
538	1545751
539	1546765
540	1547779
541	1548794
542	1549808
543	1550822
544	1551836
545	1552851
546	1553865
547	1554879
548	1555893
549	1556907
550	1557922
551	1558936
552	1559950
553	1560964
554	1561979
555	1562993
556	1564007
557	1565021
558	1566035
559	1567050
560	1568064
561	1569078
562	1570092
563	1571107
564	1572121
565	1573135
566	1574149
567	1575163
568	1576178
569	1577192
570	1578206
571	-1
572	1579220
573	1580235
574	1581249
575	1582263
576	1583277
577	1584291
578	1585306
579	1586320
580	1587334
581	1588348
582	1589363
583	1590377
584	1591391
585	1592405
586	1593419
587	1594434
588	1595448
589	1596462
590	1597476
591	1598491
592	1599505
593	1600519
594	1601533
595	1602547
596	1603562
597	1604576
598	1605590
599	1606604
600	1607619
601	1608633
602	1609647
603	1610661
604	1611675
605	1612690
606	1613704
607	1614718
608	1615732
609	1616747
610	1617761
611	1618775
612	1619789
613	1620803
614	1621818
615	1622832
616	1623846
617	1624860
618	1625875
619	1626889
620	1627903
621	1628917
622	1629931
623	1630946
624	1631960
625	1632974
626	1633988
627	1635003
628	1636017
629	1637031
630	1638045
631	1639059
632	1640074
633	1641088
634	1642102
635	1643116
636	1644131
637	1645145
638	1646159
639	1647173
640	1648187
641	1649202
642	-1
643	1650216
644	1651230
645	1652244
646	1653259
647	1654273
648	1655287
649	1656301
650	1657315
651	1658330
652	1659344
653	1660358
654	1661372
655	1662387
656	1663401
657	1664415
658	1665429
659	1666443
660	1667458
661	1668472
662	1669486
663	1670500
664	1671515
665	1672529
666	1673543
667	1674557
668	1675571
669	1676586
670	1677600
671	1678614
672	1679628
673	1680643
674	1681657
675	1682671
676	1683685
677	1684699
678	1685714
679	1686728
680	1687742
681	1688756
682	1689771
683	1690785
684	1691799
685	1692813
686	1693827
687	1694842
688	1695856
689	1696870
690	1697884
691	1698899
692	1699913
693	1700927
694	1701941
695	1702955
696	1703970
697	1704984
698	1705998
699	1707012
700	1708027
701	1709041
702	1710055
703	1711069
704	1712083
705	1713098
706	1714112
707	1715126
708	1716140
709	1717155
710	1718169
711	1719183
712	1720197
713	-1
714	1721211
715	1722226
716	1723240
717	1724254
718	1725268
719	1726283
720	1727297
721	1728311
722	1729325
723	1730339
724	1731354
725	1732368
726	1733382
727	1734396
728	1735411
729	1736425
730	1737439
731	1738453
732	1739467
733	1740482
734	1741496
735	1742510
736	1743524
737	1744539
738	1745553
739	1746567
740	1747581
741	1748595
742	1749610
743	1750624
744	1751638
745	1752652
746	1753667
747	1754681
748	1755695
749	1756709
750	1757723
751	1758738
752	1759752
753	1760766
754	1761780
755	1762795
756	1763809
757	1764823
758	1765837
759	1766851
760	1767866
761	1768880
762	1769894
763	1770908
764	1771923
765	1772937
766	1773951
767	1774965
768	1775979
769	1776994
770	1778008
771	1779022
772	1780036
773	1781051
774	1782065
775	1783079
776	1784093
777	1785107
778	1786122
779	1787136
780	1788150
781	1789164
782	1790179
783	1791193
784	1792207
785	-1
786	1793221
787	1794235
788	1795250
789	1796264
790	1797278
791	1798292
792	1799307
793	1800321
794	1801335
795	1802349
796	1803363
797	1804378
798	1805392
799	1806406
800	1807420
801	1808435
802	1809449
803	1810463
804	1811477
805	1812491
806	1813506
807	1814520
808	1815534
809	1816548
810	1817563
811	1818577
812	1819591
813	1820605
814	1821619
815	1822634
816	1823648
817	1824662
818	1825676
819	1826691
820	1827705
821	1828719
822	1829733
823	1830747
824	1831762
825	1832776
826	1833790
827	1834804
828	1835819
829	1836833
830	1837847
831	1838861
832	1839875
833	1840890
834	1841904
835	1842918
836	1843932
837	1844947
838	1845961
839	1846975
840	1847989
841	1849003
842	1850018
843	1851032
844	1852046
845	1853060
846	1854075
847	1855089
848	1856103
849	1857117
850	1858131
851	1859146
852	1860160
853	1861174
854	1862188
855	1863203
856	-1
857	1864217
858	1865231
859	1866245
860	1867259
861	1868274
862	1869288
863	1870302
864	1871316
865	1872331
866	1873345
867	1874359
868	1875373
869	1876387
870	1877402
871	1878416
872	1879430
873	1880444
874	1881459
875	1882473
876	1883487
877	1884501
878	1885515
879	1886530
880	1887544
881	1888558
882	1889572
883	1890587
884	1891601
885	1892615
886	1893629
887	1894643
888	1895658
889	1896672
890	1897686
891	1898700
892	1899715
893	1900729
894	1901743
895	1902757
896	1903771
897	1904786
898	1905800
899	1906814
900	1907828
901	1908843
902	1909857
903	1910871
904	1911885
905	1912899
906	1913914
907	1914928
908	1915942
909	1916956
910	1917971
911	1918985
912	1919999
913	1921013
914	1922027
915	1923042
916	1924056
917	1925070
918	1926084
919	1927099
920	1928113
921	1929127
922	1930141
923	1931155
924	1932170
925	1933184
926	1934198
927	-1
928	1935212
929	1936227
930	1937241
931	1938255
932	1939269
933	1940283
934	1941298
935	1942312
936	1943326
937	1944340
938	1945355
939	1946369
940	1947383
941	1948397
942	1949411
943	1950426
944	1951440
945	1952454
946	1953468
947	1954483
948	1955497
949	1956511
950	1957525
951	1958539
952	1959554
953	1960568
954	1961582
955	1962596
956	1963611
957	1964625
958	1965639
959	1966653
960	1967667
961	1968682
962	1969696
963	1970710
964	1971724
965	1972739
966	1973753
967	1974767
968	1975781
969	1976795
970	1977810
971	1978824
972	1979838
973	1980852
974	1981867
975	1982881
976	1983895
977	1984909
978	1985923
979	1986938
980	1987952
981	1988966
982	1989980
983	1990995
984	1992009
985	1993023
986	1994037
987	1995051
988	1996066
989	1997080
990	1998094
991	1999108
992	2000123
993	2001137
994	2002151
995	2003165
996	2004179
997	2005194
998	2006208
999	-1
1000	2007222
1001	2008236
1002	2009250
1003	2010265
1004	2011279
1005	2012293
1006	2013307
1007	2014322
1008	2015336
1009	2016350
1010	2017364
1011	2018378
1012	2019393
1013	2020407
1014	2021421
1015	2022435
1016	2023450
1017	2024464
1018	2025478
1019	2026492
1020	2027506
1021	2028521
1022	2029535
1023	2030549
1024	2031563
1025	2032578
1026	2033592
1027	2034606
1028	2035620
1029	2036634
1030	2037649
1031	2038663
1032	2039677
1033	2040691
1034	2041706
1035	2042720
1036	2043734
1037	2044748
1038	2045762
1039	2046777
1040	2047791
1041	2048805
1042	2049819
1043	2050834
1044	2051848
1045	2052862
1046	2053876
1047	2054890
1048	2055905
1049	2056919
1050	2057933
1051	2058947
1052	2059962
1053	2060976
1054	2061990
1055	2063004
1056	2064018
1057	2065033
1058	2066047
1059	2067061
1060	2068075
1061	2069090
1062	2070104
1063	2071118
1064	2072132
1065	2073146
1066	2074161
1067	2075175
1068	2076189
1069	2077203
1070	-1
1071	2078218
1072	2079232
1073	2080246
1074	2081260
1075	2082274
1076	2083289
1077	2084303
1078	2085317
1079	2086331
1080	2087346
1081	2088360
1082	2089374
1083	2090388
1084	2091402
1085	2092417
1086	2093431
1087	2094445
1088	2095459
1089	2096474
1090	2097488
1091	2098502
1092	2099516
1093	2100530
1094	2101545
1095	2102559
1096	2103573
1097	2104587
1098	2105602
1099	2106616
1100	2107630
1101	2108644
1102	2109658
1103	2110673
1104	2111687
1105	2112701
1106	2113715
1107	2114730
1108	2115744
1109	2116758
1110	2117772
1111	2118786
1112	2119801
1113	2120815
1114	2121829
1115	2122843
1116	2123858
1117	2124872
1118	2125886
1119	2126900
1120	2127914
1121	2128929
1122	2129943
1123	2130957
1124	2131971
1125	2132986
1126	2134000
1127	2135014
1128	2136028
1129	2137042
1130	2138057
1131	2139071
1132	2140085
1133	2141099
1134	2142114
1135	2143128
1136	2144142
1137	2145156
1138	2146170
1139	2147185
1140	2148199
1141	-1
1142	2149213
1143	2150227
1144	2151242
1145	2152256
1146	2153270
1147	2154284
1148	2155298
1149	2156313
1150	2157327
1151	2158341
1152	2159355
1153	2160370
1154	2161384
1155	2162398
1156	2163412
1157	2164426
1158	2165441
1159	2166455
1160	2167469
1161	2168483
1162	2169498
1163	2170512
1164	2171526
1165	2172540
1166	2173554
1167	2174569
1168	2175583
1169	2176597
1170	2177611
1171	2178626
1172	2179640
1173	2180654
1174	2181668
1175	2182682
1176	2183697
1177	2184711
1178	2185725
1179	2186739
1180	2187754
1181	2188768
1182	2189782
1183	2190796
1184	2191810
1185	2192825
1186	2193839
1187	2194853
1188	2195867
1189	2196882
1190	2197896
1191	2198910
1192	2199924
1193	2200938
1194	2201953
1195	2202967
1196	2203981
1197	2204995
1198	2206010
1199	2207024
1200	2208038
1201	2209052
1202	2210066
1203	2211081
1204	2212095
1205	2213109
1206	2214123
1207	2215138
1208	2216152
1209	2217166
1210	2218180
1211	2219194
1212	2220209
1213	-1
1214	2221223
1215	2222237
1216	2223251
1217	2224266
1218	2225280
1219	2226294
1220	2227308
1221	2228322
1222	2229337
1223	2230351
1224	2231365
1225	2232379
1226	2233394
1227	2234408
1228	2235422
1229	2236436
1230	2237450
1231	2238465
1232	2239479
1233	2240493
1234	2241507
1235	2242522
1236	2243536
1237	2244550
1238	2245564
1239	2246578
1240	2247593
1241	2248607
1242	2249621
1243	2250635
1244	2251650
1245	2252664
1246	2253678
1247	2254692
1248	2255706
1249	2256721
1250	2257735
1251	2258749
1252	2259763
1253	2260778
1254	2261792
1255	2262806
1256	2263820
1257	2264834
1258	2265849
1259	2266863
1260	2267877
1261	2268891
1262	2269906
1263	2270920
1264	2271934
1265	2272948
1266	2273962
1267	2274977
1268	2275991
1269	2277005
1270	2278019
1271	2279034
1272	2280048
1273	2281062
1274	2282076
1275	2283090
1276	2284105
1277	2285119
1278	2286133
1279	2287147
1280	2288162
1281	2289176
1282	2290190
1283	2291204
1284	-1
1285	2292218
1286	2293233
1287	2294247
1288	2295261
1289	2296275
1290	2297290
1291	2298304
1292	2299318
1293	2300332
1294	2301346
1295	2302361
1296	2303375
1297	2304389
1298	2305403
1299	2306418
1300	2307432
1301	2308446
1302	2309460
1303	2310474
1304	2311489
1305	2312503
1306	2313517
1307	2314531
1308	2315546
1309	2316560
1310	2317574
1311	2318588
1312	2319602
1313	2320617
1314	2321631
1315	2322645
1316	2323659
1317	2324674
1318	2325688
1319	2326702
1320	2327716
1321	2328730
1322	2329745
1323	2330759
1324	2331773
1325	2332787
1326	2333802
1327	2334816
1328	2335830
1329	2336844
1330	2337858
1331	2338873
1332	2339887
1333	2340901
1334	2341915
1335	2342930
1336	2343944
1337	2344958
1338	2345972
1339	2346986
1340	2348001
1341	2349015
1342	2350029
1343	2351043
1344	2352058
1345	2353072
1346	2354086
1347	2355100
1348	2356114
1349	2357129
1350	2358143
1351	2359157
1352	2360171
1353	2361186
1354	2362200
1355	-1
1356	2363214
1357	2364228
1358	2365242
1359	2366257
1360	2367271
1361	2368285
1362	2369299
1363	2370314
1364	2371328
1365	2372342
1366	2373356
1367	2374370
1368	2375385
1369	2376399
1370	2377413
1371	2378427
1372	2379442
1373	2380456
1374	2381470
1375	2382484
1376	2383498
1377	2384513
1378	2385527
1379	2386541
1380	2387555
1381	2388570
1382	2389584
1383	2390598
1384	2391612
1385	2392626
1386	2393641
1387	2394655
1388	2395669
1389	2396683
1390	2397698
1391	2398712
1392	2399726
1393	2400740
1394	2401754
1395	2402769
1396	2403783
1397	2404797
1398	2405811
1399	2406826
1400	2407840
1401	2408854
1402	2409868
1403	2410882
1404	2411897
1405	2412911
1406	2413925
1407	2414939
1408	2415954
1409	2416968
1410	2417982
1411	2418996
1412	2420010
1413	2421025
1414	2422039
1415	2423053
1416	2424067
1417	2425082
1418	2426096
1419	2427110
1420	2428124
1421	2429138
1422	2430153
1423	2431167
1424	2432181
1425	2433195
1426	-1
1427	2434210
1428	2435224
1429	2436238
1430	2437252
1431	2438266
1432	2439281
1433	2440295
1434	2441309
1435	2442323
1436	2443338
1437	2444352
1438	2445366
1439	2446380
1440	2447394
1441	2448409
1442	2449423
1443	2450437
1444	2451451
1445	2452466
1446	2453480
1447	2454494
1448	2455508
1449	2456522
1450	2457537
1451	2458551
1452	2459565
1453	2460579
1454	2461594
1455	2462608
1456	2463622
1457	2464636
1458	2465650
1459	2466665
1460	2467679
1461	2468693
1462	2469707
1463	2470722
1464	2471736
1465	2472750
1466	2473764
1467	2474778
1468	2475793
1469	2476807
1470	2477821
1471	2478835
1472	2479850
1473	2480864
1474	2481878
1475	2482892
1476	2483906
1477	2484921
1478	2485935
1479	2486949
1480	2487963
1481	2488978
1482	2489992
1483	2491006
1484	2492020
1485	2493034
1486	2494049
1487	2495063
1488	2496077
1489	2497091
1490	2498106
1491	2499120
1492	2500134
1493	2501148
1494	2502162
1495	2503177
1496	2504191
1497	2505205
1498	-1
1499	2506219
1500	2507234
1501	2508248
1502	2509262
1503	2510276
1504	2511290
1505	2512305
1506	2513319
1507	2514333
1508	2515347
1509	2516361
1510	2517376
1511	2518390
1512	2519404
1513	2520418
1514	2521433
1515	2522447
1516	2523461
1517	2524475
1518	2525489
1519	2526504
1520	2527518
1521	2528532
1522	2529546
1523	2530561
1524	2531575
1525	2532589
1526	2533603
1527	2534617
1528	2535632
1529	2536646
1530	2537660
1531	2538674
1532	2539689
1533	2540703
1534	2541717
1535	2542731
1536	2543745
1537	2544760
1538	2545774
1539	2546788
1540	2547802
1541	2548817
1542	2549831
1543	2550845
1544	2551859
1545	2552873
1546	2553888
1547	2554902
1548	2555916
1549	2556930
1550	2557945
1551	2558959
1552	2559973
1553	2560987
1554	2562001
1555	2563016
1556	2564030
1557	2565044
1558	2566058
1559	2567073
1560	2568087
1561	2569101
1562	2570115
1563	2571129
1564	2572144
1565	2573158
1566	2574172
1567	2575186
1568	2576201
1569	-1
1570	2577215
1571	2578229
1572	2579243
1573	2580257
1574	2581272
1575	2582286
1576	2583300
1577	2584314
1578	2585329
1579	2586343
1580	2587357
1581	2588371
1582	2589385
1583	2590400
1584	2591414
1585	2592428
1586	2593442
1587	2594457
1588	2595471
1589	2596485
1590	2597499
1591	2598513
1592	2599528
1593	2600542
1594	2601556
1595	2602570
1596	2603585
1597	2604599
1598	2605613
1599	2606627
1600	2607641
1601	2608656
1602	2609670
1603	2610684
1604	2611698
1605	2612713
1606	2613727
1607	2614741
1608	2615755
1609	2616769
1610	2617784
1611	2618798
1612	2619812
1613	2620826
1614	2621841
1615	2622855
1616	2623869
1617	2624883
1618	2625897
1619	2626912
1620	2627926
1621	2628940
1622	2629954
1623	2630969
1624	2631983
1625	2632997
1626	2634011
1627	2635025
1628	2636040
1629	2637054
1630	2638068
1631	2639082
1632	2640097
1633	2641111
1634	2642125
1635	2643139
1636	2644153
1637	2645168
1638	2646182
1639	2647196
1640	-1
1641	2648210
1642	2649225
1643	2650239
1644	2651253
1645	2652267
1646	2653281
1647	2654296
1648	2655310
1649	2656324
1650	2657338
1651	2658353
1652	2659367
1653	2660381
1654	2661395
1655	2662409
1656	2663424
1657	2664438
1658	2665452
1659	2666466
1660	2667481
1661	2668495
1662	2669509
1663	2670523
1664	2671537
1665	2672552
1666	2673566
1667	2674580
1668	2675594
1669	2676609
1670	2677623
1671	2678637
1672	2679651
1673	2680665
1674	2681680
1675	2682694
1676	2683708
1677	2684722
1678	2685737
1679	2686751
1680	2687765
1681	2688779
1682	2689793
1683	2690808
1684	2691822
1685	2692836
1686	2693850
1687	2694865
1688	2695879
1689	2696893
1690	2697907
1691	2698921
1692	2699936
1693	2700950
1694	2701964
1695	2702978
1696	2703993
1697	2705007
1698	2706021
1699	2707035
1700	2708049
1701	2709064
1702	2710078
1703	2711092
1704	2712106
1705	2713121
1706	2714135
1707	2715149
1708	2716163
1709	2717177
1710	2718192
1711	2719206
1712	-1
1713	2720220
1714	2721234
1715	2722249
1716	2723263
1717	2724277
1718	2725291
1719	2726305
1720	2727320
1721	2728334
1722	2729348
1723	2730362
1724	2731377
1725	2732391
1726	2733405
1727	2734419
1728	2735433
1729	2736448
1730	2737462
1731	2738476
1732	2739490
1733	2740505
1734	2741519
1735	2742533
1736	2743547
1737	2744561
1738	2745576
1739	2746590
1740	2747604
1741	2748618
1742	2749633
1743	2750647
1744	2751661
1745	2752675
1746	2753689
1747	2754704
1748	2755718
1749	2756732
1750	2757746
1751	2758761
1752	2759775
1753	2760789
1754	2761803
1755	2762817
1756	2763832
1757	2764846
1758	2765860
1759	2766874
1760	2767889
1761	2768903
1762	2769917
1763	2770931
1764	2771945
1765	2772960
1766	2773974
1767	2774988
1768	2776002
1769	2777017
1770	2778031
1771	2779045
1772	2780059
1773	2781073
1774	2782088
1775	2783102
1776	2784116
1777	2785130
1778	2786145
1779	2787159
1780	2788173
1781	2789187
1782	2790201
1783	-1
1784	2791216
1785	2792230
1786	2793244
1787	2794258
1788	2795273
1789	2796287
1790	2797301
1791	2798315
1792	2799329
1793	2800344
1794	2801358
1795	2802372
1796	2803386
1797	2804401
1798	2805415
1799	2806429
1800	2807443
1801	2808457
1802	2809472
1803	2810486
1804	2811500
1805	2812514
1806	2813529
1807	2814543
1808	2815557
1809	2816571
1810	2817585
1811	2818600
1812	2819614
1813	2820628
1814	2821642
1815	2822657
1816	2823671
1817	2824685
1818	2825699
1819	2826713
1820	2827728
1821	2828742
1822	2829756
1823	2830770
1824	2831785
1825	2832799
1826	2833813
1827	2834827
1828	2835841
1829	2836856
1830	2837870
1831	2838884
1832	2839898
1833	2840913
1834	2841927
1835	2842941
1836	2843955
1837	2844969
1838	2845984
1839	2846998
1840	2848012
1841	2849026
1842	2850041
1843	2851055
1844	2852069
1845	2853083
1846	2854097
1847	2855112
1848	2856126
1849	2857140
1850	2858154
1851	2859169
1852	2860183
1853	2861197
1854	-1
1855	2862211
1856	2863225
1857	2864240
1858	2865254
1859	2866268
1860	2867282
1861	2868297
1862	2869311
1863	2870325
1864	2871339
1865	2872353
1866	2873368
1867	2874382
1868	2875396
1869	2876410
1870	2877425
1871	2878439
1872	2879453
1873	2880467
1874	2881481
1875	2882496
1876	2883510
1877	2884524
1878	2885538
1879	2886553
1880	2887567
1881	2888581
1882	2889595
1883	2890609
1884	2891624
1885	2892638
1886	2893652
1887	2894666
1888	2895681
1889	2896695
1890	2897709
1891	2898723
1892	2899737
1893	2900752
1894	2901766
1895	2902780
1896	2903794
1897	2904809
1898	2905823
1899	2906837
1900	2907851
1901	2908865
1902	2909880
1903	2910894
1904	2911908
1905	2912922
1906	2913937
1907	2914951
1908	2915965
1909	2916979
1910	2917993
1911	2919008
1912	2920022
1913	2921036
1914	2922050
1915	2923065
1916	2924079
1917	2925093
1918	2926107
1919	2927121
1920	2928136
1921	2929150
1922	2930164
1923	2931178
1924	2932193
1925	2933207
1926	-1
1927	2934221
1928	2935235
1929	2936249
1930	2937264
1931	2938278
1932	2939292
1933	2940306
1934	2941321
1935	2942335
1936	2943349
1937	2944363
1938	2945377
1939	2946392
1940	2947406
1941	2948420
1942	2949434
1943	2950449
1944	2951463
1945	2952477
1946	2953491
1947	2954505
1948	2955520
1949	2956534
1950	2957548
1951	2958562
1952	2959577
1953	2960591
1954	2961605
1955	2962619
1956	2963633
1957	2964648
1958	2965662
1959	2966676
1960	2967690
1961	2968705
1962	2969719
1963	2970733
1964	2971747
1965	2972761
1966	2973776
1967	2974790
1968	2975804
1969	2976818
1970	2977833
1971	2978847
1972	2979861
1973	2980875
1974	2981889
1975	2982904
1976	2983918
1977	2984932
1978	2985946
1979	2986961
1980	2987975
1981	2988989
1982	2990003
1983	2991017
1984	2992032
1985	2993046
1986	2994060
1987	2995074
1988	2996089
1989	2997103
1990	2998117
1991	2999131
1992	3000145
1993	3001160
1994	3002174
1995	3003188
1996	3004202
1997	-1
1998	3005217
1999	3006231
2000	3007245
2001	3008259
2002	3009273
2003	3010288
2004	3011302
2005	3012316
2006	3013330
2007	3014345
2008	3015359
2009	3016373
2010	3017387
2011	3018401
2012	3019416
2013	3020430
2014	3021444
2015	3022458
2016	3023472
2017	3024487
2018	3025501
2019	3026515
2020	3027529
2021	3028544
2022	3029558
2023	3030572
2024	3031586
2025	3032600
2026	3033615
2027	3034629
2028	3035643
2029	3036657
2030	3037672
2031	3038686
2032	3039700
2033	3040714
2034	3041728
2035	3042743
2036	3043757
2037	3044771
2038	3045785
2039	3046800
2040	3047814
2041	3048828
2042	3049842
2043	3050856
2044	3051871
2045	3052885
2046	3053899
2047	3054913
2048	3055928
2049	3056942
2050	3057956
2051	3058970
2052	3059984
2053	3060999
2054	3062013
2055	3063027
2056	3064041
2057	3065056
2058	3066070
2059	3067084
2060	3068098
2061	3069112
2062	3070127
2063	3071141
2064	3072155
2065	3073169
2066	3074184
2067	3075198
2068	-1
2069	3076212
2070	3077226
2071	3078240
2072	3079255
2073	3080269
2074	3081283
2075	3082297
2076	3083312
2077	3084326
2078	3085340
2079	3086354
2080	3087368
2081	3088383
2082	3089397
2083	3090411
2084	3091425
2085	3092440
2086	3093454
2087	3094468
2088	3095482
2089	3096496
2090	3097511
2091	3098525
2092	3099539
2093	3100553
2094	3101568
2095	3102582
2096	3103596
2097	3104610
2098	3105624
2099	3106639
2100	3107653
2101	3108667
2102	3109681
2103	3110696
2104	3111710
2105	3112724
2106	3113738
2107	3114752
2108	3115767
2109	3116781
2110	3117795
2111	3118809
2112	3119824
2113	3120838
2114	3121852
2115	3122866
2116	3123880
2117	3124895
2118	3125909
2119	3126923
2120	3127937
2121	3128952
2122	3129966
2123	3130980
2124	3131994
2125	3133008
2126	3134023
2127	3135037
2128	3136051
2129	3137065
2130	3138080
2131	3139094
2132	3140108
2133	3141122
2134	3142136
2135	3143151
2136	3144165
2137	3145179
2138	3146193
2139	3147208
2140	-1
2141	3148222
2142	3149236
2143	3150250
2144	3151264
2145	3152279
2146	3153293
2147	3154307
2148	3155321
2149	3156336
2150	3157350
2151	3158364
2152	3159378
2153	3160392
2154	3161407
2155	3162421
2156	3163435
2157	3164449
2158	3165464
2159	3166478
2160	3167492
2161	3168506
2162	3169520
2163	3170535
2164	3171549
2165	3172563
2166	3173577
2167	3174592
2168	3175606
2169	3176620
2170	3177634
2171	3178648
2172	3179663
2173	3180677
2174	3181691
2175	3182705
2176	3183720
2177	3184734
2178	3185748
2179	3186762
2180	3187776
2181	3188791
2182	3189805
2183	3190819
2184	3191833
2185	3192848
2186	3193862
2187	3194876
2188	3195890
2189	3196904
2190	3197919
2191	3198933
2192	3199947
2193	3200961
2194	3201976
2195	3202990
2196	3204004
2197	3205018
2198	3206032
2199	3207047
2200	3208061
2201	3209075
2202	3210089
2203	3211104
2204	3212118
2205	3213132
2206	3214146
2207	3215160
2208	3216175
2209	3217189
2210	3218203
2211	-1
2212	3219217
2213	3220232
2214	3221246
2215	3222260
2216	3223274
2217	3224288
2218	3225303
2219	3226317
2220	3227331
2221	3228345
2222	3229360
2223	3230374
2224	3231388
2225	3232402
2226	3233416
2227	3234431
2228	3235445
2229	3236459
2230	3237473
2231	3238488
2232	3239502
2233	3240516
2234	3241530
2235	3242544
2236	3243559
2237	3244573
2238	3245587
2239	3246601
2240	3247616
2241	3248630
2242	3249644
2243	3250658
2244	3251672
2245	3252687
2246	3253701
2247	3254715
2248	3255729
2249	3256744
2250	3257758
2251	3258772
2252	3259786
2253	3260800
2254	3261815
2255	3262829
2256	3263843
2257	3264857
2258	3265872
2259	3266886
2260	3267900
2261	3268914
2262	3269928
2263	3270943
2264	3271957
2265	3272971
2266	3273985
2267	3275000
2268	3276014
2269	3277028
2270	3278042
2271	3279056
2272	3280071
2273	3281085
2274	3282099
2275	3283113
2276	3284128
2277	3285142
2278	3286156
2279	3287170
2280	3288184
2281	3289199
2282	-1
2283	3290213
2284	3291227
2285	3292241
2286	3293256
2287	3294270
2288	3295284
2289	3296298
2290	3297312
2291	3298327
2292	3299341
2293	3300355
2294	3301369
2295	3302384
2296	3303398
2297	3304412
2298	3305426
2299	3306440
2300	3307455
2301	3308469
2302	3309483
2303	3310497
2304	3311512
2305	3312526
2306	3313540
2307	3314554
2308	3315568
2309	3316583
2310	3317597
2311	3318611
2312	3319625
2313	3320640
2314	3321654
2315	3322668
2316	3323682
2317	3324696
2318	3325711
2319	3326725
2320	3327739
2321	3328753
2322	3329768
2323	3330782
2324	3331796
2325	3332810
2326	3333824
2327	3334839
2328	3335853
2329	3336867
2330	3337881
2331	3338896
2332	3339910
2333	3340924
2334	3341938
2335	3342952
2336	3343967
2337	3344981
2338	3345995
2339	3347009
2340	3348024
2341	3349038
2342	3350052
2343	3351066
2344	3352080
2345	3353095
2346	3354109
2347	3355123
2348	3356137
2349	3357152
2350	3358166
2351	3359180
2352	3360194
2353	3361208
2354	-1
2355	3362223
2356	3363237
2357	3364251
2358	3365265
2359	3366280
2360	3367294
2361	3368308
2362	3369322
2363	3370336
2364	3371351
2365	3372365
2366	3373379
2367	3374393
2368	3375408
2369	3376422
2370	3377436
2371	3378450
2372	3379464
2373	3380479
2374	3381493
2375	3382507
2376	3383521
2377	3384536
2378	3385550
2379	3386564
2380	3387578
2381	3388592
2382	3389607
2383	3390621
2384	3391635
2385	3392649
2386	3393664
2387	3394678
2388	3395692
2389	3396706
2390	3397720
2391	3398735
2392	3399749
2393	3400763
2394	3401777
2395	3402792
2396	3403806
2397	3404820
2398	3405834
2399	3406848
2400	3407863
2401	3408877
2402	3409891
2403	3410905
2404	3411920
2405	3412934
2406	3413948
2407	3414962
2408	3415976
2409	3416991
2410	3418005
2411	3419019
2412	3420033
2413	3421048
2414	3422062
2415	3423076
2416	3424090
2417	3425104
2418	3426119
2419	3427133
2420	3428147
2421	3429161
2422	3430176
2423	3431190
2424	3432204
2425	-1
2426	3433218
2427	3434232
2428	3435247
2429	3436261
2430	3437275
2431	3438289
2432	3439304
2433	3440318
2434	3441332
2435	3442346
2436	3443360
2437	3444375
2438	3445389
2439	3446403
2440	3447417
2441	3448432
2442	3449446
2443	3450460
2444	3451474
2445	3452488
2446	3453503
2447	3454517
2448	3455531
2449	3456545
2450	3457560
2451	3458574
2452	3459588
2453	3460602
2454	3461616
2455	3462631
2456	3463645
2457	3464659
2458	3465673
2459	3466688
2460	3467702
2461	3468716
2462	3469730
2463	3470744
2464	3471759
2465	3472773
2466	3473787
2467	3474801
2468	3475816
2469	3476830
2470	3477844
2471	3478858
2472	3479872
2473	3480887
2474	3481901
2475	3482915
2476	3483929
2477	3484944
2478	3485958
2479	3486972
2480	3487986
2481	3489000
2482	3490015
2483	3491029
2484	3492043
2485	3493057
2486	3494072
2487	3495086
2488	3496100
2489	3497114
2490	3498128
2491	3499143
2492	3500157
2493	3501171
2494	3502185
2495	3503200
2496	-1
2497	3504214
2498	3505228
2499	3506242
2500	3507256
2501	3508271
2502	3509285
2503	3510299
2504	3511313
2505	3512328
2506	3513342
2507	3514356
2508	3515370
2509	3516384
2510	3517399
2511	3518413
2512	3519427
2513	3520441
2514	3521456
2515	3522470
2516	3523484
2517	3524498
2518	3525512
2519	3526527
2520	3527541
2521	3528555
2522	3529569
2523	3530583
2524	3531598
2525	3532612
2526	3533626
2527	3534640
2528	3535655
2529	3536669
2530	3537683
2531	3538697
2532	3539711
2533	3540726
2534	3541740
2535	3542754
2536	3543768
2537	3544783
2538	3545797
2539	3546811
2540	3547825
2541	3548839
2542	3549854
2543	3550868
2544	3551882
2545	3552896
2546	3553911
2547	3554925
2548	3555939
2549	3556953
2550	3557967
2551	3558982
2552	3559996
2553	3561010
2554	3562024
2555	3563039
2556	3564053
2557	3565067
2558	3566081
2559	3567095
2560	3568110
2561	3569124
2562	3570138
2563	3571152
2564	3572167
2565	3573181
2566	3574195
2567	-1
2568	3575209
2569	3576223
2570	3577238
2571	3578252
2572	3579266
2573	3580280
2574	3581295
2575	3582309
2576	3583323
2577	3584337
2578	3585351
2579	3586366
2580	3587380
2581	3588394
2582	3589408
2583	3590423
2584	3591437
2585	3592451
2586	3593465
2587	3594479
2588	3595494
2589	3596508
2590	3597522
2591	3598536
2592	3599551
2593	3600565
2594	3601579
2595	3602593
2596	3603607
2597	3604622
2598	3605636
2599	3606650
2600	3607664
2601	3608679
2602	3609693
2603	3610707
2604	3611721
2605	3612735
2606	3613750
2607	3614764
2608	3615778
2609	3616792
2610	3617807
2611	3618821
2612	3619835
2613	3620849
2614	3621863
2615	3622878
2616	3623892
2617	3624906
2618	3625920
2619	3626935
2620	3627949
2621	3628963
2622	3629977
2623	3630991
2624	3632006
2625	3633020
2626	3634034
2627	3635048
2628	3636063
2629	3637077
2630	3638091
2631	3639105
2632	3640119
2633	3641134
2634	3642148
2635	3643162
2636	3644176
2637	3645191
2638	3646205
2639	-1
2640	3647219
2641	3648233
2642	3649247
2643	3650262
2644	3651276
2645	3652290
2646	3653304
2647	3654319
2648	3655333
2649	3656347
2650	3657361
2651	3658375
2652	3659390
2653	3660404
2654	3661418
2655	3662432
2656	3663447
2657	3664461
2658	3665475
2659	3666489
2660	3667503
2661	3668518
2662	3669532
2663	3670546
2664	3671560
2665	3672575
2666	3673589
2667	3674603
2668	3675617
2669	3676631
2670	3677646
2671	3678660
2672	3679674
2673	3680688
2674	3681703
2675	3682717
2676	3683731
2677	3684745
2678	3685759
2679	3686774
2680	3687788
2681	3688802
2682	3689816
2683	3690831
2684	3691845
2685	3692859
2686	3693873
2687	3694887
2688	3695902
2689	3696916
2690	3697930
2691	3698944
2692	3699959
2693	3700973
2694	3701987
2695	3703001
2696	3704015
2697	3705030
2698	3706044
2699	3707058
2700	3708072
2701	3709087
2702	3710101
2703	3711115
2704	3712129
2705	3713143
2706	3714158
2707	3715172
2708	3716186
2709	3717200
2710	-1
2711	3718215
2712	3719229
2713	3720243
2714	3721257
2715	3722271
2716	3723286
2717	3724300
2718	3725314
2719	3726328
2720	3727343
2721	3728357
2722	3729371
2723	3730385
2724	3731399
2725	3732414
2726	3733428
2727	3734442
2728	3735456
2729	3736471
2730	3737485
2731	3738499
2732	3739513
2733	3740527
2734	3741542
2735	3742556
2736	3743570
2737	3744584
2738	3745599
2739	3746613
2740	3747627
2741	3748641
2742	3749655
2743	3750670
2744	3751684
2745	3752698
2746	3753712
2747	3754727
2748	3755741
2749	3756755
2750	3757769
2751	3758783
2752	3759798
2753	3760812
2754	3761826
2755	3762840
2756	3763855
2757	3764869
2758	3765883
2759	3766897
2760	3767911
2761	3768926
2762	3769940
2763	3770954
2764	3771968
2765	3772983
2766	3773997
2767	3775011
2768	3776025
2769	3777039
2770	3778054
2771	3779068
2772	3780082
2773	3781096
2774	3782111
2775	3783125
2776	3784139
2777	3785153
2778	3786167
2779	3787182
2780	3788196
2781	-1
2782	3789210
2783	3790224
2784	3791239
2785	3792253
2786	3793267
2787	3794281
2788	3795295
2789	3796310
2790	3797324
2791	3798338
2792	3799352
2793	3800367
2794	3801381
2795	3802395
2796	3803409
2797	3804423
2798	3805438
2799	3806452
2800	-1
2801	3808195
2802	3809209
2803	3810223
2804	3811237
2805	3812251
2806	3813266
2807	3814280
2808	3815294
2809	3816308
2810	3817323
2811	3818337
2812	3819351
2813	3820365
2814	3821379
2815	3822394
2816	3823408
2817	3824422
2818	3825436
2819	3826451
2820	3827465
2821	3828479
2822	3829493
2823	3830507
2824	3831522
2825	3832536
2826	3833550
2827	3834564
2828	3835579
2829	3836593
2830	3837607
2831	3838621
2832	3839635
2833	3840650
2834	3841664
2835	3842678
2836	3843692
2837	3844707
2838	3845721
2839	3846735
2840	3847749
2841	3848763
2842	3849778
2843	3850792
2844	3851806
2845	3852820
2846	3853835
2847	3854849
2848	3855863
2849	3856877
2850	3857891
2851	3858906
2852	3859920
2853	3860934
2854	3861948
2855	3862963
2856	3863977
2857	3864991
2858	3866005
2859	3867019
2860	3868034
2861	3869048
2862	3870062
2863	3871076
2864	3872091
2865	3873105
2866	3874119
2867	3875133
2868	3876147
2869	3877162
2870	3878176
2871	3879190
2872	3880204
2873	-1
2874	3881219
2875	3882233
2876	3883247
2877	3884261
2878	3885275
2879	3886290
2880	3887304
2881	3888318
2882	3889332
2883	3890347
2884	3891361
2885	3892375
2886	3893389
2887	3894403
2888	3895418
2889	3896432
2890	3897446
2891	3898460
2892	3899475
2893	3900489
2894	3901503
2895	3902517
2896	3903531
2897	3904546
2898	3905560
2899	3906574
2900	3907588
2901	3908603
2902	3909617
2903	3910631
2904	3911645
2905	3912659
2906	3913674
2907	3914688
2908	3915702
2909	3916716
2910	3917730
2911	3918745
2912	3919759
2913	3920773
2914	3921787
2915	3922802
2916	3923816
2917	3924830
2918	3925844
2919	3926858
2920	3927873
2921	3928887
2922	3929901
2923	3930915
2924	3931930
2925	3932944
2926	3933958
2927	3934972
2928	3935986
2929	3937001
2930	3938015
2931	3939029
2932	3940043
2933	3941058
2934	3942072
2935	3943086
2936	3944100
2937	3945114
2938	3946129
2939	3947143
2940	3948157
2941	3949171
2942	3950186
2943	3951200
2944	-1
2945	3952214
2946	3953228
2947	3954242
2948	3955257
2949	3956271
2950	3957285
2951	3958299
2952	3959314
2953	3960328
2954	3961342
2955	3962356
2956	3963370
2957	3964385
2958	3965399
2959	3966413
2960	3967427
2961	3968442
2962	3969456
2963	3970470
2964	3971484
2965	3972498
2966	3973513
2967	3974527
2968	3975541
2969	3976555
2970	3977570
2971	3978584
2972	3979598
2973	3980612
2974	3981626
2975	3982641
2976	3983655
2977	3984669
2978	3985683
2979	3986698
2980	3987712
2981	3988726
2982	3989740
2983	3990754
2984	3991769
2985	3992783
2986	3993797
2987	3994811
2988	3995826
2989	3996840
2990	3997854
2991	3998868
2992	3999882
2993	4000897
2994	4001911
2995	4002925
2996	4003939
2997	4004954
2998	4005968
2999	4006982
3000	4007996
3001	4009010
3002	4010025
3003	4011039
3004	4012053
3005	4013067
3006	4014082
3007	4015096
3008	4016110
3009	4017124
3010	4018138
3011	4019153
3012	4020167
3013	4021181
3014	4022195
3015	-1
3016	4023210
3017	4024224
3018	4025238
3019	4026252
3020	4027266
3021	4028281
3022	4029295
3023	4030309
3024	4031323
3025	4032338
3026	4033352
3027	4034366
3028	4035380
3029	4036394
3030	4037409
3031	4038423
3032	4039437
3033	4040451
3034	4041466
3035	4042480
3036	4043494
3037	4044508
3038	4045522
3039	4046537
3040	4047551
3041	4048565
3042	4049579
3043	4050594
3044	4051608
3045	4052622
3046	4053636
3047	4054650
3048	4055665
3049	4056679
3050	4057693
3051	4058707
3052	4059722
3053	4060736
3054	4061750
3055	4062764
3056	4063778
3057	4064793
3058	4065807
3059	4066821
3060	4067835
3061	4068850
3062	4069864
3063	4070878
3064	4071892
3065	4072906
3066	4073921
3067	4074935
3068	4075949
3069	4076963
3070	4077978
3071	4078992
3072	4080006
3073	4081020
3074	4082034
3075	4083049
3076	4084063
3077	4085077
3078	4086091
3079	4087106
3080	4088120
3081	4089134
3082	4090148
3083	4091162
3084	4092177
3085	4093191
3086	4094205
3087	-1
3088	4095219
3089	4096234
3090	4097248
3091	4098262
3092	4099276
3093	4100290
3094	4101305
3095	4102319
3096	4103333
3097	4104347
3098	4105362
3099	4106376
3100	4107390
3101	4108404
3102	4109418
3103	4110433
3104	4111447
3105	4112461
3106	4113475
3107	4114490
3108	4115504
3109	4116518
3110	4117532
3111	4118546
3112	4119561
3113	4120575
3114	4121589
3115	4122603
3116	4123618
3117	4124632
3118	4125646
3119	4126660
3120	4127674
3121	4128689
3122	4129703
3123	4130717
3124	4131731
3125	4132746
3126	4133760
3127	4134774
3128	4135788
3129	4136802
3130	4137817
3131	4138831
3132	4139845
3133	4140859
3134	4141874
3135	4142888
3136	4143902
3137	4144916
3138	4145930
3139	4146945
3140	4147959
3141	4148973
3142	4149987
3143	4151002
3144	4152016
3145	4153030
3146	4154044
3147	4155058
3148	4156073
3149	4157087
3150	4158101
3151	4159115
3152	4160130
3153	4161144
3154	4162158
3155	4163172
3156	4164186
3157	4165201
3158	-1
3159	4166215
3160	4167229
3161	4168243
3162	4169258
3163	4170272
3164	4171286
3165	4172300
3166	4173314
3167	4174329
3168	4175343
3169	4176357
3170	4177371
3171	4178386
3172	4179400
3173	4180414
3174	4181428
3175	4182442
3176	4183457
3177	4184471
3178	4185485
3179	4186499
3180	4187514
3181	4188528
3182	4189542
3183	4190556
3184	4191570
3185	4192585
3186	4193599
3187	4194613
3188	4195627
3189	4196642
3190	4197656
3191	4198670
3192	4199684
3193	4200698
3194	4201713
3195	4202727
3196	4203741
3197	4204755
3198	4205770
3199	4206784
3200	4207798
3201	4208812
3202	4209826
3203	4210841
3204	4211855
3205	4212869
3206	4213883
3207	4214898
3208	4215912
3209	4216926
3210	4217940
3211	4218954
3212	4219969
3213	4220983
3214	4221997
3215	4223011
3216	4224026
3217	4225040
3218	4226054
3219	4227068
3220	4228082
3221	4229097
3222	4230111
3223	4231125
3224	4232139
3225	4233154
3226	4234168
3227	4235182
3228	4236196
3229	-1
3230	4237210
3231	4238225
3232	4239239
3233	4240253
3234	4241267
3235	4242282
3236	4243296
3237	4244310
3238	4245324
3239	4246338
3240	4247353
3241	4248367
3242	4249381
3243	4250395
3244	4251410
3245	4252424
3246	4253438
3247	4254452
3248	4255466
3249	4256481
3250	4257495
3251	4258509
3252	4259523
3253	4260538
3254	4261552
3255	4262566
3256	4263580
3257	4264594
3258	4265609
3259	4266623
3260	4267637
3261	4268651
3262	4269666
3263	4270680
3264	4271694
3265	4272708
3266	4273722
3267	4274737
3268	4275751
3269	4276765
3270	4277779
3271	4278794
3272	4279808
3273	4280822
3274	4281836
3275	4282850
3276	4283865
3277	4284879
3278	4285893
3279	4286907
3280	4287922
3281	4288936
3282	4289950
3283	4290964
3284	4291978
3285	4292993
3286	4294007
3287	4295021
3288	4296035
3289	4297050
3290	4298064
3291	4299078
3292	4300092
3293	4301106
3294	4302121
3295	4303135
3296	4304149
3297	4305163
3298	4306178
3299	4307192
3300	4308206
3301	-1
3302	4309220
3303	4310234
3304	4311249
3305	4312263
3306	4313277
3307	4314291
3308	4315306
3309	4316320
3310	4317334
3311	4318348
3312	4319362
3313	4320377
3314	4321391
3315	4322405
3316	4323419
3317	4324434
3318	4325448
3319	4326462
3320	4327476
3321	4328490
3322	4329505
3323	4330519
3324	4331533
3325	4332547
3326	4333562
3327	4334576
3328	4335590
3329	4336604
3330	4337618
3331	4338633
3332	4339647
3333	4340661
3334	4341675
3335	4342690
3336	4343704
3337	4344718
3338	4345732
3339	4346746
3340	4347761
3341	4348775
3342	4349789
3343	4350803
3344	4351818
3345	4352832
3346	4353846
3347	4354860
3348	4355874
3349	4356889
3350	4357903
3351	4358917
3352	4359931
3353	4360946
3354	4361960
3355	4362974
3356	4363988
3357	4365002
3358	4366017
3359	4367031
3360	4368045
3361	4369059
3362	4370074
3363	4371088
3364	4372102
3365	4373116
3366	4374130
3367	4375145
3368	4376159
3369	4377173
3370	4378187
3371	4379202
3372	-1
3373	4380216
3374	4381230
3375	4382244
3376	4383258
3377	4384273
3378	4385287
3379	4386301
3380	4387315
3381	4388330
3382	4389344
3383	4390358
3384	4391372
3385	4392386
3386	4393401
3387	4394415
3388	4395429
3389	4396443
3390	4397458
3391	4398472
3392	4399486
3393	4400500
3394	4401514
3395	4402529
3396	4403543
3397	4404557
3398	4405571
3399	4406586
3400	4407600
3401	4408614
3402	4409628
3403	4410642
3404	4411657
3405	4412671
3406	4413685
3407	4414699
3408	4415714
3409	4416728
3410	4417742
3411	4418756
3412	4419770
3413	4420785
3414	4421799
3415	4422813
3416	4423827
3417	4424841
3418	4425856
3419	4426870
3420	4427884
3421	4428898
3422	4429913
3423	4430927
3424	4431941
3425	4432955
3426	4433969
3427	4434984
3428	4435998
3429	4437012
3430	4438026
3431	4439041
3432	4440055
3433	4441069
3434	4442083
3435	4443097
3436	4444112
3437	4445126
3438	4446140
3439	4447154
3440	4448169
3441	4449183
3442	4450197
3443	-1
3444	4451211
3445	4452225
3446	4453240
3447	4454254
3448	4455268
3449	4456282
3450	4457297
3451	4458311
3452	4459325
3453	4460339
3454	4461353
3455	4462368
3456	4463382
3457	4464396
3458	4465410
3459	4466425
3460	4467439
3461	4468453
3462	4469467
3463	4470481
3464	4471496
3465	4472510
3466	4473524
3467	4474538
3468	4475553
3469	4476567
3470	4477581
3471	4478595
3472	4479609
3473	4480624
3474	4481638
3475	4482652
3476	4483666
3477	4484681
3478	4485695
3479	4486709
3480	4487723
3481	4488737
3482	4489752
3483	4490766
3484	4491780
3485	4492794
3486	4493809
3487	4494823
3488	4495837
3489	4496851
3490	4497865
3491	4498880
3492	4499894
3493	4500908
3494	4501922
3495	4502937
3496	4503951
3497	4504965
3498	4505979
3499	4506993
3500	4508008
3501	4509022
3502	4510036
3503	4511050
3504	4512065
3505	4513079
3506	4514093
3507	4515107
3508	4516121
3509	4517136
3510	4518150
3511	4519164
3512	4520178
3513	4521193
3514	4522207
3515	-1
3516	4523221
3517	4524235
3518	4525249
3519	4526264
3520	4527278
3521	4528292
3522	4529306
3523	4530321
3524	4531335
3525	4532349
3526	4533363
3527	4534377
3528	4535392
3529	4536406
3530	4537420
3531	4538434
3532	4539449
3533	4540463
3534	4541477
3535	4542491
3536	4543505
3537	4544520
3538	4545534
3539	4546548
3540	4547562
3541	4548577
3542	4549591
3543	4550605
3544	4551619
3545	4552633
3546	4553648
3547	4554662
3548	4555676
3549	4556690
3550	4557705
3551	4558719
3552	4559733
3553	4560747
3554	4561761
3555	4562776
3556	4563790
3557	4564804
3558	4565818
3559	4566833
3560	4567847
3561	4568861
3562	4569875
3563	4570889
3564	4571904
3565	4572918
3566	4573932
3567	4574946
3568	4575961
3569	4576975
3570	4577989
3571	4579003
3572	4580017
3573	4581032
3574	4582046
3575	4583060
3576	4584074
3577	4585089
3578	4586103
3579	4587117
3580	4588131
3581	4589145
3582	4590160
3583	4591174
3584	4592188
3585	4593202
3586	-1
3587	4594217
3588	4595231
3589	4596245
3590	4597259
3591	4598273
3592	4599288
3593	4600302
3594	4601316
3595	4602330
3596	4603345
3597	4604359
3598	4605373
3599	4606387
3600	4607401
3601	4608416
3602	4609430
3603	4610444
3604	4611458
3605	4612473
3606	4613487
3607	4614501
3608	4615515
3609	4616529
3610	4617544
3611	4618558
3612	4619572
3613	4620586
3614	4621601
3615	4622615
3616	4623629
3617	4624643
3618	4625657
3619	4626672
3620	4627686
3621	4628700
3622	4629714
3623	4630729
3624	4631743
3625	4632757
3626	4633771
3627	4634785
3628	4635800
3629	4636814
3630	4637828
3631	4638842
3632	4639857
3633	4640871
3634	4641885
3635	4642899
3636	4643913
3637	4644928
3638	4645942
3639	4646956
3640	4647970
3641	4648985
3642	4649999
3643	4651013
3644	4652027
3645	4653041
3646	4654056
3647	4655070
3648	4656084
3649	4657098
3650	4658113
3651	4659127
3652	4660141
3653	4661155
3654	4662169
3655	4663184
3656	4664198
3657	-1
3658	4665212
3659	4666226
3660	4667241
3661	4668255
3662	4669269
3663	4670283
3664	4671297
3665	4672312
3666	4673326
3667	4674340
3668	4675354
3669	4676369
3670	4677383
3671	4678397
3672	4679411
3673	4680425
3674	4681440
3675	4682454
3676	4683468
3677	4684482
3678	4685497
3679	4686511
3680	4687525
3681	4688539
3682	4689553
3683	4690568
3684	4691582
3685	4692596
3686	4693610
3687	4694625
3688	4695639
3689	4696653
3690	4697667
3691	4698681
3692	4699696
3693	4700710
3694	4701724
3695	4702738
3696	4703753
3697	4704767
3698	4705781
3699	4706795
3700	4707809
3701	4708824
3702	4709838
3703	4710852
3704	4711866
3705	4712881
3706	4713895
3707	4714909
3708	4715923
3709	4716937
3710	4717952
3711	4718966
3712	4719980
3713	4720994
3714	4722009
3715	4723023
3716	4724037
3717	4725051
3718	4726065
3719	4727080
3720	4728094
3721	4729108
3722	4730122
3723	4731137
3724	4732151
3725	4733165
3726	4734179
3727	4735193
3728	4736208
3729	-1
3730	4737222
3731	4738236
3732	4739250
3733	4740265
3734	4741279
3735	4742293
3736	4743307
3737	4744321
3738	4745336
3739	4746350
3740	4747364
3741	4748378
3742	4749393
3743	4750407
3744	4751421
3745	4752435
3746	4753449
3747	4754464
3748	4755478
3749	4756492
3750	4757506
3751	4758521
3752	4759535
3753	4760549
3754	4761563
3755	4762577
3756	4763592
3757	4764606
3758	4765620
3759	4766634
3760	4767649
3761	4768663
3762	4769677
3763	4770691
3764	4771705
3765	4772720
3766	4773734
3767	4774748
3768	4775762
3769	4776777
3770	4777791
3771	4778805
3772	4779819
3773	4780833
3774	4781848
3775	4782862
3776	4783876
3777	4784890
3778	4785905
3779	4786919
3780	4787933
3781	4788947
3782	4789961
3783	4790976
3784	4791990
3785	4793004
3786	4794018
3787	4795033
3788	4796047
3789	4797061
3790	4798075
3791	4799089
3792	4800104
3793	4801118
3794	4802132
3795	4803146
3796	4804161
3797	4805175
3798	4806189
3799	4807203
3800	-1
3801	4808217
3802	4809232
3803	4810246
3804	4811260
3805	4812274
3806	4813289
3807	4814303
3808	4815317
3809	4816331
3810	4817345
3811	4818360
3812	4819374
3813	4820388
3814	4821402
3815	4822417
3816	4823431
3817	4824445
3818	4825459
3819	4826473
3820	4827488
3821	4828502
3822	4829516
3823	4830530
3824	4831545
3825	4832559
3826	4833573
3827	4834587
3828	4835601
3829	4836616
3830	4837630
3831	4838644
3832	4839658
3833	4840673
3834	4841687
3835	4842701
3836	4843715
3837	4844729
3838	4845744
3839	4846758
3840	4847772
3841	4848786
3842	4849801
3843	4850815
3844	4851829
3845	4852843
3846	4853857
3847	4854872
3848	4855886
3849	4856900
3850	4857914
3851	4858929
3852	4859943
3853	4860957
3854	4861971
3855	4862985
3856	4864000
3857	4865014
3858	4866028
3859	4867042
3860	4868057
3861	4869071
3862	4870085
3863	4871099
3864	4872113
3865	4873128
3866	4874142
3867	4875156
3868	4876170
3869	4877185
3870	4878199
3871	-1
3872	4879213
3873	4880227
3874	4881241
3875	4882256
3876	4883270
3877	4884284
3878	4885298
3879	4886313
3880	4887327
3881	4888341
3882	4889355
3883	4890369
3884	4891384
3885	4892398
3886	4893412
3887	4894426
3888	4895441
3889	4896455
3890	4897469
3891	4898483
3892	4899497
3893	4900512
3894	4901526
3895	4902540
3896	4903554
3897	4904569
3898	4905583
3899	4906597
3900	4907611
3901	4908625
3902	4909640
3903	4910654
3904	4911668
3905	4912682
3906	4913697
3907	4914711
3908	4915725
3909	4916739
3910	4917753
3911	4918768
3912	4919782
3913	4920796
3914	4921810
3915	4922825
3916	4923839
3917	4924853
3918	4925867
3919	4926881
3920	4927896
3921	4928910
3922	4929924
3923	4930938
3924	4931952
3925	4932967
3926	4933981
3927	4934995
3928	4936009
3929	4937024
3930	4938038
3931	4939052
3932	4940066
3933	4941080
3934	4942095
3935	4943109
3936	4944123
3937	4945137
3938	4946152
3939	4947166
3940	4948180
3941	4949194
3942	4950208
3943	-1
3944	4951223
3945	4952237
3946	4953251
3947	4954265
3948	4955280
3949	4956294
3950	4957308
3951	4958322
3952	4959336
3953	4960351
3954	4961365
3955	4962379
3956	4963393
3957	4964408
3958	4965422
3959	4966436
3960	4967450
3961	4968464
3962	4969479
3963	4970493
3964	4971507
3965	4972521
3966	4973536
3967	4974550
3968	4975564
3969	4976578
3970	4977592
3971	4978607
3972	4979621
3973	4980635
3974	4981649
3975	4982664
3976	4983678
3977	4984692
3978	4985706
3979	4986720
3980	4987735
3981	4988749
3982	4989763
3983	4990777
3984	4991792
3985	4992806
3986	4993820
3987	4994834
3988	4995848
3989	4996863
3990	4997877
3991	4998891
3992	4999905
3993	5000920
3994	5001934
3995	5002948
3996	5003962
3997	5004976
3998	5005991
3999	5007005
4000	5008019
4001	5009033
4002	5010048
4003	5011062
4004	5012076
4005	5013090
4006	5014104
4007	5015119
4008	5016133
4009	5017147
4010	5018161
4011	5019176
4012	5020190
4013	5021204
4014	-1
4015	5022218
4016	5023232
4017	5024247
4018	5025261
4019	5026275
4020	5027289
4021	5028304
4022	5029318
4023	5030332
4024	5031346
4025	5032360
4026	5033375
4027	5034389
4028	5035403
4029	5036417
4030	5037432
4031	5038446
4032	5039460
4033	5040474
4034	5041488
4035	5042503
4036	5043517
4037	5044531
4038	5045545
4039	5046560
4040	5047574
4041	5048588
4042	5049602
4043	5050616
4044	5051631
4045	5052645
4046	5053659
4047	5054673
4048	5055688
4049	5056702
4050	5057716
4051	5058730
4052	5059744
4053	5060759
4054	5061773
4055	5062787
4056	5063801
4057	5064816
4058	5065830
4059	5066844
4060	5067858
4061	5068872
4062	5069887
4063	5070901
4064	5071915
4065	5072929
4066	5073944
4067	5074958
4068	5075972
4069	5076986
4070	5078000
4071	5079015
4072	5080029
4073	5081043
4074	5082057
4075	5083072
4076	5084086
4077	5085100
4078	5086114
4079	5087128
4080	5088143
4081	5089157
4082	5090171
4083	5091185
4084	5092200
4085	-1
4086	5093214
4087	5094228
4088	5095242
4089	5096256
4090	5097271
4091	5098285
4092	5099299
4093	5100313
4094	5101328
4095	5102342
4096	5103356
4097	5104370
4098	5105384
4099	5106399
4100	5107413
4101	5108427
4102	5109441
4103	5110456
4104	5111470
4105	5112484
4106	5113498
4107	5114512
4108	5115527
4109	5116541
4110	5117555
4111	5118569
4112	5119584
4113	5120598
4114	5121612
4115	5122626
4116	5123640
4117	5124655
4118	5125669
4119	5126683
4120	5127697
4121	5128712
4122	5129726
4123	5130740
4124	5131754
4125	5132768
4126	5133783
4127	5134797
4128	5135811
4129	5136825
4130	5137840
4131	5138854
4132	5139868
4133	5140882
4134	5141896
4135	5142911
4136	5143925
4137	5144939
4138	5145953
4139	5146968
4140	5147982
4141	5148996
4142	5150010
4143	5151024
4144	5152039
4145	5153053
4146	5154067
4147	5155081
4148	5156096
4149	5157110
4150	5158124
4151	5159138
4152	5160152
4153	5161167
4154	5162181
4155	5163195
4156	-1
4157	5164209
4158	5165224
4159	5166238
4160	5167252
4161	5168266
4162	5169280
4163	5170295
4164	5171309
4165	5172323
4166	5173337
4167	5174352
4168	5175366
4169	5176380
4170	5177394
4171	5178408
4172	5179423
4173	5180437
4174	5181451
4175	5182465
4176	5183480
4177	5184494
4178	5185508
4179	5186522
4180	5187536
4181	5188551
4182	5189565
4183	5190579
4184	5191593
4185	5192608
4186	5193622
4187	5194636
4188	5195650
4189	5196664
4190	5197679
4191	5198693
4192	5199707
4193	5200721
4194	5201736
4195	5202750
4196	5203764
4197	5204778
4198	5205792
4199	5206807
4200	5207821
4201	5208835
4202	5209849
4203	5210864
4204	5211878
4205	5212892
4206	5213906
4207	5214920
4208	5215935
4209	5216949
4210	5217963
4211	5218977
4212	5219992
4213	5221006
4214	5222020
4215	5223034
4216	5224048
4217	5225063
4218	5226077
4219	5227091
4220	5228105
4221	5229120
4222	5230134
4223	5231148
4224	5232162
4225	5233176
4226	5234191
4227	5235205
4228	-1
4229	5236219
4230	5237233
4231	5238248
4232	5239262
4233	5240276
4234	5241290
4235	5242304
4236	5243319
4237	5244333
4238	5245347
4239	5246361
4240	5247376
4241	5248390
4242	5249404
4243	5250418
4244	5251432
4245	5252447
4246	5253461
4247	5254475
4248	5255489
4249	5256504
4250	5257518
4251	5258532
4252	5259546
4253	5260560
4254	5261575
4255	5262589
4256	5263603
4257	5264617
4258	5265632
4259	5266646
4260	5267660
4261	5268674
4262	5269688
4263	5270703
4264	5271717
4265	5272731
4266	5273745
4267	5274760
4268	5275774
4269	5276788
4270	5277802
4271	5278816
4272	5279831
4273	5280845
4274	5281859
4275	5282873
4276	5283888
4277	5284902
4278	5285916
4279	5286930
4280	5287944
4281	5288959
4282	5289973
4283	5290987
4284	5292001
4285	5293016
4286	5294030
4287	5295044
4288	5296058
4289	5297072
4290	5298087
4291	5299101
4292	5300115
4293	5301129
4294	5302144
4295	5303158
4296	5304172
4297	5305186
4298	5306200
4299	-1
4300	5307215
4301	5308229
4302	5309243
4303	5310257
4304	5311272
4305	5312286
4306	5313300
4307	5314314
4308	5315328
4309	5316343
4310	5317357
4311	5318371
4312	5319385
4313	5320400
4314	5321414
4315	5322428
4316	5323442
4317	5324456
4318	5325471
4319	5326485
4320	5327499
4321	5328513
4322	5329528
4323	5330542
4324	5331556
4325	5332570
4326	5333584
4327	5334599
4328	5335613
4329	5336627
4330	5337641
4331	5338656
4332	5339670
4333	5340684
4334	5341698
4335	5342712
4336	5343727
4337	5344741
4338	5345755
4339	5346769
4340	5347784
4341	5348798
4342	5349812
4343	5350826
4344	5351840
4345	5352855
4346	5353869
4347	5354883
4348	5355897
4349	5356912
4350	5357926
4351	5358940
4352	5359954
4353	5360968
4354	5361983
4355	5362997
4356	5364011
4357	5365025
4358	5366040
4359	5367054
4360	5368068
4361	5369082
4362	5370096
4363	5371111
4364	5372125
4365	5373139
4366	5374153
4367	5375168
4368	5376182
4369	5377196
4370	-1
4371	5378210
4372	5379224
4373	5380239
4374	5381253
4375	5382267
4376	5383281
4377	5384296
4378	5385310
4379	5386324
4380	5387338
4381	5388352
4382	5389367
4383	5390381
4384	5391395
4385	5392409
4386	5393424
4387	5394438
4388	5395452
4389	5396466
4390	5397480
4391	5398495
4392	5399509
4393	5400523
4394	5401537
4395	5402552
4396	5403566
4397	5404580
4398	5405594
4399	5406608
4400	5407623
4401	5408637
4402	5409651
4403	5410665
4404	5411680
4405	5412694
4406	5413708
4407	5414722
4408	5415736
4409	5416751
4410	5417765
4411	5418779
4412	5419793
4413	5420808
4414	5421822
4415	5422836
4416	5423850
4417	5424864
4418	5425879
4419	5426893
4420	5427907
4421	5428921
4422	5429936
4423	5430950
4424	5431964
4425	5432978
4426	5433992
4427	5435007
4428	5436021
4429	5437035
4430	5438049
4431	5439063
4432	5440078
4433	5441092
4434	5442106
4435	5443120
4436	5444135
4437	5445149
4438	5446163
4439	5447177
4440	5448191
4441	5449206
4442	-1
4443	5450220
4444	5451234
4445	5452248
4446	5453263
4447	5454277
4448	5455291
4449	5456305
4450	5457319
4451	5458334
4452	5459348
4453	5460362
4454	5461376
4455	5462391
4456	5463405
4457	5464419
4458	5465433
4459	5466447
4460	5467462
4461	5468476
4462	5469490
4463	5470504
4464	5471519
4465	5472533
4466	5473547
4467	5474561
4468	5475575
4469	5476590
4470	5477604
4471	5478618
4472	5479632
4473	5480647
4474	5481661
4475	5482675
4476	5483689
4477	5484703
4478	5485718
4479	5486732
4480	5487746
4481	5488760
4482	5489775
4483	5490789
4484	5491803
4485	5492817
4486	5493831
4487	5494846
4488	5495860
4489	5496874
4490	5497888
4491	5498903
4492	5499917
4493	5500931
4494	5501945
4495	5502959
4496	5503974
4497	5504988
4498	5506002
4499	5507016
4500	5508031
4501	5509045
4502	5510059
4503	5511073
4504	5512087
4505	5513102
4506	5514116
4507	5515130
4508	5516144
4509	5517159
4510	5518173
4511	5519187
4512	5520201
4513	-1
4514	5521215
4515	5522230
4516	5523244
4517	5524258
4518	5525272
4519	5526287
4520	5527301
4521	5528315
4522	5529329
4523	5530343
4524	5531358
4525	5532372
4526	5533386
4527	5534400
4528	5535415
4529	5536429
4530	5537443
4531	5538457
4532	5539471
4533	5540486
4534	5541500
4535	5542514
4536	5543528
4537	5544543
4538	5545557
4539	5546571
4540	5547585
4541	5548599
4542	5549614
4543	5550628
4544	5551642
4545	5552656
4546	5553671
4547	5554685
4548	5555699
4549	5556713
4550	5557727
4551	5558742
4552	5559756
4553	5560770
4554	5561784
4555	5562799
4556	5563813
4557	5564827
4558	5565841
4559	5566855
4560	5567870
4561	5568884
4562	5569898
4563	5570912
4564	5571927
4565	5572941
4566	5573955
4567	5574969
4568	5575983
4569	5576998
4570	5578012
4571	5579026
4572	5580040
4573	5581055
4574	5582069
4575	5583083
4576	5584097
4577	5585111
4578	5586126
4579	5587140
4580	5588154
4581	5589168
4582	5590183
4583	5591197
4584	-1
4585	5592211
4586	5593225
4587	5594239
4588	5595254
4589	5596268
4590	5597282
4591	5598296
4592	5599311
4593	5600325
4594	5601339
4595	5602353
4596	5603367
4597	5604382
4598	5605396
4599	5606410
4600	5607424
4601	5608439
4602	5609453
4603	5610467
4604	5611481
4605	5612495
4606	5613510
4607	5614524
4608	5615538
4609	5616552
4610	5617567
4611	5618581
4612	5619595
4613	5620609
4614	5621623
4615	5622638
4616	5623652
4617	5624666
4618	5625680
4619	5626695
4620	5627709
4621	5628723
4622	5629737
4623	5630751
4624	5631766
4625	5632780
4626	5633794
4627	5634808
4628	5635823
4629	5636837
4630	5637851
4631	5638865
4632	5639879
4633	5640894
4634	5641908
4635	5642922
4636	5643936
4637	5644951
4638	5645965
4639	5646979
4640	5647993
4641	5649007
4642	5650022
4643	5651036
4644	5652050
4645	5653064
4646	5654079
4647	5655093
4648	5656107
4649	5657121
4650	5658135
4651	5659150
4652	5660164
4653	5661178
4654	5662192
4655	5663207
4656	-1
4657	5664221
4658	5665235
4659	5666249
4660	5667263
4661	5668278
4662	5669292
4663	5670306
4664	5671320
4665	5672335
4666	5673349
4667	5674363
4668	5675377
4669	5676391
4670	5677406
4671	5678420
4672	5679434
4673	5680448
4674	5681463
4675	5682477
4676	5683491
4677	5684505
4678	5685519
4679	5686534
4680	5687548
4681	5688562
4682	5689576
4683	5690591
4684	5691605
4685	5692619
4686	5693633
4687	5694647
4688	5695662
4689	5696676
4690	5697690
4691	5698704
4692	5699719
4693	5700733
4694	5701747
4695	5702761
4696	5703775
4697	5704790
4698	5705804
4699	5706818
4700	5707832
4701	5708847
4702	5709861
4703	5710875
4704	5711889
4705	5712903
4706	5713918
4707	5714932
4708	5715946
4709	5716960
4710	5717975
4711	5718989
4712	5720003
4713	5721017
4714	5722031
4715	5723046
4716	5724060
4717	5725074
4718	5726088
4719	5727103
4720	5728117
4721	5729131
4722	5730145
4723	5731159
4724	5732174
4725	5733188
4726	5734202
4727	-1
4728	5735216
4729	5736231
4730	5737245
4731	5738259
4732	5739273
4733	5740287
4734	5741302
4735	5742316
4736	5743330
4737	5744344
4738	5745359
4739	5746373
4740	5747387
4741	5748401
4742	5749415
4743	5750430
4744	5751444
4745	5752458
4746	5753472
4747	5754487
4748	5755501
4749	5756515
4750	5757529
4751	5758543
4752	5759558
4753	5760572
4754	5761586
4755	5762600
4756	5763615
4757	5764629
4758	5765643
4759	5766657
4760	5767671
4761	5768686
4762	5769700
4763	5770714
4764	5771728
4765	5772743
4766	5773757
4767	5774771
4768	5775785
4769	5776799
4770	5777814
4771	5778828
4772	5779842
4773	5780856
4774	5781871
4775	5782885
4776	5783899
4777	5784913
4778	5785927
4779	5786942
4780	5787956
4781	5788970
4782	5789984
4783	5790999
4784	5792013
4785	5793027
4786	5794041
4787	5795055
4788	5796070
4789	5797084
4790	5798098
4791	5799112
4792	5800127
4793	5801141
4794	5802155
4795	5803169
4796	5804183
4797	5805198
4798	-1
4799	5806212
4800	5807226
4801	5808240
4802	5809255
4803	5810269
4804	5811283
4805	5812297
4806	5813311
4807	5814326
4808	5815340
4809	5816354
4810	5817368
4811	5818383
4812	5819397
4813	5820411
4814	5821425
4815	5822439
4816	5823454
4817	5824468
4818	5825482
4819	5826496
4820	5827511
4821	5828525
4822	5829539
4823	5830553
4824	5831567
4825	5832582
4826	5833596
4827	5834610
4828	5835624
4829	5836639
4830	5837653
4831	5838667
4832	5839681
4833	5840695
4834	5841710
4835	5842724
4836	5843738
4837	5844752
4838	5845767
4839	5846781
4840	5847795
4841	5848809
4842	5849823
4843	5850838
4844	5851852
4845	5852866
4846	5853880
4847	5854895
4848	5855909
4849	5856923
4850	5857937
4851	5858951
4852	5859966
4853	5860980
4854	5861994
4855	5863008
4856	5864023
4857	5865037
4858	5866051
4859	5867065
4860	5868079
4861	5869094
4862	5870108
4863	5871122
4864	5872136
4865	5873151
4866	5874165
4867	5875179
4868	5876193
4869	5877207
4870	-1
4871	5878222
4872	5879236
4873	5880250
4874	5881264
4875	5882279
4876	5883293
4877	5884307
4878	5885321
4879	5886335
4880	5887350
4881	5888364
4882	5889378
4883	5890392
4884	5891407
4885	5892421
4886	5893435
4887	5894449
4888	5895463
4889	5896478
4890	5897492
4891	5898506
4892	5899520
4893	5900535
4894	5901549
4895	5902563
4896	5903577
4897	5904591
4898	5905606
4899	5906620
4900	5907634
4901	5908648
4902	5909663
4903	5910677
4904	5911691
4905	5912705
4906	5913719
4907	5914734
4908	5915748
4909	5916762
4910	5917776
4911	5918791
4912	5919805
4913	5920819
4914	5921833
4915	5922847
4916	5923862
4917	5924876
4918	5925890
4919	5926904
4920	5927919
4921	5928933
4922	5929947
4923	5930961
4924	5931975
4925	5932990
4926	5934004
4927	5935018
4928	5936032
4929	5937047
4930	5938061
4931	5939075
4932	5940089
4933	5941103
4934	5942118
4935	5943132
4936	5944146
4937	5945160
4938	5946174
4939	5947189
4940	5948203
4941	-1
4942	5949217
4943	5950231
4944	5951246
4945	5952260
4946	5953274
4947	5954288
4948	5955302
4949	5956317
4950	5957331
4951	5958345
4952	5959359
4953	5960374
4954	5961388
4955	5962402
4956	5963416
4957	5964430
4958	5965445
4959	5966459
4960	5967473
4961	5968487
4962	5969502
4963	5970516
4964	5971530
4965	5972544
4966	5973558
4967	5974573
4968	5975587
4969	5976601
4970	5977615
4971	5978630
4972	5979644
4973	5980658
4974	5981672
4975	5982686
4976	5983701
4977	5984715
4978	5985729
4979	5986743
4980	5987758
4981	5988772
4982	5989786
4983	5990800
4984	5991814
4985	5992829
4986	5993843
4987	5994857
4988	5995871
4989	5996886
4990	5997900
4991	5998914
4992	5999928
4993	6000942
4994	6001957
4995	6002971
4996	6003985
4997	6004999
4998	6006014
4999	6007028
5000	6008042
5001	6009056
5002	6010070
5003	6011085
5004	6012099
5005	6013113
5006	6014127
5007	6015142
5008	6016156
5009	6017170
5010	6018184
5011	6019198
5012	-1
5013	6020213
5014	6021227
5015	6022241
5016	6023255
5017	6024270
5018	6025284
5019	6026298
5020	6027312
5021	6028326
5022	6029341
5023	6030355
5024	6031369
5025	6032383
5026	6033398
5027	6034412
5028	6035426
5029	6036440
5030	6037454
5031	6038469
5032	6039483
5033	6040497
5034	6041511
5035	6042526
5036	6043540
5037	6044554
5038	6045568
5039	6046582
5040	6047597
5041	6048611
5042	6049625
5043	6050639
5044	6051654
5045	6052668
5046	6053682
5047	6054696
5048	6055710
5049	6056725
5050	6057739
5051	6058753
5052	6059767
5053	6060782
5054	6061796
5055	6062810
5056	6063824
5057	6064838
5058	6065853
5059	6066867
5060	6067881
5061	6068895
5062	6069910
5063	6070924
5064	6071938
5065	6072952
5066	6073966
5067	6074981
5068	6075995
5069	6077009
5070	6078023
5071	6079038
5072	6080052
5073	6081066
5074	6082080
5075	6083094
5076	6084109
5077	6085123
5078	6086137
5079	6087151
5080	6088166
5081	6089180
5082	6090194
5083	6091208
5084	-1
5085	6092222
5086	6093237
5087	6094251
5088	6095265
5089	6096279
5090	6097294
5091	6098308
5092	6099322
5093	6100336
5094	6101350
5095	6102365
5096	6103379
5097	6104393
5098	6105407
5099	6106422
5100	6107436
5101	6108450
5102	6109464
5103	6110478
5104	6111493
5105	6112507
5106	6113521
5107	6114535
5108	6115550
5109	6116564
5110	6117578
5111	6118592
5112	6119606
5113	6120621
5114	6121635
5115	6122649
5116	6123663
5117	6124678
5118	6125692
5119	6126706
5120	6127720
5121	6128734
5122	6129749
5123	6130763
5124	6131777
5125	6132791
5126	6133806
5127	6134820
5128	6135834
5129	6136848
5130	6137862
5131	6138877
5132	6139891
5133	6140905
5134	6141919
5135	6142934
5136	6143948
5137	6144962
5138	6145976
5139	6146990
5140	6148005
5141	6149019
5142	6150033
5143	6151047
5144	6152062
5145	6153076
5146	6154090
5147	6155104
5148	6156118
5149	6157133
5150	6158147
5151	6159161
5152	6160175
5153	6161190
5154	6162204
5155	-1
5156	6163218
5157	6164232
5158	6165246
5159	6166261
5160	6167275
5161	6168289
5162	6169303
5163	6170318
5164	6171332
5165	6172346
5166	6173360
5167	6174374
5168	6175389
5169	6176403
5170	6177417
5171	6178431
5172	6179446
5173	6180460
5174	6181474
5175	6182488
5176	6183502
5177	6184517
5178	6185531
5179	6186545
5180	6187559
5181	6188574
5182	6189588
5183	6190602
5184	6191616
5185	6192630
5186	6193645
5187	6194659
5188	6195673
5189	6196687
5190	6197702
5191	6198716
5192	6199730
5193	6200744
5194	6201758
5195	6202773
5196	6203787
5197	6204801
5198	6205815
5199	6206830
5200	6207844
5201	6208858
5202	6209872
5203	6210886
5204	6211901
5205	6212915
5206	6213929
5207	6214943
5208	6215958
5209	6216972
5210	6217986
5211	6219000
5212	6220014
5213	6221029
5214	6222043
5215	6223057
5216	6224071
5217	6225086
5218	6226100
5219	6227114
5220	6228128
5221	6229142
5222	6230157
5223	6231171
5224	6232185
5225	6233199
5226	-1
5227	6234214
5228	6235228
5229	6236242
5230	6237256
5231	6238270
5232	6239285
5233	6240299
5234	6241313
5235	6242327
5236	6243342
5237	6244356
5238	6245370
5239	6246384
5240	6247398
5241	6248413
5242	6249427
5243	6250441
5244	6251455
5245	6252470
5246	6253484
5247	6254498
5248	6255512
5249	6256526
5250	6257541
5251	6258555
5252	6259569
5253	6260583
5254	6261598
5255	6262612
5256	6263626
5257	6264640
5258	6265654
5259	6266669
5260	6267683
5261	6268697
5262	6269711
5263	6270726
5264	6271740
5265	6272754
5266	6273768
5267	6274782
5268	6275797
5269	6276811
5270	6277825
5271	6278839
5272	6279854
5273	6280868
5274	6281882
5275	6282896
5276	6283910
5277	6284925
5278	6285939
5279	6286953
5280	6287967
5281	6288982
5282	6289996
5283	6291010
5284	6292024
5285	6293038
5286	6294053
5287	6295067
5288	6296081
5289	6297095
5290	6298110
5291	6299124
5292	6300138
5293	6301152
5294	6302166
5295	6303181
5296	6304195
5297	-1
5298	6305209
5299	6306223
5300	6307238
5301	6308252
5302	6309266
5303	6310280
5304	6311294
5305	6312309
5306	6313323
5307	6314337
5308	6315351
5309	6316366
5310	6317380
5311	6318394
5312	6319408
5313	6320422
5314	6321437
5315	6322451
5316	6323465
5317	6324479
5318	6325494
5319	6326508
5320	6327522
5321	6328536
5322	6329550
5323	6330565
5324	6331579
5325	6332593
5326	6333607
5327	6334622
5328	6335636
5329	6336650
5330	6337664
5331	6338678
5332	6339693
5333	6340707
5334	6341721
5335	6342735
5336	6343750
5337	6344764
5338	6345778
5339	6346792
5340	6347806
5341	6348821
5342	6349835
5343	6350849
5344	6351863
5345	6352878
5346	6353892
5347	6354906
5348	6355920
5349	6356934
5350	6357949
5351	6358963
5352	6359977
5353	6360991
5354	6362006
5355	6363020
5356	6364034
5357	6365048
5358	6366062
5359	6367077
5360	6368091
5361	6369105
5362	6370119
5363	6371134
5364	6372148
5365	6373162
5366	6374176
5367	6375190
5368	6376205
5369	-1
5370	6377219
5371	6378233
5372	6379247
5373	6380262
5374	6381276
5375	6382290
5376	6383304
5377	6384318
5378	6385333
5379	6386347
5380	6387361
5381	6388375
5382	6389390
5383	6390404
5384	6391418
5385	6392432
5386	6393446
5387	6394461
5388	6395475
5389	6396489
5390	6397503
5391	6398518
5392	6399532
5393	6400546
5394	6401560
5395	6402574
5396	6403589
5397	6404603
5398	6405617
5399	6406631
5400	6407646
5401	6408660
5402	6409674
5403	6410688
5404	6411702
5405	6412717
5406	6413731
5407	6414745
5408	6415759
5409	6416774
5410	6417788
5411	6418802
5412	6419816
5413	6420830
5414	6421845
5415	6422859
5416	6423873
5417	6424887
5418	6425902
5419	6426916
5420	6427930
5421	6428944
5422	6429958
5423	6430973
5424	6431987
5425	6433001
5426	6434015
5427	6435030
5428	6436044
5429	6437058
5430	6438072
5431	6439086
5432	6440101
5433	6441115
5434	6442129
5435	6443143
5436	6444158
5437	6445172
5438	6446186
5439	6447200
5440	-1
5441	6448214
5442	6449229
5443	6450243
5444	6451257
5445	6452271
5446	6453285
5447	6454300
5448	6455314
5449	6456328
5450	6457342
5451	6458357
5452	6459371
5453	6460385
5454	6461399
5455	6462413
5456	6463428
5457	6464442
5458	6465456
5459	6466470
5460	6467485
5461	6468499
5462	6469513
5463	6470527
5464	6471541
5465	6472556
5466	6473570
5467	6474584
5468	6475598
5469	6476613
5470	6477627
5471	6478641
5472	6479655
5473	6480669
5474	6481684
5475	6482698
5476	6483712
5477	6484726
5478	6485741
5479	6486755
5480	6487769
5481	6488783
5482	6489797
5483	6490812
5484	6491826
5485	6492840
5486	6493854
5487	6494869
5488	6495883
5489	6496897
5490	6497911
5491	6498925
5492	6499940
5493	6500954
5494	6501968
5495	6502982
5496	6503997
5497	6505011
5498	6506025
5499	6507039
5500	6508053
5501	6509068
5502	6510082
5503	6511096
5504	6512110
5505	6513125
5506	6514139
5507	6515153
5508	6516167
5509	6517181
5510	6518196
5511	-1
5512	6519210
5513	6520224
5514	6521238
5515	6522253
5516	6523267
5517	6524281
5518	6525295
5519	6526309
5520	6527324
5521	6528338
5522	6529352
5523	6530366
5524	6531381
5525	6532395
5526	6533409
5527	6534423
5528	6535437
5529	6536452
5530	6537466
5531	6538480
5532	6539494
5533	6540509
5534	6541523
5535	6542537
5536	6543551
5537	6544565
5538	6545580
5539	6546594
5540	6547608
5541	6548622
5542	6549637
5543	6550651
5544	6551665
5545	6552679
5546	6553693
5547	6554708
5548	6555722
5549	6556736
5550	6557750
5551	6558765
5552	6559779
5553	6560793
5554	6561807
5555	6562821
5556	6563836
5557	6564850
5558	6565864
5559	6566878
5560	6567893
5561	6568907
5562	6569921
5563	6570935
5564	6571949
5565	6572964
5566	6573978
5567	6574992
5568	6576006
5569	6577021
5570	6578035
5571	6579049
5572	6580063
5573	6581077
5574	6582092
5575	6583106
5576	6584120
5577	6585134
5578	6586149
5579	6587163
5580	6588177
5581	6589191
5582	6590205
5583	-1
5584	6591220
5585	6592234
5586	6593248
5587	6594262
5588	6595277
5589	6596291
5590	6597305
5591	6598319
5592	6599333
5593	6600348
5594	6601362
5595	6602376
5596	6603390
5597	6604405
5598	6605419
5599	6606433
5600	6607447
5601	6608461
5602	6609476
5603	6610490
5604	6611504
5605	6612518
5606	6613533
5607	6614547
5608	6615561
5609	6616575
5610	6617589
5611	6618604
5612	6619618
5613	6620632
5614	6621646
5615	6622661
5616	6623675
5617	6624689
5618	6625703
5619	6626717
5620	6627732
5621	6628746
5622	6629760
5623	6630774
5624	6631789
5625	6632803
5626	6633817
5627	6634831
5628	6635845
5629	6636860
5630	6637874
5631	6638888
5632	6639902
5633	6640917
5634	6641931
5635	6642945
5636	6643959
5637	6644973
5638	6645988
5639	6647002
5640	6648016
5641	6649030
5642	6650045
5643	6651059
5644	6652073
5645	6653087
5646	6654101
5647	6655116
5648	6656130
5649	6657144
5650	6658158
5651	6659173
5652	6660187
5653	6661201
5654	-1
5655	6662215
5656	6663229
5657	6664244
5658	6665258
5659	6666272
5660	6667286
5661	6668301
5662	6669315
5663	6670329
5664	6671343
5665	6672357
5666	6673372
5667	6674386
5668	6675400
5669	6676414
5670	6677429
5671	6678443
5672	6679457
5673	6680471
5674	6681485
5675	6682500
5676	6683514
5677	6684528
5678	6685542
5679	6686557
5680	6687571
5681	6688585
5682	6689599
5683	6690613
5684	6691628
5685	6692642
5686	6693656
5687	6694670
5688	6695685
5689	6696699
5690	6697713
5691	6698727
5692	6699741
5693	6700756
5694	6701770
5695	6702784
5696	6703798
5697	6704813
5698	6705827
5699	6706841
5700	6707855
5701	6708869
5702	6709884
5703	6710898
5704	6711912
5705	6712926
5706	6713941
5707	6714955
5708	6715969
5709	6716983
5710	6717997
5711	6719012
5712	6720026
5713	6721040
5714	6722054
5715	6723069
5716	6724083
5717	6725097
5718	6726111
5719	6727125
5720	6728140
5721	6729154
5722	6730168
5723	6731182
5724	6732197
5725	-1
5726	6733211
5727	6734225
5728	6735239
5729	6736253
5730	6737268
5731	6738282
5732	6739296
5733	6740310
5734	6741325
5735	6742339
5736	6743353
5737	6744367
5738	6745381
5739	6746396
5740	6747410
5741	6748424
5742	6749438
5743	6750453
5744	6751467
5745	6752481
5746	6753495
5747	6754509
5748	6755524
5749	6756538
5750	6757552
5751	6758566
5752	6759581
5753	6760595
5754	6761609
5755	6762623
5756	6763637
5757	6764652
5758	6765666
5759	6766680
5760	6767694
5761	6768709
5762	6769723
5763	6770737
5764	6771751
5765	6772765
5766	6773780
5767	6774794
5768	6775808
5769	6776822
5770	6777837
5771	6778851
5772	6779865
5773	6780879
5774	6781893
5775	6782908
5776	6783922
5777	6784936
5778	6785950
5779	6786965
5780	6787979
5781	6788993
5782	6790007
5783	6791021
5784	6792036
5785	6793050
5786	6794064
5787	6795078
5788	6796093
5789	6797107
5790	6798121
5791	6799135
5792	6800149
5793	6801164
5794	6802178
5795	6803192
5796	6804206
5797	-1
5798	6805221
5799	6806235
5800	6807249
5801	6808263
5802	6809277
5803	6810292
5804	6811306
5805	6812320
5806	6813334
5807	6814349
5808	6815363
5809	6816377
5810	6817391
5811	6818405
5812	6819420
5813	6820434
5814	6821448
5815	6822462
5816	6823477
5817	6824491
5818	6825505
5819	6826519
5820	6827533
5821	6828548
5822	6829562
5823	6830576
5824	6831590
5825	6832605
5826	6833619
5827	6834633
5828	6835647
5829	6836661
5830	6837676
5831	6838690
5832	6839704
5833	6840718
5834	6841733
5835	6842747
5836	6843761
5837	6844775
5838	6845789
5839	6846804
5840	6847818
5841	6848832
5842	6849846
5843	6850861
5844	6851875
5845	6852889
5846	6853903
5847	6854917
5848	6855932
5849	6856946
5850	6857960
5851	6858974
5852	6859989
5853	6861003
5854	6862017
5855	6863031
5856	6864045
5857	6865060
5858	6866074
5859	6867088
5860	6868102
5861	6869117
5862	6870131
5863	6871145
5864	6872159
5865	6873173
5866	6874188
5867	6875202
5868	-1
5869	6876216
5870	6877230
5871	6878245
5872	6879259
5873	6880273
5874	6881287
5875	6882301
5876	6883316
5877	6884330
5878	6885344
5879	6886358
5880	6887373
5881	6888387
5882	6889401
5883	6890415
5884	6891429
5885	6892444
5886	6893458
5887	6894472
5888	6895486
5889	6896501
5890	6897515
5891	6898529
5892	6899543
5893	6900557
5894	6901572
5895	6902586
5896	6903600
5897	6904614
5898	6905629
5899	6906643
5900	6907657
5901	6908671
5902	6909685
5903	6910700
5904	6911714
5905	6912728
5906	6913742
5907	6914757
5908	6915771
5909	6916785
5910	6917799
5911	6918813
5912	6919828
5913	6920842
5914	6921856
5915	6922870
5916	6923885
5917	6924899
5918	6925913
5919	6926927
5920	6927941
5921	6928956
5922	6929970
5923	6930984
5924	6931998
5925	6933013
5926	6934027
5927	6935041
5928	6936055
5929	6937069
5930	6938084
5931	6939098
5932	6940112
5933	6941126
5934	6942141
5935	6943155
5936	6944169
5937	6945183
5938	6946197
5939	-1
5940	6947212
5941	6948226
5942	6949240
5943	6950254
5944	6951269
5945	6952283
5946	6953297
5947	6954311
5948	6955325
5949	6956340
5950	6957354
5951	6958368
5952	6959382
5953	6960396
5954	6961411
5955	6962425
5956	6963439
5957	6964453
5958	6965468
5959	6966482
5960	6967496
5961	6968510
5962	6969524
5963	6970539
5964	6971553
5965	6972567
5966	6973581
5967	6974596
5968	6975610
5969	6976624
5970	6977638
5971	6978652
5972	6979667
5973	6980681
5974	6981695
5975	6982709
5976	6983724
5977	6984738
5978	6985752
5979	6986766
5980	6987780
5981	6988795
5982	6989809
5983	6990823
5984	6991837
5985	6992852
5986	6993866
5987	6994880
5988	6995894
5989	6996908
5990	6997923
5991	6998937
5992	6999951
5993	7000965
5994	7001980
5995	7002994
5996	7004008
5997	7005022
5998	7006036
5999	7007051
