0	1006238
1	1007237
2	1008237
3	1009237
4	1010236
5	1011237
6	1012237
7	1013237
8	1014237
9	1015236
10	1016236
11	1017237
12	1018237
13	1019236
14	1020236
15	1021237
16	1022237
17	1023235
18	1024237
19	1025237
20	1026237
21	1027237
22	1028237
23	1029237
24	1030236
25	1031236
26	1032236
27	1033237
28	1034236
29	1035236
30	1036236
31	1037237
32	1038236
33	1039237
34	1040237
35	1041237
36	1042237
37	1043237
38	1044237
39	1045237
40	1046237
41	1047236
42	1048237
43	1049237
44	1050236
45	1051236
46	1052237
47	1053237
48	1054236
49	1055236
50	1056237
51	1057237
52	1058237
53	1059237
54	1060237
55	1061237
56	1062237
57	1063236
58	1064237
59	1065237
60	1066236
61	1067237
62	1068237
63	1069236
64	1070236
65	1071237
66	1072237
67	1073237
68	1074237
69	1075237
70	1076237
71	1077237
72	1078237
73	1079237
74	1080237
75	1081237
76	1082236
77	1083237
78	1084237
79	1085237
80	1086236
81	1087237
82	1088236
83	1089237
84	1090235
85	1091237
86	1092237
87	1093237
88	1094237
89	1095237
90	1096237
91	1097237
92	1098237
93	1099237
94	1100236
95	1101237
96	1102237
97	1103237
98	1104236
99	1105237
100	1106237
101	1107237
102	1108237
103	1109237
104	1110237
105	1111237
106	1112237
107	1113237
108	1114237
109	1115237
110	1116236
111	1117237
112	1118237
113	1119236
114	1120236
115	1121237
116	1122237
117	1123237
118	1124237
119	1125237
120	1126237
121	1127237
122	1128237
123	1129237
124	1130237
125	1131236
126	1132236
127	1133237
128	1134237
129	1135236
130	1136236
131	1137237
132	1138237
133	1139236
134	1140237
135	1141237
136	1142237
137	1143237
138	1144237
139	1145237
140	1146237
141	1147236
142	1148236
143	1149237
144	1150237
145	1151237
146	1152237
147	1153237
148	1154237
149	1155237
150	1156237
151	1157237
152	1158237
153	1159237
154	1160237
155	1161237
156	1162237
157	1163237
158	1164237
159	1165237
160	1166237
161	1167237
162	1168237
163	1169237
164	1170237
165	1171237
166	1172237
167	1173237
168	1174237
169	1175237
170	1176237
171	1177237
172	1178237
173	1179237
174	1180237
175	1181237
176	1182237
177	1183237
178	1184237
179	1185237
180	1186237
181	1187237
182	1188237
183	1189237
184	1190237
185	1191237
186	1192237
187	1193237
188	1194237
189	1195237
190	1196237
191	1197237
192	1198237
193	1199237
194	1200237
195	1201237
196	1202237
197	1203237
198	1204237
199	1205237
200	1206237
201	1207237
202	1208237
203	1209237
204	1210237
205	1211237
206	1212237
207	1213237
208	1214237
209	1215237
210	1216237
211	1217237
212	1218237
213	1219237
214	1220237
215	1221237
216	1222237
217	1223237
218	1224237
219	1225237
220	1226237
221	1227237
222	1228237
223	1229237
224	1230237
225	1231237
226	1232237
227	1233237
228	1234237
229	1235237
230	1236237
231	1237237
232	1238237
233	1239237
234	1240237
235	1241237
236	1242237
237	1243237
238	1244237
239	1245237
240	1246237
241	1247237
242	1248237
243	1249237
244	1250237
245	1251237
246	1252237
247	1253237
248	1254237
249	1255237
250	1256237
251	1257237
252	1258237
253	1259237
254	1260237
255	1261237
256	1262238
257	1263238
258	1264238
259	1265238
260	1266237
261	1267238
262	1268238
263	1269238
264	1270238
265	1271238
266	1272238
267	1273238
268	1274238
269	1275238
270	1276238
271	1277238
272	1278238
273	1279236
274	1280238
275	1281238
276	1282238
277	1283238
278	1284238
279	1285238
280	1286238
281	1287238
282	1288238
283	1289238
284	1290238
285	1291238
286	1292238
287	1293238
288	1294238
289	1295238
290	1296238
291	1297238
292	1298238
293	1299238
294	1300238
295	1301238
296	1302238
297	1303238
298	1304238
299	1305238
300	1306238
301	1307238
302	1308238
303	1309238
304	1310238
305	1311238
306	1312238
307	1313238
308	1314238
309	1315238
310	1316238
311	1317238
312	1318238
313	1319238
314	1320238
315	1321238
316	1322238
317	1323238
318	1324238
319	1325238
320	1326238
321	1327238
322	1328238
323	1329238
324	1330238
325	1331238
326	1332238
327	1333238
328	1334238
329	1335238
330	1336238
331	1337238
332	1338238
333	1339238
334	1340238
335	1341238
336	1342238
337	1343238
338	1344238
339	1345238
340	1346237
341	1347238
342	1348238
343	1349238
344	1350238
345	1351238
346	1352238
347	1353238
348	1354238
349	1355238
350	1356238
351	1357238
352	1358238
353	1359238
354	1360238
355	1361238
356	1362238
357	1363238
358	1364238
359	1365238
360	1366238
361	1367238
362	1368238
363	1369238
364	1370238
365	1371238
366	1372238
367	1373238
368	1374238
369	1375238
370	1376238
371	1377238
372	1378238
373	1379238
374	1380238
375	1381238
376	1382238
377	1383238
378	1384238
379	1385238
380	1386238
381	1387238
382	1388238
383	1389238
384	1390238
385	1391238
386	1392238
387	1393238
388	1394238
389	1395238
390	1396238
391	1397238
392	1398238
393	1399238
394	1400238
395	1401238
396	1402238
397	1403238
398	1404238
399	1405238
400	1406238
401	1407238
402	1408238
403	1409238
404	1410238
405	1411238
406	1412238
407	1413238
408	1414238
409	1415238
410	1416238
411	1417238
412	1418238
413	1419238
414	1420238
415	1421238
416	1422238
417	1423238
418	1424238
419	1425238
420	1426238
421	1427238
422	1428238
423	1429238
424	1430238
425	1431238
426	1432238
427	1433238
428	1434238
429	1435238
430	1436238
431	1437238
432	1438238
433	1439238
434	1440238
435	1441238
436	1442238
437	1443238
438	1444238
439	1445238
440	1446238
441	1447238
442	1448238
443	1449238
444	1450238
445	1451238
446	1452238
447	1453238
448	1454238
449	1455238
450	1456238
451	1457238
452	1458238
453	1459238
454	1460238
455	1461238
456	1462238
457	1463238
458	1464238
459	1465238
460	1466238
461	1467238
462	1468238
463	1469238
464	1470238
465	1471238
466	1472238
467	1473238
468	1474238
469	1475238
470	1476238
471	1477238
472	1478238
473	1479238
474	1480238
475	1481238
476	1482238
477	1483238
478	1484238
479	1485238
480	1486238
481	1487238
482	1488238
483	1489238
484	1490238
485	1491238
486	1492238
487	1493238
488	1494238
489	1495238
490	1496238
491	1497238
492	1498238
493	1499238
494	1500238
495	1501238
496	1502238
497	1503238
498	1504238
499	1505238
500	1506238
501	1507238
502	1508238
503	1509238
504	1510238
505	1511238
506	1512238
507	1513238
508	1514238
509	1515238
510	1516238
511	1517238
512	1518238
513	1519238
514	1520238
515	1521238
516	1522237
517	1523238
518	1524238
519	1525238
520	1526238
521	1527238
522	1528238
523	1529238
524	1530238
525	1531238
526	1532238
527	1533238
528	1534238
529	1535236
530	1536238
531	1537238
532	1538238
533	1539238
534	1540238
535	1541238
536	1542238
537	1543238
538	1544238
539	1545238
540	1546238
541	1547238
542	1548238
543	1549238
544	1550238
545	1551238
546	1552238
547	1553238
548	1554238
549	1555238
550	1556238
551	1557238
552	1558238
553	1559238
554	1560238
555	1561238
556	1562238
557	1563238
558	1564238
559	1565238
560	1566238
561	1567238
562	1568238
563	1569238
564	1570238
565	1571238
566	1572238
567	1573238
568	1574238
569	1575238
570	1576238
571	1577238
572	1578238
573	1579238
574	1580238
575	1581238
576	1582238
577	1583238
578	1584238
579	1585238
580	1586238
581	1587238
582	1588238
583	1589238
584	1590238
585	1591238
586	1592238
587	1593238
588	1594238
589	1595238
590	1596238
591	1597238
592	1598238
593	1599238
594	1600238
595	1601238
596	1602237
597	1603238
598	1604238
599	1605238
600	1606238
601	1607238
602	1608238
603	1609238
604	1610238
605	1611238
606	1612238
607	1613238
608	1614238
609	1615238
610	1616238
611	1617238
612	1618238
613	1619238
614	1620238
615	1621238
616	1622238
617	1623238
618	1624238
619	1625238
620	1626238
621	1627238
622	1628238
623	1629238
624	1630238
625	1631238
626	1632238
627	1633238
628	1634238
629	1635238
630	1636238
631	1637238
632	1638238
633	1639238
634	1640238
635	1641238
636	1642238
637	1643238
638	1644238
639	1645238
640	1646238
641	1647238
642	1648238
643	1649238
644	1650238
645	1651238
646	1652238
647	1653238
648	1654238
649	1655238
650	1656238
651	1657238
652	1658238
653	1659238
654	1660238
655	1661238
656	1662238
657	1663238
658	1664238
659	1665238
660	1666238
661	1667238
662	1668238
663	1669238
664	1670238
665	1671238
666	1672238
667	1673238
668	1674238
669	1675238
670	1676238
671	1677238
672	1678238
673	1679238
674	1680238
675	1681238
676	1682238
677	1683238
678	1684238
679	1685238
680	1686238
681	1687238
682	1688238
683	1689238
684	1690238
685	1691238
686	1692238
687	1693238
688	1694238
689	1695238
690	1696238
691	1697238
692	1698238
693	1699238
694	1700238
695	1701238
696	1702238
697	1703238
698	1704238
699	1705238
700	1706238
701	1707238
702	1708238
703	1709238
704	1710238
705	1711238
706	1712238
707	1713238
708	1714238
709	1715238
710	1716238
711	1717238
712	1718238
713	1719238
714	1720238
715	1721238
716	1722238
717	1723238
718	1724238
719	1725238
720	1726238
721	1727238
722	1728238
723	1729238
724	1730238
725	1731238
726	1732238
727	1733238
728	1734238
729	1735238
730	1736238
731	1737238
732	1738238
733	1739238
734	1740238
735	1741238
736	1742238
737	1743238
738	1744238
739	1745238
740	1746238
741	1747238
742	1748238
743	1749238
744	1750238
745	1751238
746	1752238
747	1753238
748	1754238
749	1755238
750	1756238
751	1757238
752	1758238
753	1759238
754	1760238
755	1761238
756	1762238
757	1763238
758	1764238
759	1765238
760	1766238
761	1767238
762	1768238
763	1769238
764	1770238
765	1771238
766	1772238
767	1773238
768	1774238
769	1775238
770	1776238
771	1777238
772	1778238
773	1779238
774	1780238
775	1781238
776	1782238
777	1783238
778	1784238
779	1785238
780	1786238
781	1787238
782	1788238
783	1789238
784	1790238
785	1791236
786	1792238
787	1793238
788	1794238
789	1795238
790	1796238
791	1797238
792	1798238
793	1799238
794	1800238
795	1801238
796	1802238
797	1803238
798	1804238
799	1805238
800	1806238
801	1807238
802	1808238
803	1809238
804	1810238
805	1811238
806	1812238
807	1813238
808	1814238
809	1815238
810	1816238
811	1817238
812	1818238
813	1819238
814	1820238
815	1821238
816	1822238
817	1823238
818	1824238
819	1825238
820	1826238
821	1827238
822	1828238
823	1829238
824	1830238
825	1831238
826	1832238
827	1833238
828	1834238
829	1835238
830	1836238
831	1837238
832	1838238
833	1839238
834	1840238
835	1841238
836	1842238
837	1843238
838	1844238
839	1845238
840	1846238
841	1847238
842	1848238
843	1849238
844	1850238
845	1851238
846	1852238
847	1853238
848	1854238
849	1855238
850	1856238
851	1857238
852	1858237
853	1859238
854	1860238
855	1861238
856	1862238
857	1863238
858	1864238
859	1865238
860	1866238
861	1867238
862	1868238
863	1869238
864	1870238
865	1871238
866	1872238
867	1873238
868	1874238
869	1875238
870	1876238
871	1877238
872	1878238
873	1879238
874	1880238
875	1881238
876	1882238
877	1883238
878	1884238
879	1885238
880	1886238
881	1887238
882	1888238
883	1889238
884	1890238
885	1891238
886	1892238
887	1893238
888	1894238
889	1895238
890	1896238
891	1897238
892	1898238
893	1899238
894	1900238
895	1901238
896	1902238
897	1903238
898	1904238
899	1905238
900	1906238
901	1907238
902	1908238
903	1909238
904	1910238
905	1911238
906	1912238
907	1913238
908	1914238
909	1915238
910	1916238
911	1917238
912	1918238
913	1919238
914	1920238
915	1921238
916	1922238
917	1923238
918	1924238
919	1925238
920	1926238
921	1927238
922	1928238
923	1929238
924	1930238
925	1931238
926	1932238
927	1933238
928	1934238
929	1935238
930	1936238
931	1937238
932	1938238
933	1939238
934	1940238
935	1941238
936	1942238
937	1943238
938	1944238
939	1945238
940	1946238
941	1947238
942	1948238
943	1949238
944	1950238
945	1951238
946	1952238
947	1953238
948	1954238
949	1955238
950	1956238
951	1957238
952	1958238
953	1959238
954	1960238
955	1961238
956	1962238
957	1963238
958	1964238
959	1965238
960	1966238
961	1967238
962	1968238
963	1969238
964	1970238
965	1971238
966	1972238
967	1973238
968	1974238
969	1975238
970	1976238
971	1977238
972	1978238
973	1979238
974	1980238
975	1981238
976	1982238
977	1983238
978	1984238
979	1985238
980	1986238
981	1987238
982	1988238
983	1989238
984	1990238
985	1991238
986	1992238
987	1993238
988	1994238
989	1995238
990	1996238
991	1997238
992	1998238
993	1999238
994	2000238
995	2001238
996	2002238
997	2003238
998	2004238
999	2005238
1000	2006238
1001	2007238
1002	2008238
1003	2009238
1004	2010238
1005	2011238
1006	2012238
1007	2013238
1008	2014238
1009	2015238
1010	2016238
1011	2017238
1012	2018238
1013	2019238
1014	2020238
1015	2021238
1016	2022238
1017	2023238
1018	2024238
1019	2025238
1020	2026238
1021	2027238
1022	2028238
1023	2029238
1024	2030238
1025	2031238
1026	2032238
1027	2033238
1028	2034238
1029	2035238
1030	2036238
1031	2037238
1032	2038238
1033	2039238
1034	2040238
1035	2041238
1036	2042238
1037	2043238
1038	2044238
1039	2045238
1040	2046238
1041	2047236
1042	2048238
1043	2049238
1044	2050238
1045	2051238
1046	2052238
1047	2053238
1048	2054238
1049	2055238
1050	2056238
1051	2057238
1052	2058238
1053	2059238
1054	2060238
1055	2061238
1056	2062238
1057	2063238
1058	2064238
1059	2065238
1060	2066238
1061	2067238
1062	2068238
1063	2069238
1064	2070238
1065	2071238
1066	2072238
1067	2073238
1068	2074238
1069	2075238
1070	2076238
1071	2077238
1072	2078238
1073	2079238
1074	2080238
1075	2081238
1076	2082238
1077	2083238
1078	2084238
1079	2085238
1080	2086238
1081	2087238
1082	2088238
1083	2089238
1084	2090238
1085	2091238
1086	2092238
1087	2093238
1088	2094238
1089	2095238
1090	2096238
1091	2097238
1092	2098238
1093	2099238
1094	2100238
1095	2101238
1096	2102238
1097	2103238
1098	2104238
1099	2105238
1100	2106238
1101	2107238
1102	2108238
1103	2109238
1104	2110238
1105	2111238
1106	2112238
1107	2113238
1108	2114235
1109	2115238
1110	2116238
1111	2117238
1112	2118238
1113	2119238
1114	2120238
1115	2121238
1116	2122238
1117	2123238
1118	2124238
1119	2125238
1120	2126238
1121	2127238
1122	2128238
1123	2129238
1124	2130238
1125	2131238
1126	2132238
1127	2133238
1128	2134238
1129	2135238
1130	2136238
1131	2137238
1132	2138238
1133	2139238
1134	2140238
1135	2141238
1136	2142238
1137	2143238
1138	2144238
1139	2145238
1140	2146238
1141	2147238
1142	2148238
1143	2149238
1144	2150238
1145	2151238
1146	2152238
1147	2153238
1148	2154238
1149	2155238
1150	2156238
1151	2157238
1152	2158238
1153	2159238
1154	2160238
1155	2161238
1156	2162238
1157	2163238
1158	2164238
1159	2165238
1160	2166238
1161	2167238
1162	2168238
1163	2169238
1164	2170238
1165	2171238
1166	2172238
1167	2173238
1168	2174238
1169	2175238
1170	2176238
1171	2177238
1172	2178238
1173	2179238
1174	2180238
1175	2181238
1176	2182238
1177	2183238
1178	2184238
1179	2185238
1180	2186238
1181	2187238
1182	2188238
1183	2189238
1184	2190238
1185	2191238
1186	2192238
1187	2193238
1188	2194238
1189	2195238
1190	2196238
1191	2197238
1192	2198238
1193	2199238
1194	2200238
1195	2201238
1196	2202238
1197	2203238
1198	2204238
1199	2205238
1200	2206238
1201	2207238
1202	2208238
1203	2209238
1204	2210238
1205	2211238
1206	2212238
1207	2213238
1208	2214238
1209	2215238
1210	2216238
1211	2217238
1212	2218238
1213	2219238
1214	2220238
1215	2221238
1216	2222238
1217	2223238
1218	2224238
1219	2225238
1220	2226238
1221	2227238
1222	2228238
1223	2229238
1224	2230238
1225	2231238
1226	2232238
1227	2233238
1228	2234238
1229	2235238
1230	2236238
1231	2237238
1232	2238238
1233	2239238
1234	2240238
1235	2241238
1236	2242238
1237	2243238
1238	2244238
1239	2245238
1240	2246238
1241	2247238
1242	2248238
1243	2249238
1244	2250238
1245	2251238
1246	2252238
1247	2253238
1248	2254238
1249	2255238
1250	2256238
1251	2257238
1252	2258238
1253	2259238
1254	2260238
1255	2261238
1256	2262238
1257	2263238
1258	2264238
1259	2265238
1260	2266238
1261	2267238
1262	2268238
1263	2269238
1264	2270238
1265	2271238
1266	2272238
1267	2273238
1268	2274238
1269	2275238
1270	2276238
1271	2277238
1272	2278238
1273	2279238
1274	2280238
1275	2281238
1276	2282238
1277	2283238
1278	2284238
1279	2285238
1280	2286238
1281	2287238
1282	2288238
1283	2289238
1284	2290237
1285	2291238
1286	2292238
1287	2293238
1288	2294238
1289	2295238
1290	2296238
1291	2297238
1292	2298238
1293	2299238
1294	2300238
1295	2301238
1296	2302238
1297	2303236
1298	2304238
1299	2305238
1300	2306238
1301	2307238
1302	2308238
1303	2309238
1304	2310238
1305	2311238
1306	2312238
1307	2313238
1308	2314238
1309	2315238
1310	2316238
1311	2317238
1312	2318238
1313	2319238
1314	2320238
1315	2321238
1316	2322238
1317	2323238
1318	2324238
1319	2325238
1320	2326238
1321	2327238
1322	2328238
1323	2329238
1324	2330238
1325	2331238
1326	2332238
1327	2333238
1328	2334238
1329	2335238
1330	2336238
1331	2337238
1332	2338238
1333	2339238
1334	2340238
1335	2341238
1336	2342238
1337	2343238
1338	2344238
1339	2345238
1340	2346238
1341	2347238
1342	2348238
1343	2349238
1344	2350238
1345	2351238
1346	2352238
1347	2353238
1348	2354238
1349	2355238
1350	2356238
1351	2357238
1352	2358238
1353	2359238
1354	2360238
1355	2361238
1356	2362238
1357	2363238
1358	2364238
1359	2365238
1360	2366238
1361	2367238
1362	2368238
1363	2369238
1364	2370237
1365	2371238
1366	2372238
1367	2373238
1368	2374238
1369	2375238
1370	2376238
1371	2377238
1372	2378238
1373	2379238
1374	2380238
1375	2381238
1376	2382238
1377	2383238
1378	2384238
1379	2385238
1380	2386238
1381	2387238
1382	2388238
1383	2389238
1384	2390238
1385	2391238
1386	2392238
1387	2393238
1388	2394238
1389	2395238
1390	2396238
1391	2397238
1392	2398238
1393	2399238
1394	2400238
1395	2401238
1396	2402238
1397	2403238
1398	2404238
1399	2405238
1400	2406238
1401	2407238
1402	2408238
1403	2409238
1404	2410238
1405	2411238
1406	2412238
1407	2413238
1408	2414238
1409	2415238
1410	2416238
1411	2417238
1412	2418238
1413	2419238
1414	2420238
1415	2421238
1416	2422238
1417	2423238
1418	2424238
1419	2425238
1420	2426238
1421	2427238
1422	2428238
1423	2429238
1424	2430238
1425	2431238
1426	2432238
1427	2433238
1428	2434238
1429	2435238
1430	2436238
1431	2437238
1432	2438238
1433	2439238
1434	2440238
1435	2441238
1436	2442238
1437	2443238
1438	2444238
1439	2445238
1440	2446238
1441	2447238
1442	2448238
1443	2449238
1444	2450238
1445	2451238
1446	2452238
1447	2453238
1448	2454238
1449	2455238
1450	2456238
1451	2457238
1452	2458238
1453	2459238
1454	2460238
1455	2461238
1456	2462238
1457	2463238
1458	2464238
1459	2465238
1460	2466238
1461	2467238
1462	2468238
1463	2469238
1464	2470238
1465	2471238
1466	2472238
1467	2473238
1468	2474238
1469	2475238
1470	2476238
1471	2477238
1472	2478238
1473	2479238
1474	2480238
1475	2481238
1476	2482238
1477	2483238
1478	2484238
1479	2485238
1480	2486238
1481	2487238
1482	2488238
1483	2489238
1484	2490238
1485	2491238
1486	2492238
1487	2493238
1488	2494238
1489	2495238
1490	2496238
1491	2497238
1492	2498238
1493	2499238
1494	2500238
1495	2501238
1496	2502238
1497	2503238
1498	2504238
1499	2505238
1500	2506238
1501	2507238
1502	2508238
1503	2509238
1504	2510238
1505	2511238
1506	2512238
1507	2513238
1508	2514238
1509	2515238
1510	2516238
1511	2517238
1512	2518238
1513	2519238
1514	2520238
1515	2521238
1516	2522238
1517	2523238
1518	2524238
1519	2525238
1520	2526238
1521	2527238
1522	2528238
1523	2529238
1524	2530238
1525	2531238
1526	2532238
1527	2533238
1528	2534238
1529	2535238
1530	2536238
1531	2537238
1532	2538238
1533	2539238
1534	2540238
1535	2541238
1536	2542238
1537	2543238
1538	2544238
1539	2545238
1540	2546238
1541	2547238
1542	2548238
1543	2549238
1544	2550238
1545	2551238
1546	2552238
1547	2553238
1548	2554238
1549	2555238
1550	2556238
1551	2557238
1552	2558238
1553	2559236
1554	2560238
1555	2561238
1556	2562238
1557	2563238
1558	2564238
1559	2565238
1560	2566238
1561	2567238
1562	2568238
1563	2569238
1564	2570238
1565	2571238
1566	2572238
1567	2573238
1568	2574238
1569	2575238
1570	2576238
1571	2577238
1572	2578238
1573	2579238
1574	2580238
1575	2581238
1576	2582238
1577	2583238
1578	2584238
1579	2585238
1580	2586238
1581	2587238
1582	2588238
1583	2589238
1584	2590238
1585	2591238
1586	2592238
1587	2593238
1588	2594238
1589	2595238
1590	2596238
1591	2597238
1592	2598238
1593	2599238
1594	2600238
1595	2601238
1596	2602238
1597	2603238
1598	2604238
1599	2605238
1600	2606238
1601	2607238
1602	2608238
1603	2609238
1604	2610238
1605	2611238
1606	2612238
1607	2613238
1608	2614238
1609	2615238
1610	2616238
1611	2617238
1612	2618238
1613	2619238
1614	2620238
1615	2621238
1616	2622238
1617	2623238
1618	2624238
1619	2625238
1620	2626237
1621	2627238
1622	2628238
1623	2629238
1624	2630238
1625	2631238
1626	2632238
1627	2633238
1628	2634238
1629	2635238
1630	2636238
1631	2637238
1632	2638238
1633	2639238
1634	2640238
1635	2641238
1636	2642238
1637	2643238
1638	2644238
1639	2645238
1640	2646238
1641	2647238
1642	2648238
1643	2649238
1644	2650238
1645	2651238
1646	2652238
1647	2653238
1648	2654238
1649	2655238
1650	2656238
1651	2657238
1652	2658238
1653	2659238
1654	2660238
1655	2661238
1656	2662238
1657	2663238
1658	2664238
1659	2665238
1660	2666238
1661	2667238
1662	2668238
1663	2669238
1664	2670238
1665	2671238
1666	2672238
1667	2673238
1668	2674238
1669	2675238
1670	2676238
1671	2677238
1672	2678238
1673	2679238
1674	2680238
1675	2681238
1676	2682238
1677	2683238
1678	2684238
1679	2685238
1680	2686238
1681	2687238
1682	2688238
1683	2689238
1684	2690238
1685	2691238
1686	2692238
1687	2693238
1688	2694238
1689	2695238
1690	2696238
1691	2697238
1692	2698238
1693	2699238
1694	2700238
1695	2701238
1696	2702238
1697	2703238
1698	2704238
1699	2705238
1700	2706238
1701	2707238
1702	2708238
1703	2709238
1704	2710238
1705	2711238
1706	2712238
1707	2713238
1708	2714238
1709	2715238
1710	2716238
1711	2717238
1712	2718238
1713	2719238
1714	2720238
1715	2721238
1716	2722238
1717	2723238
1718	2724238
1719	2725238
1720	2726238
1721	2727238
1722	2728238
1723	2729238
1724	2730238
1725	2731238
1726	2732238
1727	2733238
1728	2734238
1729	2735238
1730	2736238
1731	2737238
1732	2738238
1733	2739238
1734	2740238
1735	2741238
1736	2742238
1737	2743238
1738	2744238
1739	2745238
1740	2746238
1741	2747238
1742	2748238
1743	2749238
1744	2750238
1745	2751238
1746	2752238
1747	2753238
1748	2754238
1749	2755238
1750	2756238
1751	2757238
1752	2758238
1753	2759238
1754	2760238
1755	2761238
1756	2762238
1757	2763238
1758	2764238
1759	2765238
1760	2766238
1761	2767238
1762	2768238
1763	2769238
1764	2770238
1765	2771238
1766	2772238
1767	2773238
1768	2774238
1769	2775238
1770	2776238
1771	2777238
1772	2778238
1773	2779238
1774	2780238
1775	2781238
1776	2782238
1777	2783238
1778	2784238
1779	2785238
1780	2786238
1781	2787238
1782	2788238
1783	2789238
1784	2790238
1785	2791238
1786	2792238
1787	2793238
1788	2794238
1789	2795238
1790	2796238
1791	2797238
1792	2798238
1793	2799238
1794	2800238
1795	2801238
1796	2802238
1797	2803238
1798	2804238
1799	2805238
1800	2806238
1801	2807238
1802	2808238
1803	2809238
1804	2810238
1805	2811238
1806	2812238
1807	2813238
1808	2814238
1809	2815236
1810	2816238
1811	2817238
1812	2818238
1813	2819238
1814	2820238
1815	2821238
1816	2822238
1817	2823238
1818	2824238
1819	2825238
1820	2826238
1821	2827238
1822	2828238
1823	2829238
1824	2830238
1825	2831238
1826	2832238
1827	2833238
1828	2834238
1829	2835238
1830	2836238
1831	2837238
1832	2838238
1833	2839238
1834	2840238
1835	2841238
1836	2842238
1837	2843238
1838	2844238
1839	2845238
1840	2846238
1841	2847238
1842	2848238
1843	2849238
1844	2850238
1845	2851238
1846	2852238
1847	2853238
1848	2854238
1849	2855238
1850	2856238
1851	2857238
1852	2858237
1853	2859238
1854	2860238
1855	2861238
1856	2862238
1857	2863238
1858	2864238
1859	2865238
1860	2866238
1861	2867238
1862	2868238
1863	2869238
1864	2870238
1865	2871238
1866	2872238
1867	2873238
1868	2874238
1869	2875238
1870	2876238
1871	2877238
1872	2878238
1873	2879238
1874	2880238
1875	2881238
1876	2882237
1877	2883238
1878	2884238
1879	2885238
1880	2886238
1881	2887238
1882	2888238
1883	2889238
1884	2890238
1885	2891238
1886	2892238
1887	2893238
1888	2894238
1889	2895238
1890	2896238
1891	2897238
1892	2898238
1893	2899238
1894	2900238
1895	2901238
1896	2902238
1897	2903238
1898	2904238
1899	2905238
1900	2906238
1901	2907238
1902	2908238
1903	2909238
1904	2910238
1905	2911238
1906	2912238
1907	2913238
1908	2914238
1909	2915238
1910	2916238
1911	2917238
1912	2918238
1913	2919238
1914	2920238
1915	2921238
1916	2922238
1917	2923238
1918	2924238
1919	2925238
1920	2926238
1921	2927238
1922	2928238
1923	2929238
1924	2930238
1925	2931238
1926	2932238
1927	2933238
1928	2934238
1929	2935238
1930	2936238
1931	2937238
1932	2938238
1933	2939238
1934	2940238
1935	2941238
1936	2942238
1937	2943238
1938	2944238
1939	2945238
1940	2946238
1941	2947238
1942	2948238
1943	2949238
1944	2950238
1945	2951238
1946	2952238
1947	2953238
1948	2954238
1949	2955238
1950	2956238
1951	2957238
1952	2958238
1953	2959238
1954	2960238
1955	2961238
1956	2962238
1957	2963238
1958	2964238
1959	2965238
1960	2966238
1961	2967238
1962	2968238
1963	2969238
1964	2970238
1965	2971238
1966	2972238
1967	2973238
1968	2974238
1969	2975238
1970	2976238
1971	2977238
1972	2978238
1973	2979238
1974	2980238
1975	2981238
1976	2982238
1977	2983238
1978	2984238
1979	2985238
1980	2986238
1981	2987238
1982	2988238
1983	2989238
1984	2990238
1985	2991238
1986	2992238
1987	2993238
1988	2994238
1989	2995238
1990	2996238
1991	2997238
1992	2998238
1993	2999238
1994	3000238
1995	3001238
1996	3002238
1997	3003238
1998	3004238
1999	3005238
2000	3006238
2001	3007238
2002	3008238
2003	3009238
2004	3010238
2005	3011238
2006	3012238
2007	3013238
2008	3014238
2009	3015238
2010	3016238
2011	3017238
2012	3018238
2013	3019238
2014	3020238
2015	3021238
2016	3022238
2017	3023238
2018	3024238
2019	3025238
2020	3026238
2021	3027238
2022	3028238
2023	3029238
2024	3030238
2025	3031238
2026	3032238
2027	3033238
2028	3034238
2029	3035238
2030	3036238
2031	3037238
2032	3038238
2033	3039238
2034	3040238
2035	3041238
2036	3042238
2037	3043238
2038	3044238
2039	3045238
2040	3046238
2041	3047238
2042	3048238
2043	3049238
2044	3050238
2045	3051238
2046	3052238
2047	3053238
2048	3054238
2049	3055238
2050	3056238
2051	3057238
2052	3058238
2053	3059238
2054	3060238
2055	3061238
2056	3062238
2057	3063238
2058	3064238
2059	3065238
2060	3066238
2061	3067238
2062	3068238
2063	3069238
2064	3070238
2065	3071236
2066	3072238
2067	3073238
2068	3074238
2069	3075238
2070	3076238
2071	3077238
2072	3078238
2073	3079238
2074	3080238
2075	3081238
2076	3082238
2077	3083238
2078	3084238
2079	3085238
2080	3086238
2081	3087238
2082	3088238
2083	3089238
2084	3090238
2085	3091238
2086	3092238
2087	3093238
2088	3094238
2089	3095238
2090	3096238
2091	3097238
2092	3098238
2093	3099238
2094	3100238
2095	3101238
2096	3102238
2097	3103238
2098	3104238
2099	3105238
2100	3106238
2101	3107238
2102	3108238
2103	3109238
2104	3110238
2105	3111238
2106	3112238
2107	3113238
2108	3114238
2109	3115238
2110	3116238
2111	3117238
2112	3118238
2113	3119238
2114	3120238
2115	3121238
2116	3122238
2117	3123238
2118	3124238
2119	3125238
2120	3126238
2121	3127238
2122	3128238
2123	3129238
2124	3130238
2125	3131238
2126	3132238
2127	3133238
2128	3134238
2129	3135238
2130	3136238
2131	3137238
2132	3138237
2133	3139238
2134	3140238
2135	3141238
2136	3142238
2137	3143238
2138	3144238
2139	3145238
2140	3146238
2141	3147238
2142	3148238
2143	3149238
2144	3150238
2145	3151238
2146	3152238
2147	3153238
2148	3154238
2149	3155238
2150	3156238
2151	3157238
2152	3158238
2153	3159238
2154	3160238
2155	3161238
2156	3162238
2157	3163238
2158	3164238
2159	3165238
2160	3166238
2161	3167238
2162	3168238
2163	3169238
2164	3170238
2165	3171238
2166	3172238
2167	3173238
2168	3174238
2169	3175238
2170	3176238
2171	3177238
2172	3178238
2173	3179238
2174	3180238
2175	3181238
2176	3182238
2177	3183238
2178	3184238
2179	3185238
2180	3186238
2181	3187238
2182	3188238
2183	3189238
2184	3190238
2185	3191238
2186	3192238
2187	3193238
2188	3194238
2189	3195238
2190	3196238
2191	3197238
2192	3198238
2193	3199238
2194	3200238
2195	3201238
2196	3202238
2197	3203238
2198	3204238
2199	3205238
2200	3206238
2201	3207238
2202	3208238
2203	3209238
2204	3210238
2205	3211238
2206	3212238
2207	3213238
2208	3214238
2209	3215238
2210	3216238
2211	3217238
2212	3218238
2213	3219238
2214	3220238
2215	3221238
2216	3222238
2217	3223238
2218	3224238
2219	3225238
2220	3226238
2221	3227238
2222	3228238
2223	3229238
2224	3230238
2225	3231238
2226	3232238
2227	3233238
2228	3234238
2229	3235238
2230	3236238
2231	3237238
2232	3238238
2233	3239238
2234	3240238
2235	3241238
2236	3242238
2237	3243238
2238	3244238
2239	3245238
2240	3246238
2241	3247238
2242	3248238
2243	3249238
2244	3250238
2245	3251238
2246	3252238
2247	3253238
2248	3254238
2249	3255238
2250	3256238
2251	3257238
2252	3258238
2253	3259238
2254	3260238
2255	3261238
2256	3262238
2257	3263238
2258	3264238
2259	3265238
2260	3266238
2261	3267238
2262	3268238
2263	3269238
2264	3270238
2265	3271238
2266	3272238
2267	3273238
2268	3274238
2269	3275238
2270	3276238
2271	3277238
2272	3278238
2273	3279238
2274	3280238
2275	3281238
2276	3282238
2277	3283238
2278	3284238
2279	3285238
2280	3286238
2281	3287238
2282	3288238
2283	3289238
2284	3290238
2285	3291238
2286	3292238
2287	3293238
2288	3294238
2289	3295238
2290	3296238
2291	3297238
2292	3298238
2293	3299238
2294	3300238
2295	3301238
2296	3302238
2297	3303238
2298	3304238
2299	3305238
2300	3306238
2301	3307238
2302	3308238
2303	3309238
2304	3310238
2305	3311238
2306	3312238
2307	3313238
2308	3314238
2309	3315238
2310	3316238
2311	3317238
2312	3318238
2313	3319238
2314	3320238
2315	3321238
2316	3322238
2317	3323238
2318	3324238
2319	3325238
2320	3326238
2321	3327236
2322	3328238
2323	3329238
2324	3330238
2325	3331238
2326	3332238
2327	3333238
2328	3334238
2329	3335238
2330	3336238
2331	3337238
2332	3338238
2333	3339238
2334	3340238
2335	3341238
2336	3342238
2337	3343238
2338	3344238
2339	3345238
2340	3346238
2341	3347238
2342	3348238
2343	3349238
2344	3350238
2345	3351238
2346	3352238
2347	3353238
2348	3354238
2349	3355238
2350	3356238
2351	3357238
2352	3358238
2353	3359238
2354	3360238
2355	3361238
2356	3362238
2357	3363238
2358	3364238
2359	3365238
2360	3366238
2361	3367238
2362	3368238
2363	3369238
2364	3370238
2365	3371238
2366	3372238
2367	3373238
2368	3374238
2369	3375238
2370	3376238
2371	3377238
2372	3378238
2373	3379238
2374	3380238
2375	3381238
2376	3382238
2377	3383238
2378	3384238
2379	3385238
2380	3386238
2381	3387238
2382	3388238
2383	3389238
2384	3390238
2385	3391238
2386	3392238
2387	3393238
2388	3394237
2389	3395238
2390	3396238
2391	3397238
2392	3398238
2393	3399238
2394	3400238
2395	3401238
2396	3402238
2397	3403238
2398	3404238
2399	3405238
2400	3406238
2401	3407238
2402	3408238
2403	3409238
2404	3410238
2405	3411238
2406	3412238
2407	3413238
2408	3414238
2409	3415238
2410	3416238
2411	3417238
2412	3418238
2413	3419238
2414	3420238
2415	3421238
2416	3422238
2417	3423238
2418	3424238
2419	3425238
2420	3426238
2421	3427238
2422	3428238
2423	3429238
2424	3430238
2425	3431238
2426	3432238
2427	3433238
2428	3434238
2429	3435238
2430	3436238
2431	3437238
2432	3438238
2433	3439238
2434	3440238
2435	3441238
2436	3442238
2437	3443238
2438	3444238
2439	3445238
2440	3446238
2441	3447238
2442	3448238
2443	3449238
2444	3450238
2445	3451238
2446	3452238
2447	3453238
2448	3454238
2449	3455238
2450	3456238
2451	3457238
2452	3458238
2453	3459238
2454	3460238
2455	3461238
2456	3462238
2457	3463238
2458	3464238
2459	3465238
2460	3466238
2461	3467238
2462	3468238
2463	3469238
2464	3470238
2465	3471238
2466	3472238
2467	3473238
2468	3474238
2469	3475238
2470	3476238
2471	3477238
2472	3478238
2473	3479238
2474	3480238
2475	3481238
2476	3482238
2477	3483238
2478	3484238
2479	3485238
2480	3486238
2481	3487238
2482	3488238
2483	3489238
2484	3490238
2485	3491238
2486	3492238
2487	3493238
2488	3494238
2489	3495238
2490	3496238
2491	3497238
2492	3498238
2493	3499238
2494	3500238
2495	3501238
2496	3502238
2497	3503238
2498	3504238
2499	3505238
2500	3506238
2501	3507238
2502	3508238
2503	3509238
2504	3510238
2505	3511238
2506	3512238
2507	3513238
2508	3514238
2509	3515238
2510	3516238
2511	3517238
2512	3518238
2513	3519238
2514	3520238
2515	3521238
2516	3522238
2517	3523238
2518	3524238
2519	3525238
2520	3526238
2521	3527238
2522	3528238
2523	3529238
2524	3530238
2525	3531238
2526	3532238
2527	3533238
2528	3534238
2529	3535238
2530	3536238
2531	3537238
2532	3538238
2533	3539238
2534	3540238
2535	3541238
2536	3542238
2537	3543238
2538	3544238
2539	3545238
2540	3546238
2541	3547238
2542	3548238
2543	3549238
2544	3550238
2545	3551238
2546	3552238
2547	3553238
2548	3554238
2549	3555238
2550	3556238
2551	3557238
2552	3558238
2553	3559238
2554	3560238
2555	3561238
2556	3562238
2557	3563238
2558	3564238
2559	3565238
2560	3566238
2561	3567237
2562	3568238
2563	3569238
2564	3570238
2565	3571238
2566	3572238
2567	3573238
2568	3574238
2569	3575238
2570	3576238
2571	3577238
2572	3578238
2573	3579238
2574	3580238
2575	3581238
2576	3582238
2577	3583236
2578	3584238
2579	3585238
2580	3586238
2581	3587238
2582	3588238
2583	3589238
2584	3590238
2585	3591238
2586	3592238
2587	3593238
2588	3594238
2589	3595238
2590	3596238
2591	3597238
2592	3598238
2593	3599238
2594	3600238
2595	3601238
2596	3602238
2597	3603238
2598	3604238
2599	3605238
2600	3606238
2601	3607238
2602	3608238
2603	3609238
2604	3610238
2605	3611238
2606	3612238
2607	3613238
2608	3614238
2609	3615238
2610	3616238
2611	3617238
2612	3618238
2613	3619238
2614	3620238
2615	3621238
2616	3622238
2617	3623238
2618	3624238
2619	3625238
2620	3626238
2621	3627238
2622	3628238
2623	3629238
2624	3630238
2625	3631238
2626	3632238
2627	3633238
2628	3634238
2629	3635238
2630	3636238
2631	3637238
2632	3638238
2633	3639238
2634	3640238
2635	3641238
2636	3642238
2637	3643238
2638	3644238
2639	3645238
2640	3646238
2641	3647238
2642	3648238
2643	3649238
2644	3650236
2645	3651238
2646	3652238
2647	3653238
2648	3654238
2649	3655238
2650	3656238
2651	3657238
2652	3658238
2653	3659238
2654	3660238
2655	3661238
2656	3662238
2657	3663238
2658	3664238
2659	3665238
2660	3666238
2661	3667238
2662	3668238
2663	3669238
2664	3670238
2665	3671238
2666	3672238
2667	3673238
2668	3674238
2669	3675238
2670	3676238
2671	3677238
2672	3678238
2673	3679238
2674	3680238
2675	3681238
2676	3682238
2677	3683238
2678	3684238
2679	3685238
2680	3686238
2681	3687238
2682	3688238
2683	3689238
2684	3690238
2685	3691238
2686	3692238
2687	3693238
2688	3694238
2689	3695238
2690	3696238
2691	3697238
2692	3698238
2693	3699238
2694	3700238
2695	3701238
2696	3702238
2697	3703238
2698	3704238
2699	3705238
2700	3706238
2701	3707238
2702	3708238
2703	3709238
2704	3710238
2705	3711238
2706	3712238
2707	3713238
2708	3714238
2709	3715238
2710	3716238
2711	3717238
2712	3718238
2713	3719238
2714	3720238
2715	3721238
2716	3722238
2717	3723238
2718	3724238
2719	3725238
2720	3726238
2721	3727238
2722	3728238
2723	3729238
2724	3730238
2725	3731238
2726	3732238
2727	3733238
2728	3734238
2729	3735238
2730	3736238
2731	3737238
2732	3738238
2733	3739238
2734	3740238
2735	3741238
2736	3742238
2737	3743238
2738	3744238
2739	3745238
2740	3746238
2741	3747238
2742	3748238
2743	3749238
2744	3750238
2745	3751238
2746	3752238
2747	3753238
2748	3754238
2749	3755238
2750	3756238
2751	3757238
2752	3758238
2753	3759238
2754	3760238
2755	3761238
2756	3762238
2757	3763238
2758	3764238
2759	3765238
2760	3766238
2761	3767238
2762	3768238
2763	3769238
2764	3770238
2765	3771238
2766	3772238
2767	3773238
2768	3774238
2769	3775238
2770	3776238
2771	3777238
2772	3778238
2773	3779238
2774	3780238
2775	3781238
2776	3782238
2777	3783238
2778	3784238
2779	3785238
2780	3786238
2781	3787238
2782	3788238
2783	3789238
2784	3790238
2785	3791238
2786	3792238
2787	3793238
2788	3794238
2789	3795238
2790	3796238
2791	3797238
2792	3798238
2793	3799238
2794	3800238
2795	3801238
2796	3802238
2797	3803238
2798	3804238
2799	3805238
2800	3806243
2801	3807238
2802	3808238
2803	3809238
2804	3810238
2805	3811238
2806	3812238
2807	3813238
2808	3814238
2809	3815238
2810	3816238
2811	3817238
2812	3818238
2813	3819238
2814	3820238
2815	3821238
2816	3822238
2817	3823238
2818	3824238
2819	3825238
2820	3826238
2821	3827238
2822	3828238
2823	3829238
2824	3830238
2825	3831238
2826	3832238
2827	3833238
2828	3834238
2829	3835238
2830	3836238
2831	3837238
2832	3838238
2833	3839236
2834	3840238
2835	3841238
2836	3842238
2837	3843238
2838	3844238
2839	3845238
2840	3846238
2841	3847238
2842	3848238
2843	3849238
2844	3850238
2845	3851238
2846	3852238
2847	3853238
2848	3854238
2849	3855238
2850	3856238
2851	3857238
2852	3858238
2853	3859238
2854	3860238
2855	3861238
2856	3862238
2857	3863238
2858	3864238
2859	3865238
2860	3866238
2861	3867238
2862	3868238
2863	3869238
2864	3870238
2865	3871238
2866	3872238
2867	3873238
2868	3874238
2869	3875238
2870	3876238
2871	3877238
2872	3878238
2873	3879238
2874	3880238
2875	3881238
2876	3882238
2877	3883238
2878	3884238
2879	3885238
2880	3886238
2881	3887238
2882	3888238
2883	3889238
2884	3890238
2885	3891238
2886	3892238
2887	3893238
2888	3894238
2889	3895238
2890	3896238
2891	3897238
2892	3898238
2893	3899238
2894	3900238
2895	3901238
2896	3902238
2897	3903238
2898	3904238
2899	3905238
2900	3906237
2901	3907238
2902	3908238
2903	3909238
2904	3910238
2905	3911238
2906	3912238
2907	3913238
2908	3914238
2909	3915238
2910	3916238
2911	3917238
2912	3918238
2913	3919238
2914	3920238
2915	3921238
2916	3922238
2917	3923238
2918	3924238
2919	3925238
2920	3926238
2921	3927238
2922	3928238
2923	3929238
2924	3930238
2925	3931238
2926	3932238
2927	3933238
2928	3934238
2929	3935238
2930	3936238
2931	3937238
2932	3938238
2933	3939238
2934	3940238
2935	3941238
2936	3942238
2937	3943238
2938	3944238
2939	3945238
2940	3946238
2941	3947238
2942	3948238
2943	3949238
2944	3950238
2945	3951238
2946	3952238
2947	3953238
2948	3954238
2949	3955238
2950	3956238
2951	3957238
2952	3958238
2953	3959238
2954	3960238
2955	3961238
2956	3962238
2957	3963238
2958	3964238
2959	3965238
2960	3966238
2961	3967238
2962	3968238
2963	3969238
2964	3970238
2965	3971238
2966	3972238
2967	3973238
2968	3974238
2969	3975238
2970	3976238
2971	3977238
2972	3978238
2973	3979238
2974	3980238
2975	3981238
2976	3982238
2977	3983238
2978	3984238
2979	3985238
2980	3986238
2981	3987238
2982	3988238
2983	3989238
2984	3990238
2985	3991238
2986	3992238
2987	3993238
2988	3994238
2989	3995238
2990	3996238
2991	3997238
2992	3998238
2993	3999238
2994	4000238
2995	4001238
2996	4002238
2997	4003238
2998	4004238
2999	4005238
3000	4006238
3001	4007238
3002	4008238
3003	4009238
3004	4010238
3005	4011238
3006	4012238
3007	4013238
3008	4014238
3009	4015238
3010	4016238
3011	4017238
3012	4018238
3013	4019238
3014	4020238
3015	4021238
3016	4022238
3017	4023238
3018	4024238
3019	4025238
3020	4026238
3021	4027238
3022	4028238
3023	4029238
3024	4030238
3025	4031238
3026	4032238
3027	4033238
3028	4034238
3029	4035238
3030	4036238
3031	4037238
3032	4038238
3033	4039238
3034	4040238
3035	4041238
3036	4042238
3037	4043238
3038	4044238
3039	4045238
3040	4046238
3041	4047238
3042	4048238
3043	4049238
3044	4050238
3045	4051238
3046	4052238
3047	4053238
3048	4054238
3049	4055238
3050	4056238
3051	4057238
3052	4058238
3053	4059238
3054	4060238
3055	4061238
3056	4062238
3057	4063238
3058	4064238
3059	4065238
3060	4066238
3061	4067238
3062	4068238
3063	4069238
3064	4070238
3065	4071238
3066	4072238
3067	4073238
3068	4074238
3069	4075238
3070	4076238
3071	4077238
3072	4078238
3073	4079238
3074	4080238
3075	4081238
3076	4082238
3077	4083238
3078	4084238
3079	4085238
3080	4086238
3081	4087238
3082	4088238
3083	4089238
3084	4090238
3085	4091238
3086	4092238
3087	4093238
3088	4094238
3089	4095236
3090	4096238
3091	4097238
3092	4098238
3093	4099238
3094	4100238
3095	4101238
3096	4102238
3097	4103238
3098	4104238
3099	4105238
3100	4106238
3101	4107238
3102	4108238
3103	4109238
3104	4110238
3105	4111238
3106	4112238
3107	4113238
3108	4114238
3109	4115238
3110	4116238
3111	4117238
3112	4118238
3113	4119238
3114	4120238
3115	4121238
3116	4122238
3117	4123238
3118	4124238
3119	4125238
3120	4126238
3121	4127238
3122	4128238
3123	4129238
3124	4130238
3125	4131238
3126	4132238
3127	4133238
3128	4134238
3129	4135238
3130	4136238
3131	4137238
3132	4138238
3133	4139238
3134	4140238
3135	4141238
3136	4142238
3137	4143238
3138	4144238
3139	4145238
3140	4146238
3141	4147238
3142	4148238
3143	4149238
3144	4150238
3145	4151238
3146	4152238
3147	4153238
3148	4154238
3149	4155238
3150	4156238
3151	4157238
3152	4158238
3153	4159238
3154	4160238
3155	4161238
3156	4162237
3157	4163238
3158	4164238
3159	4165238
3160	4166238
3161	4167238
3162	4168238
3163	4169238
3164	4170238
3165	4171238
3166	4172238
3167	4173238
3168	4174238
3169	4175238
3170	4176238
3171	4177238
3172	4178238
3173	4179238
3174	4180238
3175	4181238
3176	4182238
3177	4183238
3178	4184238
3179	4185238
3180	4186238
3181	4187238
3182	4188238
3183	4189238
3184	4190238
3185	4191238
3186	4192238
3187	4193238
3188	4194238
3189	4195238
3190	4196238
3191	4197238
3192	4198238
3193	4199238
3194	4200238
3195	4201238
3196	4202238
3197	4203238
3198	4204238
3199	4205238
3200	4206238
3201	4207238
3202	4208238
3203	4209238
3204	4210238
3205	4211238
3206	4212238
3207	4213238
3208	4214238
3209	4215238
3210	4216238
3211	4217238
3212	4218238
3213	4219238
3214	4220238
3215	4221238
3216	4222238
3217	4223238
3218	4224238
3219	4225238
3220	4226238
3221	4227238
3222	4228238
3223	4229238
3224	4230238
3225	4231238
3226	4232238
3227	4233238
3228	4234238
3229	4235238
3230	4236238
3231	4237238
3232	4238238
3233	4239238
3234	4240238
3235	4241238
3236	4242238
3237	4243238
3238	4244238
3239	4245238
3240	4246238
3241	4247238
3242	4248238
3243	4249238
3244	4250238
3245	4251238
3246	4252238
3247	4253238
3248	4254238
3249	4255238
3250	4256238
3251	4257238
3252	4258238
3253	4259238
3254	4260238
3255	4261238
3256	4262238
3257	4263238
3258	4264238
3259	4265238
3260	4266238
3261	4267238
3262	4268237
3263	4269237
3264	4270237
3265	4271237
3266	4272237
3267	4273237
3268	4274237
3269	4275237
3270	4276237
3271	4277237
3272	4278237
3273	4279237
3274	4280237
3275	4281237
3276	4282237
3277	4283237
3278	4284237
3279	4285238
3280	4286238
3281	4287238
3282	4288238
3283	4289238
3284	4290238
3285	4291238
3286	4292238
3287	4293238
3288	4294238
3289	4295238
3290	4296238
3291	4297238
3292	4298238
3293	4299238
3294	4300238
3295	4301238
3296	4302238
3297	4303238
3298	4304238
3299	4305238
3300	4306238
3301	4307238
3302	4308238
3303	4309238
3304	4310238
3305	4311238
3306	4312238
3307	4313238
3308	4314238
3309	4315238
3310	4316238
3311	4317238
3312	4318238
3313	4319238
3314	4320238
3315	4321238
3316	4322238
3317	4323238
3318	4324238
3319	4325238
3320	4326238
3321	4327238
3322	4328238
3323	4329238
3324	4330238
3325	4331238
3326	4332238
3327	4333238
3328	4334238
3329	4335238
3330	4336238
3331	4337238
3332	4338237
3333	4339238
3334	4340238
3335	4341238
3336	4342238
3337	4343238
3338	4344238
3339	4345238
3340	4346238
3341	4347238
3342	4348238
3343	4349238
3344	4350238
3345	4351236
3346	4352238
3347	4353238
3348	4354238
3349	4355238
3350	4356238
3351	4357238
3352	4358238
3353	4359238
3354	4360238
3355	4361238
3356	4362238
3357	4363238
3358	4364238
3359	4365238
3360	4366238
3361	4367238
3362	4368238
3363	4369238
3364	4370238
3365	4371238
3366	4372238
3367	4373238
3368	4374238
3369	4375238
3370	4376238
3371	4377238
3372	4378238
3373	4379238
3374	4380238
3375	4381238
3376	4382238
3377	4383238
3378	4384238
3379	4385238
3380	4386238
3381	4387238
3382	4388238
3383	4389238
3384	4390238
3385	4391238
3386	4392238
3387	4393238
3388	4394238
3389	4395238
3390	4396238
3391	4397238
3392	4398238
3393	4399238
3394	4400238
3395	4401238
3396	4402238
3397	4403238
3398	4404238
3399	4405238
3400	4406238
3401	4407238
3402	4408238
3403	4409238
3404	4410238
3405	4411238
3406	4412238
3407	4413238
3408	4414238
3409	4415238
3410	4416238
3411	4417238
3412	4418238
3413	4419238
3414	4420238
3415	4421238
3416	4422238
3417	4423238
3418	4424238
3419	4425238
3420	4426238
3421	4427238
3422	4428238
3423	4429238
3424	4430238
3425	4431238
3426	4432238
3427	4433238
3428	4434238
3429	4435238
3430	4436238
3431	4437238
3432	4438238
3433	4439238
3434	4440238
3435	4441238
3436	4442238
3437	4443238
3438	4444238
3439	4445238
3440	4446238
3441	4447238
3442	4448238
3443	4449238
3444	4450238
3445	4451238
3446	4452238
3447	4453238
3448	4454238
3449	4455238
3450	4456238
3451	4457238
3452	4458238
3453	4459238
3454	4460238
3455	4461238
3456	4462238
3457	4463238
3458	4464238
3459	4465238
3460	4466238
3461	4467238
3462	4468238
3463	4469238
3464	4470238
3465	4471238
3466	4472238
3467	4473238
3468	4474238
3469	4475238
3470	4476238
3471	4477238
3472	4478238
3473	4479238
3474	4480238
3475	4481238
3476	4482238
3477	4483238
3478	4484238
3479	4485238
3480	4486238
3481	4487238
3482	4488238
3483	4489238
3484	4490238
3485	4491238
3486	4492238
3487	4493238
3488	4494238
3489	4495238
3490	4496238
3491	4497238
3492	4498238
3493	4499238
3494	4500238
3495	4501238
3496	4502238
3497	4503238
3498	4504238
3499	4505238
3500	4506238
3501	4507238
3502	4508238
3503	4509238
3504	4510238
3505	4511238
3506	4512238
3507	4513238
3508	4514238
3509	4515238
3510	4516238
3511	4517238
3512	4518238
3513	4519238
3514	4520238
3515	4521238
3516	4522238
3517	4523238
3518	4524238
3519	4525238
3520	4526238
3521	4527238
3522	4528238
3523	4529238
3524	4530238
3525	4531238
3526	4532238
3527	4533238
3528	4534238
3529	4535238
3530	4536238
3531	4537238
3532	4538238
3533	4539238
3534	4540238
3535	4541238
3536	4542238
3537	4543238
3538	4544238
3539	4545238
3540	4546238
3541	4547238
3542	4548238
3543	4549238
3544	4550238
3545	4551238
3546	4552238
3547	4553238
3548	4554238
3549	4555238
3550	4556238
3551	4557238
3552	4558238
3553	4559238
3554	4560238
3555	4561238
3556	4562238
3557	4563238
3558	4564238
3559	4565238
3560	4566238
3561	4567238
3562	4568238
3563	4569238
3564	4570238
3565	4571238
3566	4572238
3567	4573238
3568	4574238
3569	4575238
3570	4576238
3571	4577238
3572	4578238
3573	4579238
3574	4580238
3575	4581238
3576	4582238
3577	4583238
3578	4584238
3579	4585238
3580	4586238
3581	4587238
3582	4588238
3583	4589238
3584	4590238
3585	4591238
3586	4592238
3587	4593238
3588	4594237
3589	4595238
3590	4596238
3591	4597238
3592	4598238
3593	4599238
3594	4600238
3595	4601238
3596	4602238
3597	4603238
3598	4604238
3599	4605238
3600	4606238
3601	4607236
3602	4608238
3603	4609238
3604	4610238
3605	4611238
3606	4612238
3607	4613238
3608	4614238
3609	4615238
3610	4616238
3611	4617238
3612	4618238
3613	4619238
3614	4620238
3615	4621238
3616	4622238
3617	4623238
3618	4624238
3619	4625238
3620	4626238
3621	4627238
3622	4628238
3623	4629238
3624	4630238
3625	4631238
3626	4632238
3627	4633238
3628	4634238
3629	4635238
3630	4636238
3631	4637238
3632	4638238
3633	4639238
3634	4640238
3635	4641238
3636	4642238
3637	4643238
3638	4644238
3639	4645238
3640	4646238
3641	4647238
3642	4648238
3643	4649238
3644	4650238
3645	4651238
3646	4652238
3647	4653238
3648	4654238
3649	4655238
3650	4656238
3651	4657238
3652	4658238
3653	4659238
3654	4660238
3655	4661238
3656	4662238
3657	4663238
3658	4664238
3659	4665238
3660	4666238
3661	4667238
3662	4668238
3663	4669238
3664	4670238
3665	4671238
3666	4672238
3667	4673238
3668	4674238
3669	4675238
3670	4676238
3671	4677238
3672	4678238
3673	4679238
3674	4680238
3675	4681238
3676	4682238
3677	4683238
3678	4684238
3679	4685238
3680	4686238
3681	4687238
3682	4688238
3683	4689238
3684	4690238
3685	4691238
3686	4692238
3687	4693238
3688	4694238
3689	4695238
3690	4696238
3691	4697238
3692	4698238
3693	4699238
3694	4700238
3695	4701238
3696	4702238
3697	4703238
3698	4704238
3699	4705238
3700	4706238
3701	4707238
3702	4708238
3703	4709238
3704	4710238
3705	4711238
3706	4712238
3707	4713238
3708	4714238
3709	4715238
3710	4716238
3711	4717238
3712	4718238
3713	4719238
3714	4720238
3715	4721238
3716	4722238
3717	4723238
3718	4724238
3719	4725238
3720	4726238
3721	4727238
3722	4728238
3723	4729238
3724	4730238
3725	4731238
3726	4732238
3727	4733238
3728	4734238
3729	4735238
3730	4736238
3731	4737238
3732	4738238
3733	4739238
3734	4740238
3735	4741238
3736	4742238
3737	4743238
3738	4744238
3739	4745238
3740	4746238
3741	4747238
3742	4748238
3743	4749238
3744	4750238
3745	4751238
3746	4752238
3747	4753238
3748	4754238
3749	4755238
3750	4756238
3751	4757238
3752	4758238
3753	4759238
3754	4760238
3755	4761238
3756	4762238
3757	4763238
3758	4764238
3759	4765238
3760	4766238
3761	4767238
3762	4768238
3763	4769238
3764	4770238
3765	4771238
3766	4772238
3767	4773238
3768	4774238
3769	4775238
3770	4776238
3771	4777238
3772	4778238
3773	4779238
3774	4780238
3775	4781238
3776	4782238
3777	4783238
3778	4784238
3779	4785238
3780	4786238
3781	4787238
3782	4788238
3783	4789238
3784	4790238
3785	4791238
3786	4792238
3787	4793238
3788	4794238
3789	4795238
3790	4796238
3791	4797238
3792	4798238
3793	4799238
3794	4800238
3795	4801238
3796	4802238
3797	4803238
3798	4804238
3799	4805238
3800	4806238
3801	4807238
3802	4808238
3803	4809238
3804	4810238
3805	4811238
3806	4812238
3807	4813238
3808	4814238
3809	4815238
3810	4816238
3811	4817238
3812	4818238
3813	4819238
3814	4820238
3815	4821238
3816	4822238
3817	4823238
3818	4824238
3819	4825238
3820	4826238
3821	4827238
3822	4828238
3823	4829238
3824	4830238
3825	4831238
3826	4832238
3827	4833238
3828	4834238
3829	4835238
3830	4836238
3831	4837238
3832	4838238
3833	4839238
3834	4840238
3835	4841238
3836	4842238
3837	4843238
3838	4844238
3839	4845238
3840	4846238
3841	4847238
3842	4848238
3843	4849238
3844	4850238
3845	4851238
3846	4852238
3847	4853238
3848	4854238
3849	4855238
3850	4856238
3851	4857238
3852	4858238
3853	4859238
3854	4860238
3855	4861238
3856	4862238
3857	4863236
3858	4864238
3859	4865238
3860	4866238
3861	4867238
3862	4868238
3863	4869238
3864	4870238
3865	4871238
3866	4872238
3867	4873238
3868	4874238
3869	4875238
3870	4876238
3871	4877238
3872	4878238
3873	4879238
3874	4880238
3875	4881238
3876	4882238
3877	4883238
3878	4884238
3879	4885238
3880	4886238
3881	4887238
3882	4888238
3883	4889238
3884	4890238
3885	4891238
3886	4892238
3887	4893238
3888	4894238
3889	4895238
3890	4896238
3891	4897238
3892	4898238
3893	4899238
3894	4900238
3895	4901238
3896	4902238
3897	4903238
3898	4904238
3899	4905238
3900	4906238
3901	4907238
3902	4908238
3903	4909238
3904	4910238
3905	4911238
3906	4912238
3907	4913238
3908	4914238
3909	4915238
3910	4916238
3911	4917238
3912	4918238
3913	4919238
3914	4920238
3915	4921238
3916	4922238
3917	4923238
3918	4924238
3919	4925238
3920	4926238
3921	4927238
3922	4928238
3923	4929238
3924	4930238
3925	4931238
3926	4932238
3927	4933238
3928	4934238
3929	4935238
3930	4936238
3931	4937238
3932	4938238
3933	4939238
3934	4940238
3935	4941238
3936	4942238
3937	4943238
3938	4944238
3939	4945238
3940	4946238
3941	4947238
3942	4948238
3943	4949238
3944	4950238
3945	4951238
3946	4952238
3947	4953238
3948	4954238
3949	4955238
3950	4956238
3951	4957238
3952	4958238
3953	4959238
3954	4960238
3955	4961238
3956	4962238
3957	4963238
3958	4964238
3959	4965238
3960	4966238
3961	4967238
3962	4968238
3963	4969238
3964	4970238
3965	4971238
3966	4972238
3967	4973238
3968	4974238
3969	4975238
3970	4976238
3971	4977238
3972	4978238
3973	4979238
3974	4980238
3975	4981238
3976	4982238
3977	4983238
3978	4984238
3979	4985238
3980	4986238
3981	4987238
3982	4988238
3983	4989238
3984	4990238
3985	4991238
3986	4992238
3987	4993238
3988	4994238
3989	4995238
3990	4996238
3991	4997238
3992	4998238
3993	4999238
3994	5000238
3995	5001238
3996	5002238
3997	5003238
3998	5004238
3999	5005238
4000	5006238
4001	5007238
4002	5008238
4003	5009238
4004	5010238
4005	5011238
4006	5012238
4007	5013238
4008	5014238
4009	5015238
4010	5016238
4011	5017238
4012	5018238
4013	5019238
4014	5020238
4015	5021238
4016	5022238
4017	5023238
4018	5024238
4019	5025238
4020	5026238
4021	5027238
4022	5028238
4023	5029238
4024	5030238
4025	5031238
4026	5032238
4027	5033238
4028	5034238
4029	5035238
4030	5036238
4031	5037238
4032	5038238
4033	5039238
4034	5040238
4035	5041238
4036	5042238
4037	5043238
4038	5044238
4039	5045238
4040	5046238
4041	5047238
4042	5048238
4043	5049238
4044	5050238
4045	5051238
4046	5052238
4047	5053238
4048	5054238
4049	5055238
4050	5056238
4051	5057238
4052	5058238
4053	5059238
4054	5060238
4055	5061238
4056	5062238
4057	5063238
4058	5064238
4059	5065238
4060	5066238
4061	5067238
4062	5068238
4063	5069238
4064	5070238
4065	5071238
4066	5072238
4067	5073238
4068	5074238
4069	5075238
4070	5076238
4071	5077238
4072	5078238
4073	5079238
4074	5080238
4075	5081238
4076	5082238
4077	5083238
4078	5084238
4079	5085238
4080	5086238
4081	5087238
4082	5088238
4083	5089238
4084	5090238
4085	5091238
4086	5092238
4087	5093238
4088	5094238
4089	5095238
4090	5096238
4091	5097238
4092	5098238
4093	5099238
4094	5100238
4095	5101238
4096	5102238
4097	5103238
4098	5104238
4099	5105238
4100	5106238
4101	5107238
4102	5108238
4103	5109238
4104	5110238
4105	5111238
4106	5112238
4107	5113238
4108	5114238
4109	5115238
4110	5116238
4111	5117238
4112	5118238
4113	5119236
4114	5120238
4115	5121238
4116	5122238
4117	5123238
4118	5124238
4119	5125238
4120	5126238
4121	5127238
4122	5128238
4123	5129238
4124	5130238
4125	5131238
4126	5132238
4127	5133238
4128	5134238
4129	5135238
4130	5136238
4131	5137238
4132	5138238
4133	5139238
4134	5140238
4135	5141238
4136	5142238
4137	5143238
4138	5144238
4139	5145238
4140	5146238
4141	5147238
4142	5148238
4143	5149238
4144	5150238
4145	5151238
4146	5152238
4147	5153238
4148	5154238
4149	5155238
4150	5156238
4151	5157238
4152	5158238
4153	5159238
4154	5160238
4155	5161238
4156	5162238
4157	5163238
4158	5164238
4159	5165238
4160	5166238
4161	5167238
4162	5168238
4163	5169238
4164	5170238
4165	5171238
4166	5172238
4167	5173238
4168	5174238
4169	5175238
4170	5176238
4171	5177238
4172	5178238
4173	5179238
4174	5180238
4175	5181238
4176	5182238
4177	5183238
4178	5184238
4179	5185238
4180	5186238
4181	5187238
4182	5188238
4183	5189238
4184	5190238
4185	5191238
4186	5192238
4187	5193238
4188	5194238
4189	5195238
4190	5196238
4191	5197238
4192	5198238
4193	5199238
4194	5200238
4195	5201238
4196	5202238
4197	5203238
4198	5204238
4199	5205238
4200	5206238
4201	5207238
4202	5208238
4203	5209238
4204	5210238
4205	5211238
4206	5212238
4207	5213238
4208	5214238
4209	5215238
4210	5216238
4211	5217238
4212	5218238
4213	5219238
4214	5220238
4215	5221238
4216	5222238
4217	5223238
4218	5224238
4219	5225238
4220	5226238
4221	5227238
4222	5228238
4223	5229238
4224	5230238
4225	5231238
4226	5232238
4227	5233238
4228	5234238
4229	5235238
4230	5236238
4231	5237238
4232	5238238
4233	5239238
4234	5240238
4235	5241238
4236	5242238
4237	5243238
4238	5244238
4239	5245238
4240	5246238
4241	5247238
4242	5248238
4243	5249238
4244	5250238
4245	5251238
4246	5252238
4247	5253238
4248	5254238
4249	5255238
4250	5256238
4251	5257238
4252	5258238
4253	5259238
4254	5260238
4255	5261238
4256	5262238
4257	5263238
4258	5264238
4259	5265238
4260	5266238
4261	5267238
4262	5268238
4263	5269238
4264	5270238
4265	5271238
4266	5272238
4267	5273238
4268	5274238
4269	5275238
4270	5276238
4271	5277238
4272	5278238
4273	5279238
4274	5280238
4275	5281238
4276	5282238
4277	5283238
4278	5284238
4279	5285238
4280	5286238
4281	5287238
4282	5288238
4283	5289238
4284	5290238
4285	5291238
4286	5292238
4287	5293238
4288	5294238
4289	5295238
4290	5296238
4291	5297238
4292	5298238
4293	5299238
4294	5300238
4295	5301238
4296	5302238
4297	5303238
4298	5304238
4299	5305238
4300	5306238
4301	5307238
4302	5308238
4303	5309238
4304	5310238
4305	5311238
4306	5312238
4307	5313238
4308	5314238
4309	5315238
4310	5316238
4311	5317238
4312	5318238
4313	5319238
4314	5320238
4315	5321238
4316	5322238
4317	5323238
4318	5324238
4319	5325238
4320	5326238
4321	5327238
4322	5328238
4323	5329238
4324	5330238
4325	5331238
4326	5332238
4327	5333238
4328	5334238
4329	5335238
4330	5336238
4331	5337238
4332	5338238
4333	5339238
4334	5340238
4335	5341238
4336	5342238
4337	5343238
4338	5344238
4339	5345238
4340	5346238
4341	5347238
4342	5348238
4343	5349238
4344	5350238
4345	5351238
4346	5352238
4347	5353238
4348	5354238
4349	5355238
4350	5356238
4351	5357238
4352	5358237
4353	5359238
4354	5360238
4355	5361238
4356	5362237
4357	5363238
4358	5364238
4359	5365238
4360	5366238
4361	5367238
4362	5368238
4363	5369238
4364	5370238
4365	5371238
4366	5372238
4367	5373238
4368	5374238
4369	5375236
4370	5376238
4371	5377238
4372	5378238
4373	5379238
4374	5380238
4375	5381238
4376	5382238
4377	5383238
4378	5384238
4379	5385238
4380	5386238
4381	5387238
4382	5388238
4383	5389238
4384	5390238
4385	5391238
4386	5392238
4387	5393238
4388	5394238
4389	5395238
4390	5396238
4391	5397238
4392	5398238
4393	5399238
4394	5400238
4395	5401238
4396	5402238
4397	5403238
4398	5404238
4399	5405238
4400	5406238
4401	5407238
4402	5408238
4403	5409238
4404	5410238
4405	5411238
4406	5412238
4407	5413238
4408	5414238
4409	5415238
4410	5416238
4411	5417238
4412	5418238
4413	5419238
4414	5420238
4415	5421238
4416	5422238
4417	5423238
4418	5424238
4419	5425238
4420	5426238
4421	5427238
4422	5428238
4423	5429238
4424	5430238
4425	5431238
4426	5432238
4427	5433238
4428	5434238
4429	5435238
4430	5436238
4431	5437238
4432	5438238
4433	5439238
4434	5440238
4435	5441238
4436	5442238
4437	5443238
4438	5444238
4439	5445238
4440	5446238
4441	5447238
4442	5448238
4443	5449238
4444	5450238
4445	5451238
4446	5452238
4447	5453238
4448	5454238
4449	5455238
4450	5456238
4451	5457238
4452	5458238
4453	5459238
4454	5460238
4455	5461238
4456	5462238
4457	5463238
4458	5464238
4459	5465238
4460	5466238
4461	5467238
4462	5468238
4463	5469238
4464	5470238
4465	5471238
4466	5472238
4467	5473238
4468	5474238
4469	5475238
4470	5476238
4471	5477238
4472	5478238
4473	5479238
4474	5480238
4475	5481238
4476	5482238
4477	5483238
4478	5484238
4479	5485238
4480	5486238
4481	5487238
4482	5488238
4483	5489238
4484	5490238
4485	5491238
4486	5492238
4487	5493238
4488	5494238
4489	5495238
4490	5496238
4491	5497238
4492	5498238
4493	5499238
4494	5500238
4495	5501238
4496	5502238
4497	5503238
4498	5504238
4499	5505238
4500	5506238
4501	5507238
4502	5508238
4503	5509238
4504	5510238
4505	5511238
4506	5512238
4507	5513238
4508	5514238
4509	5515238
4510	5516238
4511	5517238
4512	5518238
4513	5519238
4514	5520238
4515	5521238
4516	5522238
4517	5523238
4518	5524238
4519	5525238
4520	5526238
4521	5527238
4522	5528238
4523	5529238
4524	5530238
4525	5531238
4526	5532238
4527	5533238
4528	5534238
4529	5535238
4530	5536238
4531	5537238
4532	5538238
4533	5539238
4534	5540238
4535	5541238
4536	5542238
4537	5543238
4538	5544238
4539	5545238
4540	5546238
4541	5547238
4542	5548238
4543	5549238
4544	5550238
4545	5551238
4546	5552238
4547	5553238
4548	5554238
4549	5555238
4550	5556238
4551	5557238
4552	5558238
4553	5559238
4554	5560238
4555	5561238
4556	5562238
4557	5563238
4558	5564238
4559	5565238
4560	5566238
4561	5567238
4562	5568238
4563	5569238
4564	5570238
4565	5571238
4566	5572238
4567	5573238
4568	5574238
4569	5575238
4570	5576238
4571	5577238
4572	5578238
4573	5579238
4574	5580238
4575	5581238
4576	5582238
4577	5583238
4578	5584238
4579	5585238
4580	5586238
4581	5587238
4582	5588238
4583	5589238
4584	5590238
4585	5591238
4586	5592238
4587	5593238
4588	5594238
4589	5595238
4590	5596238
4591	5597238
4592	5598238
4593	5599238
4594	5600238
4595	5601238
4596	5602238
4597	5603238
4598	5604238
4599	5605238
4600	5606238
4601	5607238
4602	5608238
4603	5609238
4604	5610238
4605	5611238
4606	5612238
4607	5613238
4608	5614238
4609	5615238
4610	5616238
4611	5617238
4612	5618237
4613	5619238
4614	5620238
4615	5621238
4616	5622238
4617	5623238
4618	5624238
4619	5625238
4620	5626238
4621	5627238
4622	5628238
4623	5629238
4624	5630238
4625	5631236
4626	5632238
4627	5633238
4628	5634238
4629	5635238
4630	5636238
4631	5637238
4632	5638238
4633	5639238
4634	5640238
4635	5641238
4636	5642238
4637	5643238
4638	5644238
4639	5645238
4640	5646238
4641	5647238
4642	5648238
4643	5649238
4644	5650238
4645	5651238
4646	5652238
4647	5653238
4648	5654238
4649	5655238
4650	5656238
4651	5657238
4652	5658238
4653	5659238
4654	5660238
4655	5661238
4656	5662238
4657	5663238
4658	5664238
4659	5665238
4660	5666238
4661	5667238
4662	5668238
4663	5669238
4664	5670238
4665	5671238
4666	5672238
4667	5673238
4668	5674238
4669	5675238
4670	5676238
4671	5677238
4672	5678238
4673	5679238
4674	5680238
4675	5681238
4676	5682238
4677	5683238
4678	5684238
4679	5685238
4680	5686238
4681	5687238
4682	5688238
4683	5689238
4684	5690238
4685	5691238
4686	5692238
4687	5693238
4688	5694238
4689	5695238
4690	5696238
4691	5697238
4692	5698238
4693	5699238
4694	5700238
4695	5701238
4696	5702238
4697	5703238
4698	5704238
4699	5705238
4700	5706238
4701	5707238
4702	5708238
4703	5709238
4704	5710238
4705	5711238
4706	5712238
4707	5713238
4708	5714238
4709	5715238
4710	5716238
4711	5717238
4712	5718238
4713	5719238
4714	5720238
4715	5721238
4716	5722238
4717	5723238
4718	5724238
4719	5725238
4720	5726238
4721	5727238
4722	5728238
4723	5729238
4724	5730238
4725	5731238
4726	5732238
4727	5733238
4728	5734238
4729	5735238
4730	5736238
4731	5737238
4732	5738238
4733	5739238
4734	5740238
4735	5741238
4736	5742238
4737	5743238
4738	5744238
4739	5745238
4740	5746238
4741	5747238
4742	5748238
4743	5749238
4744	5750238
4745	5751238
4746	5752238
4747	5753238
4748	5754238
4749	5755238
4750	5756238
4751	5757238
4752	5758238
4753	5759238
4754	5760238
4755	5761238
4756	5762238
4757	5763238
4758	5764238
4759	5765238
4760	5766238
4761	5767238
4762	5768238
4763	5769238
4764	5770238
4765	5771238
4766	5772238
4767	5773238
4768	5774238
4769	5775238
4770	5776238
4771	5777238
4772	5778238
4773	5779238
4774	5780238
4775	5781238
4776	5782238
4777	5783238
4778	5784238
4779	5785238
4780	5786238
4781	5787238
4782	5788238
4783	5789238
4784	5790238
4785	5791238
4786	5792238
4787	5793238
4788	5794238
4789	5795238
4790	5796238
4791	5797238
4792	5798238
4793	5799238
4794	5800238
4795	5801238
4796	5802238
4797	5803238
4798	5804238
4799	5805238
4800	5806238
4801	5807238
4802	5808238
4803	5809238
4804	5810238
4805	5811238
4806	5812238
4807	5813238
4808	5814238
4809	5815238
4810	5816238
4811	5817238
4812	5818238
4813	5819238
4814	5820238
4815	5821238
4816	5822238
4817	5823238
4818	5824238
4819	5825238
4820	5826238
4821	5827238
4822	5828238
4823	5829238
4824	5830238
4825	5831238
4826	5832238
4827	5833238
4828	5834238
4829	5835238
4830	5836238
4831	5837238
4832	5838238
4833	5839238
4834	5840238
4835	5841238
4836	5842238
4837	5843238
4838	5844238
4839	5845238
4840	5846238
4841	5847238
4842	5848238
4843	5849238
4844	5850238
4845	5851238
4846	5852238
4847	5853238
4848	5854238
4849	5855238
4850	5856238
4851	5857238
4852	5858238
4853	5859238
4854	5860238
4855	5861238
4856	5862238
4857	5863238
4858	5864238
4859	5865238
4860	5866238
4861	5867238
4862	5868238
4863	5869238
4864	5870238
4865	5871238
4866	5872238
4867	5873238
4868	5874238
4869	5875238
4870	5876238
4871	5877238
4872	5878238
4873	5879238
4874	5880238
4875	5881238
4876	5882238
4877	5883238
4878	5884238
4879	5885238
4880	5886238
4881	5887236
4882	5888238
4883	5889238
4884	5890238
4885	5891238
4886	5892238
4887	5893238
4888	5894238
4889	5895238
4890	5896238
4891	5897238
4892	5898238
4893	5899238
4894	5900238
4895	5901238
4896	5902238
4897	5903238
4898	5904238
4899	5905238
4900	5906238
4901	5907238
4902	5908238
4903	5909238
4904	5910238
4905	5911238
4906	5912238
4907	5913238
4908	5914238
4909	5915238
4910	5916238
4911	5917238
4912	5918238
4913	5919238
4914	5920238
4915	5921238
4916	5922238
4917	5923238
4918	5924238
4919	5925238
4920	5926238
4921	5927238
4922	5928238
4923	5929238
4924	5930238
4925	5931238
4926	5932238
4927	5933238
4928	5934238
4929	5935238
4930	5936238
4931	5937238
4932	5938238
4933	5939238
4934	5940238
4935	5941238
4936	5942238
4937	5943238
4938	5944238
4939	5945238
4940	5946238
4941	5947238
4942	5948238
4943	5949238
4944	5950238
4945	5951238
4946	5952238
4947	5953238
4948	5954238
4949	5955238
4950	5956238
4951	5957238
4952	5958238
4953	5959238
4954	5960238
4955	5961238
4956	5962238
4957	5963238
4958	5964238
4959	5965238
4960	5966238
4961	5967238
4962	5968238
4963	5969238
4964	5970238
4965	5971238
4966	5972238
4967	5973238
4968	5974238
4969	5975238
4970	5976238
4971	5977238
4972	5978238
4973	5979238
4974	5980238
4975	5981238
4976	5982238
4977	5983238
4978	5984238
4979	5985238
4980	5986238
4981	5987238
4982	5988238
4983	5989238
4984	5990238
4985	5991238
4986	5992238
4987	5993238
4988	5994238
4989	5995238
4990	5996238
4991	5997238
4992	5998238
4993	5999238
4994	6000238
4995	6001238
4996	6002238
4997	6003238
4998	6004238
4999	6005238
5000	6006238
5001	6007238
5002	6008238
5003	6009238
5004	6010238
5005	6011238
5006	6012238
5007	6013238
5008	6014238
5009	6015238
5010	6016238
5011	6017238
5012	6018238
5013	6019238
5014	6020238
5015	6021238
5016	6022238
5017	6023238
5018	6024238
5019	6025238
5020	6026238
5021	6027238
5022	6028238
5023	6029238
5024	6030238
5025	6031238
5026	6032238
5027	6033238
5028	6034238
5029	6035238
5030	6036238
5031	6037238
5032	6038238
5033	6039238
5034	6040238
5035	6041238
5036	6042238
5037	6043238
5038	6044238
5039	6045238
5040	6046238
5041	6047238
5042	6048238
5043	6049238
5044	6050238
5045	6051238
5046	6052238
5047	6053238
5048	6054238
5049	6055238
5050	6056238
5051	6057238
5052	6058238
5053	6059238
5054	6060238
5055	6061238
5056	6062238
5057	6063238
5058	6064238
5059	6065238
5060	6066238
5061	6067238
5062	6068238
5063	6069238
5064	6070238
5065	6071238
5066	6072238
5067	6073238
5068	6074238
5069	6075238
5070	6076238
5071	6077238
5072	6078238
5073	6079238
5074	6080238
5075	6081238
5076	6082238
5077	6083238
5078	6084238
5079	6085238
5080	6086238
5081	6087238
5082	6088238
5083	6089238
5084	6090238
5085	6091238
5086	6092238
5087	6093238
5088	6094238
5089	6095238
5090	6096238
5091	6097238
5092	6098238
5093	6099238
5094	6100238
5095	6101238
5096	6102238
5097	6103238
5098	6104238
5099	6105238
5100	6106238
5101	6107238
5102	6108238
5103	6109238
5104	6110238
5105	6111238
5106	6112238
5107	6113238
5108	6114238
5109	6115238
5110	6116238
5111	6117238
5112	6118238
5113	6119238
5114	6120238
5115	6121238
5116	6122238
5117	6123238
5118	6124238
5119	6125238
5120	6126238
5121	6127238
5122	6128238
5123	6129238
5124	6130238
5125	6131238
5126	6132238
5127	6133238
5128	6134238
5129	6135238
5130	6136238
5131	6137238
5132	6138238
5133	6139238
5134	6140238
5135	6141238
5136	6142238
5137	6143236
5138	6144238
5139	6145238
5140	6146238
5141	6147238
5142	6148238
5143	6149238
5144	6150238
5145	6151238
5146	6152238
5147	6153238
5148	6154238
5149	6155238
5150	6156238
5151	6157238
5152	6158238
5153	6159238
5154	6160238
5155	6161238
5156	6162238
5157	6163238
5158	6164238
5159	6165238
5160	6166238
5161	6167238
5162	6168238
5163	6169238
5164	6170238
5165	6171238
5166	6172238
5167	6173238
5168	6174238
5169	6175238
5170	6176238
5171	6177238
5172	6178238
5173	6179238
5174	6180238
5175	6181238
5176	6182238
5177	6183238
5178	6184238
5179	6185238
5180	6186238
5181	6187238
5182	6188238
5183	6189238
5184	6190238
5185	6191238
5186	6192238
5187	6193238
5188	6194238
5189	6195238
5190	6196238
5191	6197238
5192	6198238
5193	6199238
5194	6200238
5195	6201238
5196	6202238
5197	6203238
5198	6204238
5199	6205238
5200	6206238
5201	6207238
5202	6208238
5203	6209238
5204	6210238
5205	6211238
5206	6212238
5207	6213238
5208	6214238
5209	6215238
5210	6216238
5211	6217238
5212	6218238
5213	6219238
5214	6220238
5215	6221238
5216	6222238
5217	6223238
5218	6224238
5219	6225238
5220	6226238
5221	6227238
5222	6228238
5223	6229238
5224	6230238
5225	6231238
5226	6232238
5227	6233238
5228	6234238
5229	6235238
5230	6236238
5231	6237238
5232	6238238
5233	6239238
5234	6240238
5235	6241238
5236	6242238
5237	6243238
5238	6244238
5239	6245238
5240	6246238
5241	6247238
5242	6248238
5243	6249238
5244	6250238
5245	6251238
5246	6252238
5247	6253238
5248	6254238
5249	6255238
5250	6256238
5251	6257238
5252	6258238
5253	6259238
5254	6260238
5255	6261238
5256	6262238
5257	6263238
5258	6264238
5259	6265238
5260	6266238
5261	6267238
5262	6268238
5263	6269238
5264	6270238
5265	6271238
5266	6272238
5267	6273238
5268	6274238
5269	6275238
5270	6276238
5271	6277238
5272	6278238
5273	6279238
5274	6280238
5275	6281238
5276	6282238
5277	6283238
5278	6284238
5279	6285238
5280	6286238
5281	6287238
5282	6288238
5283	6289238
5284	6290238
5285	6291238
5286	6292238
5287	6293238
5288	6294238
5289	6295238
5290	6296238
5291	6297238
5292	6298238
5293	6299238
5294	6300238
5295	6301238
5296	6302238
5297	6303238
5298	6304238
5299	6305238
5300	6306238
5301	6307238
5302	6308238
5303	6309238
5304	6310238
5305	6311238
5306	6312238
5307	6313238
5308	6314238
5309	6315238
5310	6316238
5311	6317238
5312	6318238
5313	6319238
5314	6320238
5315	6321238
5316	6322238
5317	6323238
5318	6324238
5319	6325238
5320	6326238
5321	6327238
5322	6328238
5323	6329238
5324	6330238
5325	6331238
5326	6332238
5327	6333238
5328	6334238
5329	6335238
5330	6336238
5331	6337238
5332	6338238
5333	6339238
5334	6340238
5335	6341238
5336	6342238
5337	6343238
5338	6344238
5339	6345238
5340	6346238
5341	6347238
5342	6348238
5343	6349238
5344	6350238
5345	6351238
5346	6352238
5347	6353238
5348	6354238
5349	6355238
5350	6356238
5351	6357238
5352	6358238
5353	6359238
5354	6360238
5355	6361238
5356	6362238
5357	6363238
5358	6364238
5359	6365238
5360	6366238
5361	6367238
5362	6368238
5363	6369238
5364	6370238
5365	6371238
5366	6372238
5367	6373238
5368	6374238
5369	6375238
5370	6376238
5371	6377238
5372	6378238
5373	6379238
5374	6380238
5375	6381238
5376	6382238
5377	6383238
5378	6384238
5379	6385238
5380	6386237
5381	6387238
5382	6388238
5383	6389238
5384	6390238
5385	6391238
5386	6392238
5387	6393238
5388	6394238
5389	6395238
5390	6396238
5391	6397238
5392	6398238
5393	6399236
5394	6400238
5395	6401238
5396	6402238
5397	6403238
5398	6404238
5399	6405238
5400	6406238
5401	6407238
5402	6408238
5403	6409238
5404	6410238
5405	6411238
5406	6412238
5407	6413238
5408	6414238
5409	6415238
5410	6416238
5411	6417238
5412	6418238
5413	6419238
5414	6420238
5415	6421238
5416	6422238
5417	6423238
5418	6424238
5419	6425238
5420	6426238
5421	6427238
5422	6428238
5423	6429238
5424	6430238
5425	6431238
5426	6432238
5427	6433238
5428	6434238
5429	6435238
5430	6436238
5431	6437238
5432	6438238
5433	6439238
5434	6440238
5435	6441238
5436	6442238
5437	6443238
5438	6444238
5439	6445238
5440	6446238
5441	6447238
5442	6448238
5443	6449238
5444	6450238
5445	6451238
5446	6452238
5447	6453238
5448	6454238
5449	6455238
5450	6456238
5451	6457238
5452	6458238
5453	6459238
5454	6460238
5455	6461238
5456	6462238
5457	6463238
5458	6464238
5459	6465238
5460	6466238
5461	6467238
5462	6468238
5463	6469238
5464	6470238
5465	6471238
5466	6472238
5467	6473238
5468	6474238
5469	6475238
5470	6476238
5471	6477238
5472	6478238
5473	6479238
5474	6480238
5475	6481238
5476	6482238
5477	6483238
5478	6484238
5479	6485238
5480	6486238
5481	6487238
5482	6488238
5483	6489238
5484	6490238
5485	6491238
5486	6492238
5487	6493238
5488	6494238
5489	6495238
5490	6496238
5491	6497238
5492	6498238
5493	6499238
5494	6500238
5495	6501238
5496	6502238
5497	6503238
5498	6504238
5499	6505238
5500	6506238
5501	6507238
5502	6508238
5503	6509238
5504	6510238
5505	6511238
5506	6512238
5507	6513238
5508	6514238
5509	6515238
5510	6516238
5511	6517238
5512	6518238
5513	6519238
5514	6520238
5515	6521238
5516	6522238
5517	6523238
5518	6524238
5519	6525238
5520	6526238
5521	6527238
5522	6528238
5523	6529238
5524	6530238
5525	6531238
5526	6532238
5527	6533238
5528	6534238
5529	6535238
5530	6536238
5531	6537238
5532	6538238
5533	6539238
5534	6540238
5535	6541238
5536	6542238
5537	6543238
5538	6544238
5539	6545238
5540	6546238
5541	6547238
5542	6548238
5543	6549238
5544	6550238
5545	6551238
5546	6552238
5547	6553238
5548	6554238
5549	6555238
5550	6556238
5551	6557238
5552	6558238
5553	6559238
5554	6560238
5555	6561238
5556	6562238
5557	6563238
5558	6564238
5559	6565238
5560	6566238
5561	6567238
5562	6568238
5563	6569238
5564	6570238
5565	6571238
5566	6572238
5567	6573238
5568	6574238
5569	6575238
5570	6576238
5571	6577238
5572	6578238
5573	6579238
5574	6580238
5575	6581238
5576	6582238
5577	6583238
5578	6584238
5579	6585238
5580	6586238
5581	6587238
5582	6588238
5583	6589238
5584	6590238
5585	6591238
5586	6592238
5587	6593238
5588	6594238
5589	6595238
5590	6596238
5591	6597238
5592	6598238
5593	6599238
5594	6600238
5595	6601238
5596	6602238
5597	6603238
5598	6604238
5599	6605238
5600	6606238
5601	6607238
5602	6608238
5603	6609238
5604	6610238
5605	6611238
5606	6612238
5607	6613238
5608	6614238
5609	6615238
5610	6616238
5611	6617238
5612	6618238
5613	6619238
5614	6620238
5615	6621238
5616	6622238
5617	6623238
5618	6624238
5619	6625238
5620	6626238
5621	6627238
5622	6628238
5623	6629238
5624	6630238
5625	6631238
5626	6632238
5627	6633238
5628	6634238
5629	6635238
5630	6636238
5631	6637238
5632	6638238
5633	6639238
5634	6640238
5635	6641238
5636	6642237
5637	6643238
5638	6644238
5639	6645238
5640	6646238
5641	6647238
5642	6648238
5643	6649238
5644	6650238
5645	6651238
5646	6652238
5647	6653238
5648	6654238
5649	6655236
5650	6656238
5651	6657238
5652	6658238
5653	6659238
5654	6660238
5655	6661238
5656	6662238
5657	6663238
5658	6664238
5659	6665238
5660	6666238
5661	6667238
5662	6668238
5663	6669238
5664	6670238
5665	6671238
5666	6672238
5667	6673238
5668	6674238
5669	6675238
5670	6676238
5671	6677238
5672	6678238
5673	6679238
5674	6680238
5675	6681238
5676	6682238
5677	6683238
5678	6684238
5679	6685238
5680	6686238
5681	6687238
5682	6688238
5683	6689238
5684	6690238
5685	6691238
5686	6692238
5687	6693238
5688	6694238
5689	6695238
5690	6696238
5691	6697238
5692	6698238
5693	6699238
5694	6700238
5695	6701238
5696	6702238
5697	6703238
5698	6704238
5699	6705238
5700	6706238
5701	6707238
5702	6708238
5703	6709238
5704	6710238
5705	6711238
5706	6712238
5707	6713238
5708	6714238
5709	6715238
5710	6716238
5711	6717238
5712	6718238
5713	6719238
5714	6720238
5715	6721238
5716	6722238
5717	6723238
5718	6724238
5719	6725238
5720	6726238
5721	6727238
5722	6728238
5723	6729238
5724	6730238
5725	6731238
5726	6732238
5727	6733238
5728	6734238
5729	6735238
5730	6736238
5731	6737238
5732	6738238
5733	6739238
5734	6740238
5735	6741238
5736	6742238
5737	6743238
5738	6744238
5739	6745238
5740	6746238
5741	6747238
5742	6748238
5743	6749238
5744	6750238
5745	6751238
5746	6752238
5747	6753238
5748	6754238
5749	6755238
5750	6756238
5751	6757238
5752	6758238
5753	6759238
5754	6760238
5755	6761238
5756	6762238
5757	6763238
5758	6764238
5759	6765238
5760	6766238
5761	6767238
5762	6768238
5763	6769238
5764	6770238
5765	6771238
5766	6772238
5767	6773238
5768	6774238
5769	6775238
5770	6776238
5771	6777238
5772	6778238
5773	6779238
5774	6780238
5775	6781238
5776	6782238
5777	6783238
5778	6784238
5779	6785238
5780	6786238
5781	6787238
5782	6788238
5783	6789238
5784	6790238
5785	6791238
5786	6792238
5787	6793238
5788	6794238
5789	6795238
5790	6796238
5791	6797238
5792	6798238
5793	6799238
5794	6800238
5795	6801238
5796	6802238
5797	6803238
5798	6804238
5799	6805238
5800	6806238
5801	6807238
5802	6808238
5803	6809238
5804	6810238
5805	6811238
5806	6812238
5807	6813238
5808	6814238
5809	6815238
5810	6816238
5811	6817238
5812	6818238
5813	6819238
5814	6820238
5815	6821238
5816	6822238
5817	6823238
5818	6824238
5819	6825238
5820	6826238
5821	6827238
5822	6828238
5823	6829238
5824	6830238
5825	6831238
5826	6832238
5827	6833238
5828	6834238
5829	6835238
5830	6836238
5831	6837238
5832	6838238
5833	6839238
5834	6840238
5835	6841238
5836	6842238
5837	6843238
5838	6844238
5839	6845238
5840	6846238
5841	6847238
5842	6848238
5843	6849238
5844	6850238
5845	6851238
5846	6852238
5847	6853238
5848	6854238
5849	6855238
5850	6856238
5851	6857238
5852	6858238
5853	6859238
5854	6860238
5855	6861238
5856	6862238
5857	6863238
5858	6864238
5859	6865238
5860	6866238
5861	6867238
5862	6868238
5863	6869238
5864	6870238
5865	6871238
5866	6872238
5867	6873238
5868	6874238
5869	6875238
5870	6876238
5871	6877238
5872	6878238
5873	6879238
5874	6880238
5875	6881238
5876	6882238
5877	6883238
5878	6884238
5879	6885238
5880	6886238
5881	6887238
5882	6888238
5883	6889238
5884	6890238
5885	6891238
5886	6892238
5887	6893238
5888	6894238
5889	6895238
5890	6896238
5891	6897238
5892	6898238
5893	6899238
5894	6900238
5895	6901238
5896	6902238
5897	6903238
5898	6904238
5899	6905238
5900	6906238
5901	6907238
5902	6908238
5903	6909238
5904	6910238
5905	6911237
5906	6912238
5907	6913238
5908	6914238
5909	6915238
5910	6916238
5911	6917238
5912	6918238
5913	6919238
5914	6920238
5915	6921238
5916	6922238
5917	6923238
5918	6924238
5919	6925238
5920	6926238
5921	6927238
5922	6928238
5923	6929238
5924	6930238
5925	6931238
5926	6932238
5927	6933238
5928	6934238
5929	6935238
5930	6936238
5931	6937238
5932	6938238
5933	6939238
5934	6940238
5935	6941238
5936	6942238
5937	6943238
5938	6944238
5939	6945238
5940	6946238
5941	6947238
5942	6948238
5943	6949238
5944	6950238
5945	6951238
5946	6952238
5947	6953238
5948	6954238
5949	6955238
5950	6956238
5951	6957238
5952	6958238
5953	6959238
5954	6960238
5955	6961238
5956	6962238
5957	6963238
5958	6964238
5959	6965238
5960	6966238
5961	6967238
5962	6968238
5963	6969238
5964	6970238
5965	6971238
5966	6972238
5967	6973238
5968	6974238
5969	6975238
5970	6976238
5971	6977238
5972	6978238
5973	6979238
5974	6980238
5975	6981238
5976	6982238
5977	6983238
5978	6984238
5979	6985238
5980	6986238
5981	6987238
5982	6988238
5983	6989238
5984	6990238
5985	6991238
5986	6992238
5987	6993238
5988	6994238
5989	6995238
5990	6996238
5991	6997238
5992	6998238
5993	6999238
5994	7000238
5995	7001238
5996	7002238
5997	7003238
5998	7004238
5999	7005238
