0	1007098
1	1008093
2	1009093
3	1010093
4	1011093
5	1012093
6	1013093
7	1014093
8	1015093
9	1016093
10	1017093
11	1018093
12	1019093
13	1020093
14	1021093
15	1022093
16	1023093
17	1024093
18	1025093
19	1026093
20	1027093
21	1028093
22	1029093
23	1030093
24	1031093
25	1032093
26	1033093
27	1034093
28	1035093
29	1036093
30	1037093
31	1038093
32	1039093
33	1040093
34	1041093
35	1042093
36	1043093
37	1044093
38	1045093
39	1046093
40	1047093
41	1048093
42	1049093
43	1050093
44	1051093
45	1052093
46	1053093
47	1054093
48	1055093
49	1056093
50	1057093
51	1058093
52	1059093
53	1060093
54	1061093
55	1062093
56	1063093
57	1064093
58	1065093
59	1066093
60	1067093
61	1068093
62	1069093
63	1070093
64	1071093
65	1072093
66	1073093
67	1074093
68	1075093
69	1076093
70	1077093
71	1078093
72	1079093
73	1080093
74	1081093
75	1082093
76	1083093
77	1084093
78	1085093
79	1086093
80	1087093
81	1088093
82	1089093
83	1090093
84	1091093
85	1092093
86	1093093
87	1094093
88	1095093
89	1096093
90	1097093
91	1098093
92	1099093
93	1100093
94	1101093
95	1102093
96	1103093
97	1104093
98	1105093
99	1106093
100	1107093
101	1108093
102	1109093
103	1110093
104	1111093
105	1112093
106	1113093
107	1114093
108	1115093
109	1116093
110	1117093
111	1118093
112	1119093
113	1120093
114	1121093
115	1122093
116	1123093
117	1124093
118	1125093
119	1126093
120	1127093
121	1128093
122	1129093
123	1130093
124	1131093
125	1132093
126	1133093
127	1134093
128	1135093
129	1136093
130	1137093
131	1138093
132	1139093
133	1140093
134	1141093
135	1142093
136	1143093
137	1144093
138	1145093
139	1146093
140	1147093
141	1148093
142	1149093
143	1150093
144	1151093
145	1152093
146	1153093
147	1154093
148	1155093
149	1156093
150	1157093
151	1158093
152	1159093
153	1160093
154	1161093
155	1162093
156	1163093
157	1164093
158	1165093
159	1166093
160	1167093
161	1168093
162	1169093
163	1170093
164	1171093
165	1172093
166	1173093
167	1174093
168	1175093
169	1176093
170	1177093
171	1178093
172	1179093
173	1180093
174	1181093
175	1182093
176	1183093
177	1184093
178	1185093
179	1186093
180	1187093
181	1188093
182	1189093
183	1190093
184	1191093
185	1192093
186	1193093
187	1194093
188	1195093
189	1196093
190	1197093
191	1198093
192	1199093
193	1200093
194	1201093
195	1202093
196	1203093
197	1204093
198	1205093
199	1206093
200	1207093
201	1208093
202	1209093
203	1210093
204	1211093
205	1212093
206	1213093
207	1214093
208	1215093
209	1216093
210	1217093
211	1218093
212	1219093
213	1220093
214	1221093
215	1222093
216	1223093
217	1224093
218	1225093
219	1226093
220	1227093
221	1228093
222	1229093
223	1230093
224	1231093
225	1232093
226	1233093
227	1234093
228	1235093
229	1236093
230	1237093
231	1238093
232	1239093
233	1240093
234	1241093
235	1242093
236	1243093
237	1244093
238	1245093
239	1246093
240	1247093
241	1248093
242	1249093
243	1250093
244	1251093
245	1252093
246	1253093
247	1254093
248	1255093
249	1256093
250	1257093
251	1258093
252	1259093
253	1260093
254	1261093
255	1262093
256	1263093
257	1264093
258	1265093
259	1266093
260	1267093
261	1268093
262	1269093
263	1270093
264	1271093
265	1272093
266	1273093
267	1274093
268	1275093
269	1276093
270	1277093
271	1278093
272	1279093
273	1280093
274	1281093
275	1282093
276	1283093
277	1284093
278	1285093
279	1286093
280	1287093
281	1288093
282	1289093
283	1290093
284	1291093
285	1292093
286	1293093
287	1294093
288	1295093
289	1296093
290	1297093
291	1298093
292	1299093
293	1300093
294	1301093
295	1302093
296	1303093
297	1304093
298	1305093
299	1306093
300	1307093
301	1308093
302	1309093
303	1310093
304	1311093
305	1312093
306	1313093
307	1314093
308	1315093
309	1316093
310	1317093
311	1318093
312	1319093
313	1320093
314	1321093
315	1322093
316	1323093
317	1324093
318	1325093
319	1326093
320	1327093
321	1328093
322	1329093
323	1330093
324	1331093
325	1332093
326	1333093
327	1334093
328	1335093
329	1336093
330	1337093
331	1338093
332	1339093
333	1340093
334	1341093
335	1342093
336	1343093
337	1344093
338	1345093
339	1346093
340	1347093
341	1348093
342	1349093
343	1350093
344	1351093
345	1352093
346	1353093
347	1354093
348	1355093
349	1356093
350	1357093
351	1358093
352	1359093
353	1360093
354	1361093
355	1362093
356	1363093
357	1364093
358	1365093
359	1366093
360	1367093
361	1368093
362	1369093
363	1370093
364	1371093
365	1372093
366	1373093
367	1374093
368	1375093
369	1376093
370	1377093
371	1378093
372	1379093
373	1380093
374	1381093
375	1382093
376	1383093
377	1384093
378	1385093
379	1386093
380	1387093
381	1388093
382	1389093
383	1390093
384	1391093
385	1392093
386	1393093
387	1394093
388	1395093
389	1396093
390	1397093
391	1398093
392	1399093
393	1400093
394	1401093
395	1402093
396	1403093
397	1404093
398	1405093
399	1406093
400	1407093
401	1408093
402	1409093
403	1410093
404	1411093
405	1412093
406	1413093
407	1414093
408	1415093
409	1416093
410	1417093
411	1418093
412	1419093
413	1420093
414	1421093
415	1422093
416	1423093
417	1424093
418	1425093
419	1426093
420	1427093
421	1428093
422	1429093
423	1430093
424	1431093
425	1432093
426	1433093
427	1434093
428	1435093
429	1436093
430	1437093
431	1438093
432	1439093
433	1440093
434	1441093
435	1442093
436	1443093
437	1444093
438	1445093
439	1446093
440	1447093
441	1448093
442	1449093
443	1450093
444	1451093
445	1452093
446	1453093
447	1454093
448	1455093
449	1456093
450	1457093
451	1458093
452	1459093
453	1460093
454	1461093
455	1462093
456	1463093
457	1464093
458	1465093
459	1466093
460	1467093
461	1468093
462	1469093
463	1470093
464	1471093
465	1472093
466	1473093
467	1474093
468	1475093
469	1476093
470	1477093
471	1478093
472	1479093
473	1480093
474	1481093
475	1482093
476	1483093
477	1484093
478	1485093
479	1486093
480	1487093
481	1488093
482	1489093
483	1490093
484	1491093
485	1492093
486	1493093
487	1494093
488	1495093
489	1496093
490	1497093
491	1498093
492	1499093
493	1500093
494	1501093
495	1502093
496	1503093
497	1504093
498	1505093
499	1506093
500	1507093
501	1508093
502	1509093
503	1510093
504	1511093
505	1512093
506	1513093
507	1514093
508	1515093
509	1516093
510	1517093
511	1518093
512	1519093
513	1520093
514	1521093
515	1522093
516	1523093
517	1524093
518	1525093
519	1526093
520	1527093
521	1528093
522	1529093
523	1530093
524	1531093
525	1532093
526	1533093
527	1534093
528	1535093
529	1536093
530	1537093
531	1538093
532	1539093
533	1540093
534	1541093
535	1542093
536	1543093
537	1544093
538	1545093
539	1546093
540	1547093
541	1548093
542	1549093
543	1550093
544	1551093
545	1552093
546	1553093
547	1554093
548	1555093
549	1556093
550	1557093
551	1558093
552	1559093
553	1560093
554	1561093
555	1562093
556	1563093
557	1564093
558	1565093
559	1566093
560	1567093
561	1568093
562	1569093
563	1570093
564	1571093
565	1572093
566	1573093
567	1574093
568	1575093
569	1576093
570	1577093
571	1578093
572	1579093
573	1580093
574	1581093
575	1582093
576	1583093
577	1584093
578	1585093
579	1586093
580	1587093
581	1588093
582	1589093
583	1590093
584	1591093
585	1592093
586	1593093
587	1594093
588	1595093
589	1596093
590	1597093
591	1598093
592	1599093
593	1600093
594	1601093
595	1602093
596	1603093
597	1604093
598	1605093
599	1606093
600	1607093
601	1608093
602	1609093
603	1610093
604	1611093
605	1612093
606	1613093
607	1614093
608	1615093
609	1616093
610	1617093
611	1618093
612	1619093
613	1620093
614	1621093
615	1622093
616	1623093
617	1624093
618	1625093
619	1626093
620	1627093
621	1628093
622	1629093
623	1630093
624	1631093
625	1632093
626	1633093
627	1634093
628	1635093
629	1636093
630	1637093
631	1638093
632	1639093
633	1640093
634	1641093
635	1642093
636	1643093
637	1644093
638	1645093
639	1646093
640	1647093
641	1648093
642	1649093
643	1650093
644	1651093
645	1652093
646	1653093
647	1654093
648	1655093
649	1656093
650	1657093
651	1658093
652	1659093
653	1660093
654	1661093
655	1662093
656	1663093
657	1664093
658	1665093
659	1666093
660	1667093
661	1668093
662	1669093
663	1670093
664	1671093
665	1672093
666	1673093
667	1674093
668	1675093
669	1676093
670	1677093
671	1678093
672	1679093
673	1680093
674	1681093
675	1682093
676	1683093
677	1684093
678	1685093
679	1686093
680	1687093
681	1688093
682	1689093
683	1690093
684	1691093
685	1692093
686	1693093
687	1694093
688	1695093
689	1696093
690	1697093
691	1698093
692	1699093
693	1700093
694	1701093
695	1702093
696	1703093
697	1704093
698	1705093
699	1706093
700	1707093
701	1708093
702	1709093
703	1710093
704	1711093
705	1712093
706	1713093
707	1714093
708	1715093
709	1716093
710	1717093
711	1718093
712	1719093
713	1720093
714	1721093
715	1722093
716	1723093
717	1724093
718	1725093
719	1726093
720	1727093
721	1728093
722	1729093
723	1730093
724	1731093
725	1732093
726	1733093
727	1734093
728	1735093
729	1736093
730	1737093
731	1738093
732	1739093
733	1740093
734	1741093
735	1742093
736	1743093
737	1744093
738	1745093
739	1746093
740	1747093
741	1748093
742	1749093
743	1750093
744	1751093
745	1752093
746	1753093
747	1754093
748	1755093
749	1756093
750	1757093
751	1758093
752	1759093
753	1760093
754	1761093
755	1762093
756	1763093
757	1764093
758	1765093
759	1766093
760	1767093
761	1768093
762	1769093
763	1770093
764	1771093
765	1772093
766	1773093
767	1774093
768	1775093
769	1776093
770	1777093
771	1778093
772	1779093
773	1780093
774	1781093
775	1782093
776	1783093
777	1784093
778	1785093
779	1786093
780	1787093
781	1788093
782	1789093
783	1790093
784	1791093
785	1792093
786	1793093
787	1794093
788	1795093
789	1796093
790	1797093
791	1798093
792	1799093
793	1800093
794	1801093
795	1802093
796	1803093
797	1804093
798	1805093
799	1806093
800	1807093
801	1808093
802	1809093
803	1810093
804	1811093
805	1812093
806	1813093
807	1814093
808	1815093
809	1816093
810	1817093
811	1818093
812	1819093
813	1820093
814	1821093
815	1822093
816	1823093
817	1824093
818	1825093
819	1826093
820	1827093
821	1828093
822	1829093
823	1830093
824	1831093
825	1832093
826	1833093
827	1834093
828	1835093
829	1836093
830	1837093
831	1838093
832	1839093
833	1840093
834	1841093
835	1842093
836	1843093
837	1844093
838	1845093
839	1846093
840	1847093
841	1848093
842	1849093
843	1850093
844	1851093
845	1852093
846	1853093
847	1854093
848	1855093
849	1856093
850	1857093
851	1858093
852	1859093
853	1860093
854	1861093
855	1862093
856	1863093
857	1864093
858	1865093
859	1866093
860	1867093
861	1868093
862	1869093
863	1870093
864	1871093
865	1872093
866	1873093
867	1874093
868	1875093
869	1876093
870	1877093
871	1878093
872	1879093
873	1880093
874	1881093
875	1882093
876	1883093
877	1884093
878	1885093
879	1886093
880	1887093
881	1888093
882	1889093
883	1890093
884	1891093
885	1892093
886	1893093
887	1894093
888	1895093
889	1896093
890	1897093
891	1898093
892	1899093
893	1900093
894	1901093
895	1902093
896	1903093
897	1904093
898	1905093
899	1906093
900	1907093
901	1908093
902	1909093
903	1910093
904	1911093
905	1912093
906	1913093
907	1914093
908	1915093
909	1916093
910	1917093
911	1918093
912	1919093
913	1920093
914	1921093
915	1922093
916	1923093
917	1924093
918	1925093
919	1926093
920	1927093
921	1928093
922	1929093
923	1930093
924	1931093
925	1932093
926	1933093
927	1934093
928	1935093
929	1936093
930	1937093
931	1938093
932	1939093
933	1940093
934	1941093
935	1942093
936	1943093
937	1944093
938	1945093
939	1946093
940	1947093
941	1948093
942	1949093
943	1950093
944	1951093
945	1952093
946	1953093
947	1954093
948	1955093
949	1956093
950	1957093
951	1958093
952	1959093
953	1960093
954	1961093
955	1962093
956	1963093
957	1964093
958	1965093
959	1966093
960	1967093
961	1968093
962	1969093
963	1970093
964	1971093
965	1972093
966	1973093
967	1974093
968	1975093
969	1976093
970	1977093
971	1978093
972	1979093
973	1980093
974	1981093
975	1982093
976	1983093
977	1984093
978	1985093
979	1986093
980	1987093
981	1988093
982	1989093
983	1990093
984	1991093
985	1992093
986	1993093
987	1994093
988	1995093
989	1996093
990	1997093
991	1998093
992	1999093
993	2000093
994	2001093
995	2002093
996	2003093
997	2004093
998	2005093
999	2006093
1000	2007093
1001	2008093
1002	2009093
1003	2010093
1004	2011093
1005	2012093
1006	2013093
1007	2014093
1008	2015093
1009	2016093
1010	2017093
1011	2018093
1012	2019093
1013	2020093
1014	2021093
1015	2022093
1016	2023093
1017	2024093
1018	2025093
1019	2026093
1020	2027093
1021	2028093
1022	2029093
1023	2030093
1024	2031093
1025	2032093
1026	2033093
1027	2034093
1028	2035093
1029	2036093
1030	2037093
1031	2038093
1032	2039093
1033	2040093
1034	2041093
1035	2042093
1036	2043093
1037	2044093
1038	2045093
1039	2046093
1040	2047093
1041	2048093
1042	2049093
1043	2050093
1044	2051093
1045	2052093
1046	2053093
1047	2054093
1048	2055093
1049	2056093
1050	2057093
1051	2058093
1052	2059093
1053	2060093
1054	2061093
1055	2062093
1056	2063093
1057	2064093
1058	2065093
1059	2066093
1060	2067093
1061	2068093
1062	2069093
1063	2070093
1064	2071093
1065	2072093
1066	2073093
1067	2074093
1068	2075093
1069	2076093
1070	2077093
1071	2078093
1072	2079093
1073	2080093
1074	2081093
1075	2082093
1076	2083093
1077	2084093
1078	2085093
1079	2086093
1080	2087093
1081	2088093
1082	2089093
1083	2090093
1084	2091093
1085	2092093
1086	2093093
1087	2094093
1088	2095093
1089	2096093
1090	2097093
1091	2098093
1092	2099093
1093	2100093
1094	2101093
1095	2102093
1096	2103093
1097	2104093
1098	2105093
1099	2106093
1100	2107093
1101	2108093
1102	2109093
1103	2110093
1104	2111093
1105	2112093
1106	2113093
1107	2114093
1108	2115093
1109	2116093
1110	2117093
1111	2118093
1112	2119093
1113	2120093
1114	2121093
1115	2122093
1116	2123093
1117	2124093
1118	2125093
1119	2126093
1120	2127093
1121	2128093
1122	2129093
1123	2130093
1124	2131093
1125	2132093
1126	2133093
1127	2134093
1128	2135093
1129	2136093
1130	2137093
1131	2138093
1132	2139093
1133	2140093
1134	2141093
1135	2142093
1136	2143093
1137	2144093
1138	2145093
1139	2146093
1140	2147093
1141	2148093
1142	2149093
1143	2150093
1144	2151093
1145	2152093
1146	2153093
1147	2154093
1148	2155093
1149	2156093
1150	2157093
1151	2158093
1152	2159093
1153	2160093
1154	2161093
1155	2162093
1156	2163093
1157	2164093
1158	2165093
1159	2166093
1160	2167093
1161	2168093
1162	2169093
1163	2170093
1164	2171093
1165	2172093
1166	2173093
1167	2174093
1168	2175093
1169	2176093
1170	2177093
1171	2178093
1172	2179093
1173	2180093
1174	2181093
1175	2182093
1176	2183093
1177	2184093
1178	2185093
1179	2186093
1180	2187093
1181	2188093
1182	2189093
1183	2190093
1184	2191093
1185	2192093
1186	2193093
1187	2194093
1188	2195093
1189	2196093
1190	2197093
1191	2198093
1192	2199093
1193	2200093
1194	2201093
1195	2202093
1196	2203093
1197	2204093
1198	2205093
1199	2206093
1200	2207093
1201	2208093
1202	2209093
1203	2210093
1204	2211093
1205	2212093
1206	2213093
1207	2214093
1208	2215093
1209	2216093
1210	2217093
1211	2218093
1212	2219093
1213	2220093
1214	2221093
1215	2222093
1216	2223093
1217	2224093
1218	2225093
1219	2226093
1220	2227093
1221	2228093
1222	2229093
1223	2230093
1224	2231093
1225	2232093
1226	2233093
1227	2234093
1228	2235093
1229	2236093
1230	2237093
1231	2238093
1232	2239093
1233	2240093
1234	2241093
1235	2242093
1236	2243093
1237	2244093
1238	2245093
1239	2246093
1240	2247093
1241	2248093
1242	2249093
1243	2250093
1244	2251093
1245	2252093
1246	2253093
1247	2254093
1248	2255093
1249	2256093
1250	2257093
1251	2258093
1252	2259093
1253	2260093
1254	2261093
1255	2262093
1256	2263093
1257	2264093
1258	2265093
1259	2266093
1260	2267093
1261	2268093
1262	2269093
1263	2270093
1264	2271093
1265	2272093
1266	2273093
1267	2274093
1268	2275093
1269	2276093
1270	2277093
1271	2278093
1272	2279093
1273	2280093
1274	2281093
1275	2282093
1276	2283093
1277	2284093
1278	2285093
1279	2286093
1280	2287093
1281	2288093
1282	2289093
1283	2290093
1284	2291093
1285	2292093
1286	2293093
1287	2294093
1288	2295093
1289	2296093
1290	2297093
1291	2298093
1292	2299093
1293	2300093
1294	2301093
1295	2302093
1296	2303093
1297	2304093
1298	2305093
1299	2306093
1300	2307093
1301	2308093
1302	2309093
1303	2310093
1304	2311093
1305	2312093
1306	2313093
1307	2314093
1308	2315093
1309	2316093
1310	2317093
1311	2318093
1312	2319093
1313	2320093
1314	2321093
1315	2322093
1316	2323093
1317	2324093
1318	2325093
1319	2326093
1320	2327093
1321	2328093
1322	2329093
1323	2330093
1324	2331093
1325	2332093
1326	2333093
1327	2334093
1328	2335093
1329	2336093
1330	2337093
1331	2338093
1332	2339093
1333	2340093
1334	2341093
1335	2342093
1336	2343093
1337	2344093
1338	2345093
1339	2346093
1340	2347093
1341	2348093
1342	2349093
1343	2350093
1344	2351093
1345	2352093
1346	2353093
1347	2354093
1348	2355093
1349	2356093
1350	2357093
1351	2358093
1352	2359093
1353	2360093
1354	2361093
1355	2362093
1356	2363093
1357	2364093
1358	2365093
1359	2366093
1360	2367093
1361	2368093
1362	2369093
1363	2370093
1364	2371093
1365	2372093
1366	2373093
1367	2374093
1368	2375093
1369	2376093
1370	2377093
1371	2378093
1372	2379093
1373	2380093
1374	2381093
1375	2382093
1376	2383093
1377	2384093
1378	2385093
1379	2386093
1380	2387093
1381	2388093
1382	2389093
1383	2390093
1384	2391093
1385	2392093
1386	2393093
1387	2394093
1388	2395093
1389	2396093
1390	2397093
1391	2398093
1392	2399093
1393	2400093
1394	2401093
1395	2402093
1396	2403093
1397	2404093
1398	2405093
1399	2406093
1400	2407093
1401	2408093
1402	2409093
1403	2410093
1404	2411093
1405	2412093
1406	2413093
1407	2414093
1408	2415093
1409	2416093
1410	2417093
1411	2418093
1412	2419093
1413	2420093
1414	2421093
1415	2422093
1416	2423093
1417	2424093
1418	2425093
1419	2426093
1420	2427093
1421	2428093
1422	2429093
1423	2430093
1424	2431093
1425	2432093
1426	2433093
1427	2434093
1428	2435093
1429	2436093
1430	2437093
1431	2438093
1432	2439093
1433	2440093
1434	2441093
1435	2442093
1436	2443093
1437	2444093
1438	2445093
1439	2446093
1440	2447093
1441	2448093
1442	2449093
1443	2450093
1444	2451093
1445	2452093
1446	2453093
1447	2454093
1448	2455093
1449	2456093
1450	2457093
1451	2458093
1452	2459093
1453	2460093
1454	2461093
1455	2462093
1456	2463093
1457	2464093
1458	2465093
1459	2466093
1460	2467093
1461	2468093
1462	2469093
1463	2470093
1464	2471093
1465	2472093
1466	2473093
1467	2474093
1468	2475093
1469	2476093
1470	2477093
1471	2478093
1472	2479093
1473	2480093
1474	2481093
1475	2482093
1476	2483093
1477	2484093
1478	2485093
1479	2486093
1480	2487093
1481	2488093
1482	2489093
1483	2490093
1484	2491093
1485	2492093
1486	2493093
1487	2494093
1488	2495093
1489	2496093
1490	2497093
1491	2498093
1492	2499093
1493	2500093
1494	2501093
1495	2502093
1496	2503093
1497	2504093
1498	2505093
1499	2506093
1500	2507093
1501	2508093
1502	2509093
1503	2510093
1504	2511093
1505	2512093
1506	2513093
1507	2514093
1508	2515093
1509	2516093
1510	2517093
1511	2518093
1512	2519093
1513	2520093
1514	2521093
1515	2522093
1516	2523093
1517	2524093
1518	2525093
1519	2526093
1520	2527093
1521	2528093
1522	2529093
1523	2530093
1524	2531093
1525	2532093
1526	2533093
1527	2534093
1528	2535093
1529	2536093
1530	2537093
1531	2538093
1532	2539093
1533	2540093
1534	2541093
1535	2542093
1536	2543093
1537	2544093
1538	2545093
1539	2546093
1540	2547093
1541	2548093
1542	2549093
1543	2550093
1544	2551093
1545	2552093
1546	2553093
1547	2554093
1548	2555093
1549	2556093
1550	2557093
1551	2558093
1552	2559093
1553	2560093
1554	2561093
1555	2562093
1556	2563093
1557	2564093
1558	2565093
1559	2566093
1560	2567093
1561	2568093
1562	2569093
1563	2570093
1564	2571093
1565	2572093
1566	2573093
1567	2574093
1568	2575093
1569	2576093
1570	2577093
1571	2578093
1572	2579093
1573	2580093
1574	2581093
1575	2582093
1576	2583093
1577	2584093
1578	2585093
1579	2586093
1580	2587093
1581	2588093
1582	2589093
1583	2590093
1584	2591093
1585	2592093
1586	2593093
1587	2594093
1588	2595093
1589	2596093
1590	2597093
1591	2598093
1592	2599093
1593	2600093
1594	2601093
1595	2602093
1596	2603093
1597	2604093
1598	2605093
1599	2606093
1600	2607093
1601	2608093
1602	2609093
1603	2610093
1604	2611093
1605	2612093
1606	2613093
1607	2614093
1608	2615093
1609	2616093
1610	2617093
1611	2618093
1612	2619093
1613	2620093
1614	2621093
1615	2622093
1616	2623093
1617	2624093
1618	2625093
1619	2626093
1620	2627093
1621	2628093
1622	2629093
1623	2630093
1624	2631093
1625	2632093
1626	2633093
1627	2634093
1628	2635093
1629	2636093
1630	2637093
1631	2638093
1632	2639093
1633	2640093
1634	2641093
1635	2642093
1636	2643093
1637	2644093
1638	2645093
1639	2646093
1640	2647093
1641	2648093
1642	2649093
1643	2650093
1644	2651093
1645	2652093
1646	2653093
1647	2654093
1648	2655093
1649	2656093
1650	2657093
1651	2658093
1652	2659093
1653	2660093
1654	2661093
1655	2662093
1656	2663093
1657	2664093
1658	2665093
1659	2666093
1660	2667093
1661	2668093
1662	2669093
1663	2670093
1664	2671093
1665	2672093
1666	2673093
1667	2674093
1668	2675093
1669	2676093
1670	2677093
1671	2678093
1672	2679093
1673	2680093
1674	2681093
1675	2682093
1676	2683093
1677	2684093
1678	2685093
1679	2686093
1680	2687093
1681	2688093
1682	2689093
1683	2690093
1684	2691093
1685	2692093
1686	2693093
1687	2694093
1688	2695093
1689	2696093
1690	2697093
1691	2698093
1692	2699093
1693	2700093
1694	2701093
1695	2702093
1696	2703093
1697	2704093
1698	2705093
1699	2706093
1700	2707093
1701	2708093
1702	2709093
1703	2710093
1704	2711093
1705	2712093
1706	2713093
1707	2714093
1708	2715093
1709	2716093
1710	2717093
1711	2718093
1712	2719093
1713	2720093
1714	2721093
1715	2722093
1716	2723093
1717	2724093
1718	2725093
1719	2726093
1720	2727093
1721	2728093
1722	2729093
1723	2730093
1724	2731093
1725	2732093
1726	2733093
1727	2734093
1728	2735093
1729	2736093
1730	2737093
1731	2738093
1732	2739093
1733	2740093
1734	2741093
1735	2742093
1736	2743093
1737	2744093
1738	2745093
1739	2746093
1740	2747093
1741	2748093
1742	2749093
1743	2750093
1744	2751093
1745	2752093
1746	2753093
1747	2754093
1748	2755093
1749	2756093
1750	2757093
1751	2758093
1752	2759093
1753	2760093
1754	2761093
1755	2762093
1756	2763093
1757	2764093
1758	2765093
1759	2766093
1760	2767093
1761	2768093
1762	2769093
1763	2770093
1764	2771093
1765	2772093
1766	2773093
1767	2774093
1768	2775093
1769	2776093
1770	2777093
1771	2778093
1772	2779093
1773	2780093
1774	2781093
1775	2782093
1776	2783093
1777	2784093
1778	2785093
1779	2786093
1780	2787093
1781	2788093
1782	2789093
1783	2790093
1784	2791093
1785	2792093
1786	2793093
1787	2794093
1788	2795093
1789	2796093
1790	2797093
1791	2798093
1792	2799093
1793	2800093
1794	2801093
1795	2802093
1796	2803093
1797	2804093
1798	2805093
1799	2806093
1800	2807093
1801	2808093
1802	2809093
1803	2810093
1804	2811093
1805	2812093
1806	2813093
1807	2814093
1808	2815093
1809	2816093
1810	2817093
1811	2818093
1812	2819093
1813	2820093
1814	2821093
1815	2822093
1816	2823093
1817	2824093
1818	2825093
1819	2826093
1820	2827093
1821	2828093
1822	2829093
1823	2830093
1824	2831093
1825	2832093
1826	2833093
1827	2834093
1828	2835093
1829	2836093
1830	2837093
1831	2838093
1832	2839093
1833	2840093
1834	2841093
1835	2842093
1836	2843093
1837	2844093
1838	2845093
1839	2846093
1840	2847093
1841	2848093
1842	2849093
1843	2850093
1844	2851093
1845	2852093
1846	2853093
1847	2854093
1848	2855093
1849	2856093
1850	2857093
1851	2858093
1852	2859093
1853	2860093
1854	2861093
1855	2862093
1856	2863093
1857	2864093
1858	2865093
1859	2866093
1860	2867093
1861	2868093
1862	2869093
1863	2870093
1864	2871093
1865	2872093
1866	2873093
1867	2874093
1868	2875093
1869	2876093
1870	2877093
1871	2878093
1872	2879093
1873	2880093
1874	2881093
1875	2882093
1876	2883093
1877	2884093
1878	2885093
1879	2886093
1880	2887093
1881	2888093
1882	2889093
1883	2890093
1884	2891093
1885	2892093
1886	2893093
1887	2894093
1888	2895093
1889	2896093
1890	2897093
1891	2898093
1892	2899093
1893	2900093
1894	2901093
1895	2902093
1896	2903093
1897	2904093
1898	2905093
1899	2906093
1900	2907093
1901	2908093
1902	2909093
1903	2910093
1904	2911093
1905	2912093
1906	2913093
1907	2914093
1908	2915093
1909	2916093
1910	2917093
1911	2918093
1912	2919093
1913	2920093
1914	2921093
1915	2922093
1916	2923093
1917	2924093
1918	2925093
1919	2926093
1920	2927093
1921	2928093
1922	2929093
1923	2930093
1924	2931093
1925	2932093
1926	2933093
1927	2934093
1928	2935093
1929	2936093
1930	2937093
1931	2938093
1932	2939093
1933	2940093
1934	2941093
1935	2942093
1936	2943093
1937	2944093
1938	2945093
1939	2946093
1940	2947093
1941	2948093
1942	2949093
1943	2950093
1944	2951093
1945	2952093
1946	2953093
1947	2954093
1948	2955093
1949	2956093
1950	2957093
1951	2958093
1952	2959093
1953	2960093
1954	2961093
1955	2962093
1956	2963093
1957	2964093
1958	2965093
1959	2966093
1960	2967093
1961	2968093
1962	2969093
1963	2970093
1964	2971093
1965	2972093
1966	2973093
1967	2974093
1968	2975093
1969	2976093
1970	2977093
1971	2978093
1972	2979093
1973	2980093
1974	2981093
1975	2982093
1976	2983093
1977	2984093
1978	2985093
1979	2986093
1980	2987093
1981	2988093
1982	2989093
1983	2990093
1984	2991093
1985	2992093
1986	2993093
1987	2994093
1988	2995093
1989	2996093
1990	2997093
1991	2998093
1992	2999093
1993	3000093
1994	3001093
1995	3002093
1996	3003093
1997	3004093
1998	3005093
1999	3006093
2000	3007093
2001	3008093
2002	3009093
2003	3010093
2004	3011093
2005	3012093
2006	3013093
2007	3014093
2008	3015093
2009	3016093
2010	3017093
2011	3018093
2012	3019093
2013	3020093
2014	3021093
2015	3022093
2016	3023093
2017	3024093
2018	3025093
2019	3026093
2020	3027093
2021	3028093
2022	3029093
2023	3030093
2024	3031093
2025	3032093
2026	3033093
2027	3034093
2028	3035093
2029	3036093
2030	3037093
2031	3038093
2032	3039093
2033	3040093
2034	3041093
2035	3042093
2036	3043093
2037	3044093
2038	3045093
2039	3046093
2040	3047093
2041	3048093
2042	3049093
2043	3050093
2044	3051093
2045	3052093
2046	3053093
2047	3054093
2048	3055093
2049	3056093
2050	3057093
2051	3058093
2052	3059093
2053	3060093
2054	3061093
2055	3062093
2056	3063093
2057	3064093
2058	3065093
2059	3066093
2060	3067093
2061	3068093
2062	3069093
2063	3070093
2064	3071093
2065	3072093
2066	3073093
2067	3074093
2068	3075093
2069	3076093
2070	3077093
2071	3078093
2072	3079093
2073	3080093
2074	3081093
2075	3082093
2076	3083093
2077	3084093
2078	3085093
2079	3086093
2080	3087093
2081	3088093
2082	3089093
2083	3090093
2084	3091093
2085	3092093
2086	3093093
2087	3094093
2088	3095093
2089	3096093
2090	3097093
2091	3098093
2092	3099093
2093	3100093
2094	3101093
2095	3102093
2096	3103093
2097	3104093
2098	3105093
2099	3106093
2100	3107093
2101	3108093
2102	3109093
2103	3110093
2104	3111093
2105	3112093
2106	3113093
2107	3114093
2108	3115093
2109	3116093
2110	3117093
2111	3118093
2112	3119093
2113	3120093
2114	3121093
2115	3122093
2116	3123093
2117	3124093
2118	3125093
2119	3126093
2120	3127093
2121	3128093
2122	3129093
2123	3130093
2124	3131093
2125	3132093
2126	3133093
2127	3134093
2128	3135093
2129	3136093
2130	3137093
2131	3138093
2132	3139093
2133	3140093
2134	3141093
2135	3142093
2136	3143093
2137	3144093
2138	3145093
2139	3146093
2140	3147093
2141	3148093
2142	3149093
2143	3150093
2144	3151093
2145	3152093
2146	3153093
2147	3154093
2148	3155093
2149	3156093
2150	3157093
2151	3158093
2152	3159093
2153	3160093
2154	3161093
2155	3162093
2156	3163093
2157	3164093
2158	3165093
2159	3166093
2160	3167093
2161	3168093
2162	3169093
2163	3170093
2164	3171093
2165	3172093
2166	3173093
2167	3174093
2168	3175093
2169	3176093
2170	3177093
2171	3178093
2172	3179093
2173	3180093
2174	3181093
2175	3182093
2176	3183093
2177	3184093
2178	3185093
2179	3186093
2180	3187093
2181	3188093
2182	3189093
2183	3190093
2184	3191093
2185	3192093
2186	3193093
2187	3194093
2188	3195093
2189	3196093
2190	3197093
2191	3198093
2192	3199093
2193	3200093
2194	3201093
2195	3202093
2196	3203093
2197	3204093
2198	3205093
2199	3206093
2200	3207093
2201	3208093
2202	3209093
2203	3210093
2204	3211093
2205	3212093
2206	3213093
2207	3214093
2208	3215093
2209	3216093
2210	3217093
2211	3218093
2212	3219093
2213	3220093
2214	3221093
2215	3222093
2216	3223093
2217	3224093
2218	3225093
2219	3226093
2220	3227093
2221	3228093
2222	3229093
2223	3230093
2224	3231093
2225	3232093
2226	3233093
2227	3234093
2228	3235093
2229	3236093
2230	3237093
2231	3238093
2232	3239093
2233	3240093
2234	3241093
2235	3242093
2236	3243093
2237	3244093
2238	3245093
2239	3246093
2240	3247093
2241	3248093
2242	3249093
2243	3250093
2244	3251093
2245	3252093
2246	3253093
2247	3254093
2248	3255093
2249	3256093
2250	3257093
2251	3258093
2252	3259093
2253	3260093
2254	3261093
2255	3262093
2256	3263093
2257	3264093
2258	3265093
2259	3266093
2260	3267093
2261	3268093
2262	3269093
2263	3270093
2264	3271093
2265	3272093
2266	3273093
2267	3274093
2268	3275093
2269	3276093
2270	3277093
2271	3278093
2272	3279093
2273	3280093
2274	3281093
2275	3282093
2276	3283093
2277	3284093
2278	3285093
2279	3286093
2280	3287093
2281	3288093
2282	3289093
2283	3290093
2284	3291093
2285	3292093
2286	3293093
2287	3294093
2288	3295093
2289	3296093
2290	3297093
2291	3298093
2292	3299093
2293	3300093
2294	3301093
2295	3302093
2296	3303093
2297	3304093
2298	3305093
2299	3306093
2300	3307093
2301	3308093
2302	3309093
2303	3310093
2304	3311093
2305	3312093
2306	3313093
2307	3314093
2308	3315093
2309	3316093
2310	3317093
2311	3318093
2312	3319093
2313	3320093
2314	3321093
2315	3322093
2316	3323093
2317	3324093
2318	3325093
2319	3326093
2320	3327093
2321	3328093
2322	3329093
2323	3330093
2324	3331093
2325	3332093
2326	3333093
2327	3334093
2328	3335093
2329	3336093
2330	3337093
2331	3338093
2332	3339093
2333	3340093
2334	3341093
2335	3342093
2336	3343093
2337	3344093
2338	3345093
2339	3346093
2340	3347093
2341	3348093
2342	3349093
2343	3350093
2344	3351093
2345	3352093
2346	3353093
2347	3354093
2348	3355093
2349	3356093
2350	3357093
2351	3358093
2352	3359093
2353	3360093
2354	3361093
2355	3362093
2356	3363093
2357	3364093
2358	3365093
2359	3366093
2360	3367093
2361	3368093
2362	3369093
2363	3370093
2364	3371093
2365	3372093
2366	3373093
2367	3374093
2368	3375093
2369	3376093
2370	3377093
2371	3378093
2372	3379093
2373	3380093
2374	3381093
2375	3382093
2376	3383093
2377	3384093
2378	3385093
2379	3386093
2380	3387093
2381	3388093
2382	3389093
2383	3390093
2384	3391093
2385	3392093
2386	3393093
2387	3394093
2388	3395093
2389	3396093
2390	3397093
2391	3398093
2392	3399093
2393	3400093
2394	3401093
2395	3402093
2396	3403093
2397	3404093
2398	3405093
2399	3406093
2400	3407093
2401	3408093
2402	3409093
2403	3410093
2404	3411093
2405	3412093
2406	3413093
2407	3414093
2408	3415093
2409	3416093
2410	3417093
2411	3418093
2412	3419093
2413	3420093
2414	3421093
2415	3422093
2416	3423093
2417	3424093
2418	3425093
2419	3426093
2420	3427093
2421	3428093
2422	3429093
2423	3430093
2424	3431093
2425	3432093
2426	3433093
2427	3434093
2428	3435093
2429	3436093
2430	3437093
2431	3438093
2432	3439093
2433	3440093
2434	3441093
2435	3442093
2436	3443093
2437	3444093
2438	3445093
2439	3446093
2440	3447093
2441	3448093
2442	3449093
2443	3450093
2444	3451093
2445	3452093
2446	3453093
2447	3454093
2448	3455093
2449	3456093
2450	3457093
2451	3458093
2452	3459093
2453	3460093
2454	3461093
2455	3462093
2456	3463093
2457	3464093
2458	3465093
2459	3466093
2460	3467093
2461	3468093
2462	3469093
2463	3470093
2464	3471093
2465	3472093
2466	3473093
2467	3474093
2468	3475093
2469	3476093
2470	3477093
2471	3478093
2472	3479093
2473	3480093
2474	3481093
2475	3482093
2476	3483093
2477	3484093
2478	3485093
2479	3486093
2480	3487093
2481	3488093
2482	3489093
2483	3490093
2484	3491093
2485	3492093
2486	3493093
2487	3494093
2488	3495093
2489	3496093
2490	3497093
2491	3498093
2492	3499093
2493	3500093
2494	3501093
2495	3502093
2496	3503093
2497	3504093
2498	3505093
2499	3506093
2500	3507093
2501	3508093
2502	3509093
2503	3510093
2504	3511093
2505	3512093
2506	3513093
2507	3514093
2508	3515093
2509	3516093
2510	3517093
2511	3518093
2512	3519093
2513	3520093
2514	3521093
2515	3522093
2516	3523093
2517	3524093
2518	3525093
2519	3526093
2520	3527093
2521	3528093
2522	3529093
2523	3530093
2524	3531093
2525	3532093
2526	3533093
2527	3534093
2528	3535093
2529	3536093
2530	3537093
2531	3538093
2532	3539093
2533	3540093
2534	3541093
2535	3542093
2536	3543093
2537	3544093
2538	3545093
2539	3546093
2540	3547093
2541	3548093
2542	3549093
2543	3550093
2544	3551093
2545	3552093
2546	3553093
2547	3554093
2548	3555093
2549	3556093
2550	3557093
2551	3558093
2552	3559093
2553	3560093
2554	3561093
2555	3562093
2556	3563093
2557	3564093
2558	3565093
2559	3566093
2560	3567093
2561	3568093
2562	3569093
2563	3570093
2564	3571093
2565	3572093
2566	3573093
2567	3574093
2568	3575093
2569	3576093
2570	3577093
2571	3578093
2572	3579093
2573	3580093
2574	3581093
2575	3582093
2576	3583093
2577	3584093
2578	3585093
2579	3586093
2580	3587093
2581	3588093
2582	3589093
2583	3590093
2584	3591093
2585	3592093
2586	3593093
2587	3594093
2588	3595093
2589	3596093
2590	3597093
2591	3598093
2592	3599093
2593	3600093
2594	3601093
2595	3602093
2596	3603093
2597	3604093
2598	3605093
2599	3606093
2600	3607093
2601	3608093
2602	3609093
2603	3610093
2604	3611093
2605	3612093
2606	3613093
2607	3614093
2608	3615093
2609	3616093
2610	3617093
2611	3618093
2612	3619093
2613	3620093
2614	3621093
2615	3622093
2616	3623093
2617	3624093
2618	3625093
2619	3626093
2620	3627093
2621	3628093
2622	3629093
2623	3630093
2624	3631093
2625	3632093
2626	3633093
2627	3634093
2628	3635093
2629	3636093
2630	3637093
2631	3638093
2632	3639093
2633	3640093
2634	3641093
2635	3642093
2636	3643093
2637	3644093
2638	3645093
2639	3646093
2640	3647093
2641	3648093
2642	3649093
2643	3650093
2644	3651093
2645	3652093
2646	3653093
2647	3654093
2648	3655093
2649	3656093
2650	3657093
2651	3658093
2652	3659093
2653	3660093
2654	3661093
2655	3662093
2656	3663093
2657	3664093
2658	3665093
2659	3666093
2660	3667093
2661	3668093
2662	3669093
2663	3670093
2664	3671093
2665	3672093
2666	3673093
2667	3674093
2668	3675093
2669	3676093
2670	3677093
2671	3678093
2672	3679093
2673	3680093
2674	3681093
2675	3682093
2676	3683093
2677	3684093
2678	3685093
2679	3686093
2680	3687093
2681	3688093
2682	3689093
2683	3690093
2684	3691093
2685	3692093
2686	3693093
2687	3694093
2688	3695093
2689	3696093
2690	3697093
2691	3698093
2692	3699093
2693	3700093
2694	3701093
2695	3702093
2696	3703093
2697	3704093
2698	3705093
2699	3706093
2700	3707093
2701	3708093
2702	3709093
2703	3710093
2704	3711093
2705	3712093
2706	3713093
2707	3714093
2708	3715093
2709	3716093
2710	3717093
2711	3718093
2712	3719093
2713	3720093
2714	3721093
2715	3722093
2716	3723093
2717	3724093
2718	3725093
2719	3726093
2720	3727093
2721	3728093
2722	3729093
2723	3730093
2724	3731093
2725	3732093
2726	3733093
2727	3734093
2728	3735093
2729	3736093
2730	3737093
2731	3738093
2732	3739093
2733	3740093
2734	3741093
2735	3742093
2736	3743093
2737	3744093
2738	3745093
2739	3746093
2740	3747093
2741	3748093
2742	3749093
2743	3750093
2744	3751093
2745	3752093
2746	3753093
2747	3754093
2748	3755093
2749	3756093
2750	3757093
2751	3758093
2752	3759093
2753	3760093
2754	3761093
2755	3762093
2756	3763093
2757	3764093
2758	3765093
2759	3766093
2760	3767093
2761	3768093
2762	3769093
2763	3770093
2764	3771093
2765	3772093
2766	3773093
2767	3774093
2768	3775093
2769	3776093
2770	3777093
2771	3778093
2772	3779093
2773	3780093
2774	3781093
2775	3782093
2776	3783093
2777	3784093
2778	3785093
2779	3786093
2780	3787093
2781	3788093
2782	3789093
2783	3790093
2784	3791093
2785	3792093
2786	3793093
2787	3794093
2788	3795093
2789	3796093
2790	3797093
2791	3798093
2792	3799093
2793	3800093
2794	3801093
2795	3802093
2796	3803093
2797	3804093
2798	3805093
2799	3806093
2800	3807097
2801	3808093
2802	3809093
2803	3810093
2804	3811093
2805	3812093
2806	3813093
2807	3814093
2808	3815093
2809	3816093
2810	3817093
2811	3818093
2812	3819093
2813	3820093
2814	3821093
2815	3822093
2816	3823093
2817	3824093
2818	3825093
2819	3826093
2820	3827093
2821	3828093
2822	3829093
2823	3830093
2824	3831093
2825	3832093
2826	3833093
2827	3834093
2828	3835093
2829	3836093
2830	3837093
2831	3838093
2832	3839093
2833	3840093
2834	3841093
2835	3842093
2836	3843093
2837	3844093
2838	3845093
2839	3846093
2840	3847093
2841	3848093
2842	3849093
2843	3850093
2844	3851093
2845	3852093
2846	3853093
2847	3854093
2848	3855093
2849	3856093
2850	3857093
2851	3858093
2852	3859093
2853	3860093
2854	3861093
2855	3862093
2856	3863093
2857	3864093
2858	3865093
2859	3866093
2860	3867093
2861	3868093
2862	3869093
2863	3870093
2864	3871093
2865	3872093
2866	3873093
2867	3874093
2868	3875093
2869	3876093
2870	3877093
2871	3878093
2872	3879093
2873	3880093
2874	3881093
2875	3882093
2876	3883093
2877	3884093
2878	3885093
2879	3886093
2880	3887093
2881	3888093
2882	3889093
2883	3890093
2884	3891093
2885	3892093
2886	3893093
2887	3894093
2888	3895093
2889	3896093
2890	3897093
2891	3898093
2892	3899093
2893	3900093
2894	3901093
2895	3902093
2896	3903093
2897	3904093
2898	3905093
2899	3906093
2900	3907093
2901	3908093
2902	3909093
2903	3910093
2904	3911093
2905	3912093
2906	3913093
2907	3914093
2908	3915093
2909	3916093
2910	3917093
2911	3918093
2912	3919093
2913	3920093
2914	3921093
2915	3922093
2916	3923093
2917	3924093
2918	3925093
2919	3926093
2920	3927093
2921	3928093
2922	3929093
2923	3930093
2924	3931093
2925	3932093
2926	3933093
2927	3934093
2928	3935093
2929	3936093
2930	3937093
2931	3938093
2932	3939093
2933	3940093
2934	3941093
2935	3942093
2936	3943093
2937	3944093
2938	3945093
2939	3946093
2940	3947093
2941	3948093
2942	3949093
2943	3950093
2944	3951093
2945	3952093
2946	3953093
2947	3954093
2948	3955093
2949	3956093
2950	3957093
2951	3958093
2952	3959093
2953	3960093
2954	3961093
2955	3962093
2956	3963093
2957	3964093
2958	3965093
2959	3966093
2960	3967093
2961	3968093
2962	3969093
2963	3970093
2964	3971093
2965	3972093
2966	3973093
2967	3974093
2968	3975093
2969	3976093
2970	3977093
2971	3978093
2972	3979093
2973	3980093
2974	3981093
2975	3982093
2976	3983093
2977	3984093
2978	3985093
2979	3986093
2980	3987093
2981	3988093
2982	3989093
2983	3990093
2984	3991093
2985	3992093
2986	3993093
2987	3994093
2988	3995093
2989	3996093
2990	3997093
2991	3998093
2992	3999093
2993	4000093
2994	4001093
2995	4002093
2996	4003093
2997	4004093
2998	4005093
2999	4006093
3000	4007093
3001	4008093
3002	4009093
3003	4010093
3004	4011093
3005	4012093
3006	4013093
3007	4014093
3008	4015093
3009	4016093
3010	4017093
3011	4018093
3012	4019093
3013	4020093
3014	4021093
3015	4022093
3016	4023093
3017	4024093
3018	4025093
3019	4026093
3020	4027093
3021	4028093
3022	4029093
3023	4030093
3024	4031093
3025	4032093
3026	4033093
3027	4034093
3028	4035093
3029	4036093
3030	4037093
3031	4038093
3032	4039093
3033	4040093
3034	4041093
3035	4042093
3036	4043093
3037	4044093
3038	4045093
3039	4046093
3040	4047093
3041	4048093
3042	4049093
3043	4050093
3044	4051093
3045	4052093
3046	4053093
3047	4054093
3048	4055093
3049	4056093
3050	4057093
3051	4058093
3052	4059093
3053	4060093
3054	4061093
3055	4062093
3056	4063093
3057	4064093
3058	4065093
3059	4066093
3060	4067093
3061	4068093
3062	4069093
3063	4070093
3064	4071093
3065	4072093
3066	4073093
3067	4074093
3068	4075093
3069	4076093
3070	4077093
3071	4078093
3072	4079093
3073	4080093
3074	4081093
3075	4082093
3076	4083093
3077	4084093
3078	4085093
3079	4086093
3080	4087093
3081	4088093
3082	4089093
3083	4090093
3084	4091093
3085	4092093
3086	4093093
3087	4094093
3088	4095093
3089	4096093
3090	4097093
3091	4098093
3092	4099093
3093	4100093
3094	4101093
3095	4102093
3096	4103093
3097	4104093
3098	4105093
3099	4106093
3100	4107093
3101	4108093
3102	4109093
3103	4110093
3104	4111093
3105	4112093
3106	4113093
3107	4114093
3108	4115093
3109	4116093
3110	4117093
3111	4118093
3112	4119093
3113	4120093
3114	4121093
3115	4122093
3116	4123093
3117	4124093
3118	4125093
3119	4126093
3120	4127093
3121	4128093
3122	4129093
3123	4130093
3124	4131093
3125	4132093
3126	4133093
3127	4134093
3128	4135093
3129	4136093
3130	4137093
3131	4138093
3132	4139093
3133	4140093
3134	4141093
3135	4142093
3136	4143093
3137	4144093
3138	4145093
3139	4146093
3140	4147093
3141	4148093
3142	4149093
3143	4150093
3144	4151093
3145	4152093
3146	4153093
3147	4154093
3148	4155093
3149	4156093
3150	4157093
3151	4158093
3152	4159093
3153	4160093
3154	4161093
3155	4162093
3156	4163093
3157	4164093
3158	4165093
3159	4166093
3160	4167093
3161	4168093
3162	4169093
3163	4170093
3164	4171093
3165	4172093
3166	4173093
3167	4174093
3168	4175093
3169	4176093
3170	4177093
3171	4178093
3172	4179093
3173	4180093
3174	4181093
3175	4182093
3176	4183093
3177	4184093
3178	4185093
3179	4186093
3180	4187093
3181	4188093
3182	4189093
3183	4190093
3184	4191093
3185	4192093
3186	4193093
3187	4194093
3188	4195093
3189	4196093
3190	4197093
3191	4198093
3192	4199093
3193	4200093
3194	4201093
3195	4202093
3196	4203093
3197	4204093
3198	4205093
3199	4206093
3200	4207093
3201	4208093
3202	4209093
3203	4210093
3204	4211093
3205	4212093
3206	4213093
3207	4214093
3208	4215093
3209	4216093
3210	4217093
3211	4218093
3212	4219093
3213	4220093
3214	4221093
3215	4222093
3216	4223093
3217	4224093
3218	4225093
3219	4226093
3220	4227093
3221	4228093
3222	4229093
3223	4230093
3224	4231093
3225	4232093
3226	4233093
3227	4234093
3228	4235093
3229	4236093
3230	4237093
3231	4238093
3232	4239093
3233	4240093
3234	4241093
3235	4242093
3236	4243093
3237	4244093
3238	4245093
3239	4246093
3240	4247093
3241	4248093
3242	4249093
3243	4250093
3244	4251093
3245	4252093
3246	4253093
3247	4254093
3248	4255093
3249	4256093
3250	4257093
3251	4258093
3252	4259093
3253	4260093
3254	4261093
3255	4262093
3256	4263093
3257	4264093
3258	4265093
3259	4266093
3260	4267093
3261	4268093
3262	4269093
3263	4270093
3264	4271093
3265	4272093
3266	4273093
3267	4274093
3268	4275093
3269	4276093
3270	4277093
3271	4278093
3272	4279093
3273	4280093
3274	4281093
3275	4282093
3276	4283093
3277	4284093
3278	4285093
3279	4286093
3280	4287093
3281	4288093
3282	4289093
3283	4290093
3284	4291093
3285	4292093
3286	4293093
3287	4294093
3288	4295093
3289	4296093
3290	4297093
3291	4298093
3292	4299093
3293	4300093
3294	4301093
3295	4302093
3296	4303093
3297	4304093
3298	4305093
3299	4306093
3300	4307093
3301	4308093
3302	4309093
3303	4310093
3304	4311093
3305	4312093
3306	4313093
3307	4314093
3308	4315093
3309	4316093
3310	4317093
3311	4318093
3312	4319093
3313	4320093
3314	4321093
3315	4322093
3316	4323093
3317	4324093
3318	4325093
3319	4326093
3320	4327093
3321	4328093
3322	4329093
3323	4330093
3324	4331093
3325	4332093
3326	4333093
3327	4334093
3328	4335093
3329	4336093
3330	4337093
3331	4338093
3332	4339093
3333	4340093
3334	4341093
3335	4342093
3336	4343093
3337	4344093
3338	4345093
3339	4346093
3340	4347093
3341	4348093
3342	4349093
3343	4350093
3344	4351093
3345	4352093
3346	4353093
3347	4354093
3348	4355093
3349	4356093
3350	4357093
3351	4358093
3352	4359093
3353	4360093
3354	4361093
3355	4362093
3356	4363093
3357	4364093
3358	4365093
3359	4366093
3360	4367093
3361	4368093
3362	4369093
3363	4370093
3364	4371093
3365	4372093
3366	4373093
3367	4374093
3368	4375093
3369	4376093
3370	4377093
3371	4378093
3372	4379093
3373	4380093
3374	4381093
3375	4382093
3376	4383093
3377	4384093
3378	4385093
3379	4386093
3380	4387093
3381	4388093
3382	4389093
3383	4390093
3384	4391093
3385	4392093
3386	4393093
3387	4394093
3388	4395093
3389	4396093
3390	4397093
3391	4398093
3392	4399093
3393	4400093
3394	4401093
3395	4402093
3396	4403093
3397	4404093
3398	4405093
3399	4406093
3400	4407093
3401	4408093
3402	4409093
3403	4410093
3404	4411093
3405	4412093
3406	4413093
3407	4414093
3408	4415093
3409	4416093
3410	4417093
3411	4418093
3412	4419093
3413	4420093
3414	4421093
3415	4422093
3416	4423093
3417	4424093
3418	4425093
3419	4426093
3420	4427093
3421	4428093
3422	4429093
3423	4430093
3424	4431093
3425	4432093
3426	4433093
3427	4434093
3428	4435093
3429	4436093
3430	4437093
3431	4438093
3432	4439093
3433	4440093
3434	4441093
3435	4442093
3436	4443093
3437	4444093
3438	4445093
3439	4446093
3440	4447093
3441	4448093
3442	4449093
3443	4450093
3444	4451093
3445	4452093
3446	4453093
3447	4454093
3448	4455093
3449	4456093
3450	4457093
3451	4458093
3452	4459093
3453	4460093
3454	4461093
3455	4462093
3456	4463093
3457	4464093
3458	4465093
3459	4466093
3460	4467093
3461	4468093
3462	4469093
3463	4470093
3464	4471093
3465	4472093
3466	4473093
3467	4474093
3468	4475093
3469	4476093
3470	4477093
3471	4478093
3472	4479093
3473	4480093
3474	4481093
3475	4482093
3476	4483093
3477	4484093
3478	4485093
3479	4486093
3480	4487093
3481	4488093
3482	4489093
3483	4490093
3484	4491093
3485	4492093
3486	4493093
3487	4494093
3488	4495093
3489	4496093
3490	4497093
3491	4498093
3492	4499093
3493	4500093
3494	4501093
3495	4502093
3496	4503093
3497	4504093
3498	4505093
3499	4506093
3500	4507093
3501	4508093
3502	4509093
3503	4510093
3504	4511093
3505	4512093
3506	4513093
3507	4514093
3508	4515093
3509	4516093
3510	4517093
3511	4518093
3512	4519093
3513	4520093
3514	4521093
3515	4522093
3516	4523093
3517	4524093
3518	4525093
3519	4526093
3520	4527093
3521	4528093
3522	4529093
3523	4530093
3524	4531093
3525	4532093
3526	4533093
3527	4534093
3528	4535093
3529	4536093
3530	4537093
3531	4538093
3532	4539093
3533	4540093
3534	4541093
3535	4542093
3536	4543093
3537	4544093
3538	4545093
3539	4546093
3540	4547093
3541	4548093
3542	4549093
3543	4550093
3544	4551093
3545	4552093
3546	4553093
3547	4554093
3548	4555093
3549	4556093
3550	4557093
3551	4558093
3552	4559093
3553	4560093
3554	4561093
3555	4562093
3556	4563093
3557	4564093
3558	4565093
3559	4566093
3560	4567093
3561	4568093
3562	4569093
3563	4570093
3564	4571093
3565	4572093
3566	4573093
3567	4574093
3568	4575093
3569	4576093
3570	4577093
3571	4578093
3572	4579093
3573	4580093
3574	4581093
3575	4582093
3576	4583093
3577	4584093
3578	4585093
3579	4586093
3580	4587093
3581	4588093
3582	4589093
3583	4590093
3584	4591093
3585	4592093
3586	4593093
3587	4594093
3588	4595093
3589	4596093
3590	4597093
3591	4598093
3592	4599093
3593	4600093
3594	4601093
3595	4602093
3596	4603093
3597	4604093
3598	4605093
3599	4606093
3600	4607093
3601	4608093
3602	4609093
3603	4610093
3604	4611093
3605	4612093
3606	4613093
3607	4614093
3608	4615093
3609	4616093
3610	4617093
3611	4618093
3612	4619093
3613	4620093
3614	4621093
3615	4622093
3616	4623093
3617	4624093
3618	4625093
3619	4626093
3620	4627093
3621	4628093
3622	4629093
3623	4630093
3624	4631093
3625	4632093
3626	4633093
3627	4634093
3628	4635093
3629	4636093
3630	4637093
3631	4638093
3632	4639093
3633	4640093
3634	4641093
3635	4642093
3636	4643093
3637	4644093
3638	4645093
3639	4646093
3640	4647093
3641	4648093
3642	4649093
3643	4650093
3644	4651093
3645	4652093
3646	4653093
3647	4654093
3648	4655093
3649	4656093
3650	4657093
3651	4658093
3652	4659093
3653	4660093
3654	4661093
3655	4662093
3656	4663093
3657	4664093
3658	4665093
3659	4666093
3660	4667093
3661	4668093
3662	4669093
3663	4670093
3664	4671093
3665	4672093
3666	4673093
3667	4674093
3668	4675093
3669	4676093
3670	4677093
3671	4678093
3672	4679093
3673	4680093
3674	4681093
3675	4682093
3676	4683093
3677	4684093
3678	4685093
3679	4686093
3680	4687093
3681	4688093
3682	4689093
3683	4690093
3684	4691093
3685	4692093
3686	4693093
3687	4694093
3688	4695093
3689	4696093
3690	4697093
3691	4698093
3692	4699093
3693	4700093
3694	4701093
3695	4702093
3696	4703093
3697	4704093
3698	4705093
3699	4706093
3700	4707093
3701	4708093
3702	4709093
3703	4710093
3704	4711093
3705	4712093
3706	4713093
3707	4714093
3708	4715093
3709	4716093
3710	4717093
3711	4718093
3712	4719093
3713	4720093
3714	4721093
3715	4722093
3716	4723093
3717	4724093
3718	4725093
3719	4726093
3720	4727093
3721	4728093
3722	4729093
3723	4730093
3724	4731093
3725	4732093
3726	4733093
3727	4734093
3728	4735093
3729	4736093
3730	4737093
3731	4738093
3732	4739093
3733	4740093
3734	4741093
3735	4742093
3736	4743093
3737	4744093
3738	4745093
3739	4746093
3740	4747093
3741	4748093
3742	4749093
3743	4750093
3744	4751093
3745	4752093
3746	4753093
3747	4754093
3748	4755093
3749	4756093
3750	4757093
3751	4758093
3752	4759093
3753	4760093
3754	4761093
3755	4762093
3756	4763093
3757	4764093
3758	4765093
3759	4766093
3760	4767093
3761	4768093
3762	4769093
3763	4770093
3764	4771093
3765	4772093
3766	4773093
3767	4774093
3768	4775093
3769	4776093
3770	4777093
3771	4778093
3772	4779093
3773	4780093
3774	4781093
3775	4782093
3776	4783093
3777	4784093
3778	4785093
3779	4786093
3780	4787093
3781	4788093
3782	4789093
3783	4790093
3784	4791093
3785	4792093
3786	4793093
3787	4794093
3788	4795093
3789	4796093
3790	4797093
3791	4798093
3792	4799093
3793	4800093
3794	4801093
3795	4802093
3796	4803093
3797	4804093
3798	4805093
3799	4806093
3800	4807093
3801	4808093
3802	4809093
3803	4810093
3804	4811093
3805	4812093
3806	4813093
3807	4814093
3808	4815093
3809	4816093
3810	4817093
3811	4818093
3812	4819093
3813	4820093
3814	4821093
3815	4822093
3816	4823093
3817	4824093
3818	4825093
3819	4826093
3820	4827093
3821	4828093
3822	4829093
3823	4830093
3824	4831093
3825	4832093
3826	4833093
3827	4834093
3828	4835093
3829	4836093
3830	4837093
3831	4838093
3832	4839093
3833	4840093
3834	4841093
3835	4842093
3836	4843093
3837	4844093
3838	4845093
3839	4846093
3840	4847093
3841	4848093
3842	4849093
3843	4850093
3844	4851093
3845	4852093
3846	4853093
3847	4854093
3848	4855093
3849	4856093
3850	4857093
3851	4858093
3852	4859093
3853	4860093
3854	4861093
3855	4862093
3856	4863093
3857	4864093
3858	4865093
3859	4866093
3860	4867093
3861	4868093
3862	4869093
3863	4870093
3864	4871093
3865	4872093
3866	4873093
3867	4874093
3868	4875093
3869	4876093
3870	4877093
3871	4878093
3872	4879093
3873	4880093
3874	4881093
3875	4882093
3876	4883093
3877	4884093
3878	4885093
3879	4886093
3880	4887093
3881	4888093
3882	4889093
3883	4890093
3884	4891093
3885	4892093
3886	4893093
3887	4894093
3888	4895093
3889	4896093
3890	4897093
3891	4898093
3892	4899093
3893	4900093
3894	4901093
3895	4902093
3896	4903093
3897	4904093
3898	4905093
3899	4906093
3900	4907093
3901	4908093
3902	4909093
3903	4910093
3904	4911093
3905	4912093
3906	4913093
3907	4914093
3908	4915093
3909	4916093
3910	4917093
3911	4918093
3912	4919093
3913	4920093
3914	4921093
3915	4922093
3916	4923093
3917	4924093
3918	4925093
3919	4926093
3920	4927093
3921	4928093
3922	4929093
3923	4930093
3924	4931093
3925	4932093
3926	4933093
3927	4934093
3928	4935093
3929	4936093
3930	4937093
3931	4938093
3932	4939093
3933	4940093
3934	4941093
3935	4942093
3936	4943093
3937	4944093
3938	4945093
3939	4946093
3940	4947093
3941	4948093
3942	4949093
3943	4950093
3944	4951093
3945	4952093
3946	4953093
3947	4954093
3948	4955093
3949	4956093
3950	4957093
3951	4958093
3952	4959093
3953	4960093
3954	4961093
3955	4962093
3956	4963093
3957	4964093
3958	4965093
3959	4966093
3960	4967093
3961	4968093
3962	4969093
3963	4970093
3964	4971093
3965	4972093
3966	4973093
3967	4974093
3968	4975093
3969	4976093
3970	4977093
3971	4978093
3972	4979093
3973	4980093
3974	4981093
3975	4982093
3976	4983093
3977	4984093
3978	4985093
3979	4986093
3980	4987093
3981	4988093
3982	4989093
3983	4990093
3984	4991093
3985	4992093
3986	4993093
3987	4994093
3988	4995093
3989	4996093
3990	4997093
3991	4998093
3992	4999093
3993	5000093
3994	5001093
3995	5002093
3996	5003093
3997	5004093
3998	5005093
3999	5006093
4000	5007093
4001	5008093
4002	5009093
4003	5010093
4004	5011093
4005	5012093
4006	5013093
4007	5014093
4008	5015093
4009	5016093
4010	5017093
4011	5018093
4012	5019093
4013	5020093
4014	5021093
4015	5022093
4016	5023093
4017	5024093
4018	5025093
4019	5026093
4020	5027093
4021	5028093
4022	5029093
4023	5030093
4024	5031093
4025	5032093
4026	5033093
4027	5034093
4028	5035093
4029	5036093
4030	5037093
4031	5038093
4032	5039093
4033	5040093
4034	5041093
4035	5042093
4036	5043093
4037	5044093
4038	5045093
4039	5046093
4040	5047093
4041	5048093
4042	5049093
4043	5050093
4044	5051093
4045	5052093
4046	5053093
4047	5054093
4048	5055093
4049	5056093
4050	5057093
4051	5058093
4052	5059093
4053	5060093
4054	5061093
4055	5062093
4056	5063093
4057	5064093
4058	5065093
4059	5066093
4060	5067093
4061	5068093
4062	5069093
4063	5070093
4064	5071093
4065	5072093
4066	5073093
4067	5074093
4068	5075093
4069	5076093
4070	5077093
4071	5078093
4072	5079093
4073	5080093
4074	5081093
4075	5082093
4076	5083093
4077	5084093
4078	5085093
4079	5086093
4080	5087093
4081	5088093
4082	5089093
4083	5090093
4084	5091093
4085	5092093
4086	5093093
4087	5094093
4088	5095093
4089	5096093
4090	5097093
4091	5098093
4092	5099093
4093	5100093
4094	5101093
4095	5102093
4096	5103093
4097	5104093
4098	5105093
4099	5106093
4100	5107093
4101	5108093
4102	5109093
4103	5110093
4104	5111093
4105	5112093
4106	5113093
4107	5114093
4108	5115093
4109	5116093
4110	5117093
4111	5118093
4112	5119093
4113	5120093
4114	5121093
4115	5122093
4116	5123093
4117	5124093
4118	5125093
4119	5126093
4120	5127093
4121	5128093
4122	5129093
4123	5130093
4124	5131093
4125	5132093
4126	5133093
4127	5134093
4128	5135093
4129	5136093
4130	5137093
4131	5138093
4132	5139093
4133	5140093
4134	5141093
4135	5142093
4136	5143093
4137	5144093
4138	5145093
4139	5146093
4140	5147093
4141	5148093
4142	5149093
4143	5150093
4144	5151093
4145	5152093
4146	5153093
4147	5154093
4148	5155093
4149	5156093
4150	5157093
4151	5158093
4152	5159093
4153	5160093
4154	5161093
4155	5162093
4156	5163093
4157	5164093
4158	5165093
4159	5166093
4160	5167093
4161	5168093
4162	5169093
4163	5170093
4164	5171093
4165	5172093
4166	5173093
4167	5174093
4168	5175093
4169	5176093
4170	5177093
4171	5178093
4172	5179093
4173	5180093
4174	5181093
4175	5182093
4176	5183093
4177	5184093
4178	5185093
4179	5186093
4180	5187093
4181	5188093
4182	5189093
4183	5190093
4184	5191093
4185	5192093
4186	5193093
4187	5194093
4188	5195093
4189	5196093
4190	5197093
4191	5198093
4192	5199093
4193	5200093
4194	5201093
4195	5202093
4196	5203093
4197	5204093
4198	5205093
4199	5206093
4200	5207093
4201	5208093
4202	5209093
4203	5210093
4204	5211093
4205	5212093
4206	5213093
4207	5214093
4208	5215093
4209	5216093
4210	5217093
4211	5218093
4212	5219093
4213	5220093
4214	5221093
4215	5222093
4216	5223093
4217	5224093
4218	5225093
4219	5226093
4220	5227093
4221	5228093
4222	5229093
4223	5230093
4224	5231093
4225	5232093
4226	5233093
4227	5234093
4228	5235093
4229	5236093
4230	5237093
4231	5238093
4232	5239093
4233	5240093
4234	5241093
4235	5242093
4236	5243093
4237	5244093
4238	5245093
4239	5246093
4240	5247093
4241	5248093
4242	5249093
4243	5250093
4244	5251093
4245	5252093
4246	5253093
4247	5254093
4248	5255093
4249	5256093
4250	5257093
4251	5258093
4252	5259093
4253	5260093
4254	5261093
4255	5262093
4256	5263093
4257	5264093
4258	5265093
4259	5266093
4260	5267093
4261	5268093
4262	5269093
4263	5270093
4264	5271093
4265	5272093
4266	5273093
4267	5274093
4268	5275093
4269	5276093
4270	5277093
4271	5278093
4272	5279093
4273	5280093
4274	5281093
4275	5282093
4276	5283093
4277	5284093
4278	5285093
4279	5286093
4280	5287093
4281	5288093
4282	5289093
4283	5290093
4284	5291093
4285	5292093
4286	5293093
4287	5294093
4288	5295093
4289	5296093
4290	5297093
4291	5298093
4292	5299093
4293	5300093
4294	5301093
4295	5302093
4296	5303093
4297	5304093
4298	5305093
4299	5306093
4300	5307093
4301	5308093
4302	5309093
4303	5310093
4304	5311093
4305	5312093
4306	5313093
4307	5314093
4308	5315093
4309	5316093
4310	5317093
4311	5318093
4312	5319093
4313	5320093
4314	5321093
4315	5322093
4316	5323093
4317	5324093
4318	5325093
4319	5326093
4320	5327093
4321	5328093
4322	5329093
4323	5330093
4324	5331093
4325	5332093
4326	5333093
4327	5334093
4328	5335093
4329	5336093
4330	5337093
4331	5338093
4332	5339093
4333	5340093
4334	5341093
4335	5342093
4336	5343093
4337	5344093
4338	5345093
4339	5346093
4340	5347093
4341	5348093
4342	5349093
4343	5350093
4344	5351093
4345	5352093
4346	5353093
4347	5354093
4348	5355093
4349	5356093
4350	5357093
4351	5358093
4352	5359093
4353	5360093
4354	5361093
4355	5362093
4356	5363093
4357	5364093
4358	5365093
4359	5366093
4360	5367093
4361	5368093
4362	5369093
4363	5370093
4364	5371093
4365	5372093
4366	5373093
4367	5374093
4368	5375093
4369	5376093
4370	5377093
4371	5378093
4372	5379093
4373	5380093
4374	5381093
4375	5382093
4376	5383093
4377	5384093
4378	5385093
4379	5386093
4380	5387093
4381	5388093
4382	5389093
4383	5390093
4384	5391093
4385	5392093
4386	5393093
4387	5394093
4388	5395093
4389	5396093
4390	5397093
4391	5398093
4392	5399093
4393	5400093
4394	5401093
4395	5402093
4396	5403093
4397	5404093
4398	5405093
4399	5406093
4400	5407093
4401	5408093
4402	5409093
4403	5410093
4404	5411093
4405	5412093
4406	5413093
4407	5414093
4408	5415093
4409	5416093
4410	5417093
4411	5418093
4412	5419093
4413	5420093
4414	5421093
4415	5422093
4416	5423093
4417	5424093
4418	5425093
4419	5426093
4420	5427093
4421	5428093
4422	5429093
4423	5430093
4424	5431093
4425	5432093
4426	5433093
4427	5434093
4428	5435093
4429	5436093
4430	5437093
4431	5438093
4432	5439093
4433	5440093
4434	5441093
4435	5442093
4436	5443093
4437	5444093
4438	5445093
4439	5446093
4440	5447093
4441	5448093
4442	5449093
4443	5450093
4444	5451093
4445	5452093
4446	5453093
4447	5454093
4448	5455093
4449	5456093
4450	5457093
4451	5458093
4452	5459093
4453	5460093
4454	5461093
4455	5462093
4456	5463093
4457	5464093
4458	5465093
4459	5466093
4460	5467093
4461	5468093
4462	5469093
4463	5470093
4464	5471093
4465	5472093
4466	5473093
4467	5474093
4468	5475093
4469	5476093
4470	5477093
4471	5478093
4472	5479093
4473	5480093
4474	5481093
4475	5482093
4476	5483093
4477	5484093
4478	5485093
4479	5486093
4480	5487093
4481	5488093
4482	5489093
4483	5490093
4484	5491093
4485	5492093
4486	5493093
4487	5494093
4488	5495093
4489	5496093
4490	5497093
4491	5498093
4492	5499093
4493	5500093
4494	5501093
4495	5502093
4496	5503093
4497	5504093
4498	5505093
4499	5506093
4500	5507093
4501	5508093
4502	5509093
4503	5510093
4504	5511093
4505	5512093
4506	5513093
4507	5514093
4508	5515093
4509	5516093
4510	5517093
4511	5518093
4512	5519093
4513	5520093
4514	5521093
4515	5522093
4516	5523093
4517	5524093
4518	5525093
4519	5526093
4520	5527093
4521	5528093
4522	5529093
4523	5530093
4524	5531093
4525	5532093
4526	5533093
4527	5534093
4528	5535093
4529	5536093
4530	5537093
4531	5538093
4532	5539093
4533	5540093
4534	5541093
4535	5542093
4536	5543093
4537	5544093
4538	5545093
4539	5546093
4540	5547093
4541	5548093
4542	5549093
4543	5550093
4544	5551093
4545	5552093
4546	5553093
4547	5554093
4548	5555093
4549	5556093
4550	5557093
4551	5558093
4552	5559093
4553	5560093
4554	5561093
4555	5562093
4556	5563093
4557	5564093
4558	5565093
4559	5566093
4560	5567093
4561	5568093
4562	5569093
4563	5570093
4564	5571093
4565	5572093
4566	5573093
4567	5574093
4568	5575093
4569	5576093
4570	5577093
4571	5578093
4572	5579093
4573	5580093
4574	5581093
4575	5582093
4576	5583093
4577	5584093
4578	5585093
4579	5586093
4580	5587093
4581	5588093
4582	5589093
4583	5590093
4584	5591093
4585	5592093
4586	5593093
4587	5594093
4588	5595093
4589	5596093
4590	5597093
4591	5598093
4592	5599093
4593	5600093
4594	5601093
4595	5602093
4596	5603093
4597	5604093
4598	5605093
4599	5606093
4600	5607093
4601	5608093
4602	5609093
4603	5610093
4604	5611093
4605	5612093
4606	5613093
4607	5614093
4608	5615093
4609	5616093
4610	5617093
4611	5618093
4612	5619093
4613	5620093
4614	5621093
4615	5622093
4616	5623093
4617	5624093
4618	5625093
4619	5626093
4620	5627093
4621	5628093
4622	5629093
4623	5630093
4624	5631093
4625	5632093
4626	5633093
4627	5634093
4628	5635093
4629	5636093
4630	5637093
4631	5638093
4632	5639093
4633	5640093
4634	5641093
4635	5642093
4636	5643093
4637	5644093
4638	5645093
4639	5646093
4640	5647093
4641	5648093
4642	5649093
4643	5650093
4644	5651093
4645	5652093
4646	5653093
4647	5654093
4648	5655093
4649	5656093
4650	5657093
4651	5658093
4652	5659093
4653	5660093
4654	5661093
4655	5662093
4656	5663093
4657	5664093
4658	5665093
4659	5666093
4660	5667093
4661	5668093
4662	5669093
4663	5670093
4664	5671093
4665	5672093
4666	5673093
4667	5674093
4668	5675093
4669	5676093
4670	5677093
4671	5678093
4672	5679093
4673	5680093
4674	5681093
4675	5682093
4676	5683093
4677	5684093
4678	5685093
4679	5686093
4680	5687093
4681	5688093
4682	5689093
4683	5690093
4684	5691093
4685	5692093
4686	5693093
4687	5694093
4688	5695093
4689	5696093
4690	5697093
4691	5698093
4692	5699093
4693	5700093
4694	5701093
4695	5702093
4696	5703093
4697	5704093
4698	5705093
4699	5706093
4700	5707093
4701	5708093
4702	5709093
4703	5710093
4704	5711093
4705	5712093
4706	5713093
4707	5714093
4708	5715093
4709	5716093
4710	5717093
4711	5718093
4712	5719093
4713	5720093
4714	5721093
4715	5722093
4716	5723093
4717	5724093
4718	5725093
4719	5726093
4720	5727093
4721	5728093
4722	5729093
4723	5730093
4724	5731093
4725	5732093
4726	5733093
4727	5734093
4728	5735093
4729	5736093
4730	5737093
4731	5738093
4732	5739093
4733	5740093
4734	5741093
4735	5742093
4736	5743093
4737	5744093
4738	5745093
4739	5746093
4740	5747093
4741	5748093
4742	5749093
4743	5750093
4744	5751093
4745	5752093
4746	5753093
4747	5754093
4748	5755093
4749	5756093
4750	5757093
4751	5758093
4752	5759093
4753	5760093
4754	5761093
4755	5762093
4756	5763093
4757	5764093
4758	5765093
4759	5766093
4760	5767093
4761	5768093
4762	5769093
4763	5770093
4764	5771093
4765	5772093
4766	5773093
4767	5774093
4768	5775093
4769	5776093
4770	5777093
4771	5778093
4772	5779093
4773	5780093
4774	5781093
4775	5782093
4776	5783093
4777	5784093
4778	5785093
4779	5786093
4780	5787093
4781	5788093
4782	5789093
4783	5790093
4784	5791093
4785	5792093
4786	5793093
4787	5794093
4788	5795093
4789	5796093
4790	5797093
4791	5798093
4792	5799093
4793	5800093
4794	5801093
4795	5802093
4796	5803093
4797	5804093
4798	5805093
4799	5806093
4800	5807093
4801	5808093
4802	5809093
4803	5810093
4804	5811093
4805	5812093
4806	5813093
4807	5814093
4808	5815093
4809	5816093
4810	5817093
4811	5818093
4812	5819093
4813	5820093
4814	5821093
4815	5822093
4816	5823093
4817	5824093
4818	5825093
4819	5826093
4820	5827093
4821	5828093
4822	5829093
4823	5830093
4824	5831093
4825	5832093
4826	5833093
4827	5834093
4828	5835093
4829	5836093
4830	5837093
4831	5838093
4832	5839093
4833	5840093
4834	5841093
4835	5842093
4836	5843093
4837	5844093
4838	5845093
4839	5846093
4840	5847093
4841	5848093
4842	5849093
4843	5850093
4844	5851093
4845	5852093
4846	5853093
4847	5854093
4848	5855093
4849	5856093
4850	5857093
4851	5858093
4852	5859093
4853	5860093
4854	5861093
4855	5862093
4856	5863093
4857	5864093
4858	5865093
4859	5866093
4860	5867093
4861	5868093
4862	5869093
4863	5870093
4864	5871093
4865	5872093
4866	5873093
4867	5874093
4868	5875093
4869	5876093
4870	5877093
4871	5878093
4872	5879093
4873	5880093
4874	5881093
4875	5882093
4876	5883093
4877	5884093
4878	5885093
4879	5886093
4880	5887093
4881	5888093
4882	5889093
4883	5890093
4884	5891093
4885	5892093
4886	5893093
4887	5894093
4888	5895093
4889	5896093
4890	5897093
4891	5898093
4892	5899093
4893	5900093
4894	5901093
4895	5902093
4896	5903093
4897	5904093
4898	5905093
4899	5906093
4900	5907093
4901	5908093
4902	5909093
4903	5910093
4904	5911093
4905	5912093
4906	5913093
4907	5914093
4908	5915093
4909	5916093
4910	5917093
4911	5918093
4912	5919093
4913	5920093
4914	5921093
4915	5922093
4916	5923093
4917	5924093
4918	5925093
4919	5926093
4920	5927093
4921	5928093
4922	5929093
4923	5930093
4924	5931093
4925	5932093
4926	5933093
4927	5934093
4928	5935093
4929	5936093
4930	5937093
4931	5938093
4932	5939093
4933	5940093
4934	5941093
4935	5942093
4936	5943093
4937	5944093
4938	5945093
4939	5946093
4940	5947093
4941	5948093
4942	5949093
4943	5950093
4944	5951093
4945	5952093
4946	5953093
4947	5954093
4948	5955093
4949	5956093
4950	5957093
4951	5958093
4952	5959093
4953	5960093
4954	5961093
4955	5962093
4956	5963093
4957	5964093
4958	5965093
4959	5966093
4960	5967093
4961	5968093
4962	5969093
4963	5970093
4964	5971093
4965	5972093
4966	5973093
4967	5974093
4968	5975093
4969	5976093
4970	5977093
4971	5978093
4972	5979093
4973	5980093
4974	5981093
4975	5982093
4976	5983093
4977	5984093
4978	5985093
4979	5986093
4980	5987093
4981	5988093
4982	5989093
4983	5990093
4984	5991093
4985	5992093
4986	5993093
4987	5994093
4988	5995093
4989	5996093
4990	5997093
4991	5998093
4992	5999093
4993	6000093
4994	6001093
4995	6002093
4996	6003093
4997	6004093
4998	6005093
4999	6006093
5000	6007093
5001	6008093
5002	6009093
5003	6010093
5004	6011093
5005	6012093
5006	6013093
5007	6014093
5008	6015093
5009	6016093
5010	6017093
5011	6018093
5012	6019093
5013	6020093
5014	6021093
5015	6022093
5016	6023093
5017	6024093
5018	6025093
5019	6026093
5020	6027093
5021	6028093
5022	6029093
5023	6030093
5024	6031093
5025	6032093
5026	6033093
5027	6034093
5028	6035093
5029	6036093
5030	6037093
5031	6038093
5032	6039093
5033	6040093
5034	6041093
5035	6042093
5036	6043093
5037	6044093
5038	6045093
5039	6046093
5040	6047093
5041	6048093
5042	6049093
5043	6050093
5044	6051093
5045	6052093
5046	6053093
5047	6054093
5048	6055093
5049	6056093
5050	6057093
5051	6058093
5052	6059093
5053	6060093
5054	6061093
5055	6062093
5056	6063093
5057	6064093
5058	6065093
5059	6066093
5060	6067093
5061	6068093
5062	6069093
5063	6070093
5064	6071093
5065	6072093
5066	6073093
5067	6074093
5068	6075093
5069	6076093
5070	6077093
5071	6078093
5072	6079093
5073	6080093
5074	6081093
5075	6082093
5076	6083093
5077	6084093
5078	6085093
5079	6086093
5080	6087093
5081	6088093
5082	6089093
5083	6090093
5084	6091093
5085	6092093
5086	6093093
5087	6094093
5088	6095093
5089	6096093
5090	6097093
5091	6098093
5092	6099093
5093	6100093
5094	6101093
5095	6102093
5096	6103093
5097	6104093
5098	6105093
5099	6106093
5100	6107093
5101	6108093
5102	6109093
5103	6110093
5104	6111093
5105	6112093
5106	6113093
5107	6114093
5108	6115093
5109	6116093
5110	6117093
5111	6118093
5112	6119093
5113	6120093
5114	6121093
5115	6122093
5116	6123093
5117	6124093
5118	6125093
5119	6126093
5120	6127093
5121	6128093
5122	6129093
5123	6130093
5124	6131093
5125	6132093
5126	6133093
5127	6134093
5128	6135093
5129	6136093
5130	6137093
5131	6138093
5132	6139093
5133	6140093
5134	6141093
5135	6142093
5136	6143093
5137	6144093
5138	6145093
5139	6146093
5140	6147093
5141	6148093
5142	6149093
5143	6150093
5144	6151093
5145	6152093
5146	6153093
5147	6154093
5148	6155093
5149	6156093
5150	6157093
5151	6158093
5152	6159093
5153	6160093
5154	6161093
5155	6162093
5156	6163093
5157	6164093
5158	6165093
5159	6166093
5160	6167093
5161	6168093
5162	6169093
5163	6170093
5164	6171093
5165	6172093
5166	6173093
5167	6174093
5168	6175093
5169	6176093
5170	6177093
5171	6178093
5172	6179093
5173	6180093
5174	6181093
5175	6182093
5176	6183093
5177	6184093
5178	6185093
5179	6186093
5180	6187093
5181	6188093
5182	6189093
5183	6190093
5184	6191093
5185	6192093
5186	6193093
5187	6194093
5188	6195093
5189	6196093
5190	6197093
5191	6198093
5192	6199093
5193	6200093
5194	6201093
5195	6202093
5196	6203093
5197	6204093
5198	6205093
5199	6206093
5200	6207093
5201	6208093
5202	6209093
5203	6210093
5204	6211093
5205	6212093
5206	6213093
5207	6214093
5208	6215093
5209	6216093
5210	6217093
5211	6218093
5212	6219093
5213	6220093
5214	6221093
5215	6222093
5216	6223093
5217	6224093
5218	6225093
5219	6226093
5220	6227093
5221	6228093
5222	6229093
5223	6230093
5224	6231093
5225	6232093
5226	6233093
5227	6234093
5228	6235093
5229	6236093
5230	6237093
5231	6238093
5232	6239093
5233	6240093
5234	6241093
5235	6242093
5236	6243093
5237	6244093
5238	6245093
5239	6246093
5240	6247093
5241	6248093
5242	6249093
5243	6250093
5244	6251093
5245	6252093
5246	6253093
5247	6254093
5248	6255093
5249	6256093
5250	6257093
5251	6258093
5252	6259093
5253	6260093
5254	6261093
5255	6262093
5256	6263093
5257	6264093
5258	6265093
5259	6266093
5260	6267093
5261	6268093
5262	6269093
5263	6270093
5264	6271093
5265	6272093
5266	6273093
5267	6274093
5268	6275093
5269	6276093
5270	6277093
5271	6278093
5272	6279093
5273	6280093
5274	6281093
5275	6282093
5276	6283093
5277	6284093
5278	6285093
5279	6286093
5280	6287093
5281	6288093
5282	6289093
5283	6290093
5284	6291093
5285	6292093
5286	6293093
5287	6294093
5288	6295093
5289	6296093
5290	6297093
5291	6298093
5292	6299093
5293	6300093
5294	6301093
5295	6302093
5296	6303093
5297	6304093
5298	6305093
5299	6306093
5300	6307093
5301	6308093
5302	6309093
5303	6310093
5304	6311093
5305	6312093
5306	6313093
5307	6314093
5308	6315093
5309	6316093
5310	6317093
5311	6318093
5312	6319093
5313	6320093
5314	6321093
5315	6322093
5316	6323093
5317	6324093
5318	6325093
5319	6326093
5320	6327093
5321	6328093
5322	6329093
5323	6330093
5324	6331093
5325	6332093
5326	6333093
5327	6334093
5328	6335093
5329	6336093
5330	6337093
5331	6338093
5332	6339093
5333	6340093
5334	6341093
5335	6342093
5336	6343093
5337	6344093
5338	6345093
5339	6346093
5340	6347093
5341	6348093
5342	6349093
5343	6350093
5344	6351093
5345	6352093
5346	6353093
5347	6354093
5348	6355093
5349	6356093
5350	6357093
5351	6358093
5352	6359093
5353	6360093
5354	6361093
5355	6362093
5356	6363093
5357	6364093
5358	6365093
5359	6366093
5360	6367093
5361	6368093
5362	6369093
5363	6370093
5364	6371093
5365	6372093
5366	6373093
5367	6374093
5368	6375093
5369	6376093
5370	6377093
5371	6378093
5372	6379093
5373	6380093
5374	6381093
5375	6382093
5376	6383093
5377	6384093
5378	6385093
5379	6386093
5380	6387093
5381	6388093
5382	6389093
5383	6390093
5384	6391093
5385	6392093
5386	6393093
5387	6394093
5388	6395093
5389	6396093
5390	6397093
5391	6398093
5392	6399093
5393	6400093
5394	6401093
5395	6402093
5396	6403093
5397	6404093
5398	6405093
5399	6406093
5400	6407093
5401	6408093
5402	6409093
5403	6410093
5404	6411093
5405	6412093
5406	6413093
5407	6414093
5408	6415093
5409	6416093
5410	6417093
5411	6418093
5412	6419093
5413	6420093
5414	6421093
5415	6422093
5416	6423093
5417	6424093
5418	6425093
5419	6426093
5420	6427093
5421	6428093
5422	6429093
5423	6430093
5424	6431093
5425	6432093
5426	6433093
5427	6434093
5428	6435093
5429	6436093
5430	6437093
5431	6438093
5432	6439093
5433	6440093
5434	6441093
5435	6442093
5436	6443093
5437	6444093
5438	6445093
5439	6446093
5440	6447093
5441	6448093
5442	6449093
5443	6450093
5444	6451093
5445	6452093
5446	6453093
5447	6454093
5448	6455093
5449	6456093
5450	6457093
5451	6458093
5452	6459093
5453	6460093
5454	6461093
5455	6462093
5456	6463093
5457	6464093
5458	6465093
5459	6466093
5460	6467093
5461	6468093
5462	6469093
5463	6470093
5464	6471093
5465	6472093
5466	6473093
5467	6474093
5468	6475093
5469	6476093
5470	6477093
5471	6478093
5472	6479093
5473	6480093
5474	6481093
5475	6482093
5476	6483093
5477	6484093
5478	6485093
5479	6486093
5480	6487093
5481	6488093
5482	6489093
5483	6490093
5484	6491093
5485	6492093
5486	6493093
5487	6494093
5488	6495093
5489	6496093
5490	6497093
5491	6498093
5492	6499093
5493	6500093
5494	6501093
5495	6502093
5496	6503093
5497	6504093
5498	6505093
5499	6506093
5500	6507093
5501	6508093
5502	6509093
5503	6510093
5504	6511093
5505	6512093
5506	6513093
5507	6514093
5508	6515093
5509	6516093
5510	6517093
5511	6518093
5512	6519093
5513	6520093
5514	6521093
5515	6522093
5516	6523093
5517	6524093
5518	6525093
5519	6526093
5520	6527093
5521	6528093
5522	6529093
5523	6530093
5524	6531093
5525	6532093
5526	6533093
5527	6534093
5528	6535093
5529	6536093
5530	6537093
5531	6538093
5532	6539093
5533	6540093
5534	6541093
5535	6542093
5536	6543093
5537	6544093
5538	6545093
5539	6546093
5540	6547093
5541	6548093
5542	6549093
5543	6550093
5544	6551093
5545	6552093
5546	6553093
5547	6554093
5548	6555093
5549	6556093
5550	6557093
5551	6558093
5552	6559093
5553	6560093
5554	6561093
5555	6562093
5556	6563093
5557	6564093
5558	6565093
5559	6566093
5560	6567093
5561	6568093
5562	6569093
5563	6570093
5564	6571093
5565	6572093
5566	6573093
5567	6574093
5568	6575093
5569	6576093
5570	6577093
5571	6578093
5572	6579093
5573	6580093
5574	6581093
5575	6582093
5576	6583093
5577	6584093
5578	6585093
5579	6586093
5580	6587093
5581	6588093
5582	6589093
5583	6590093
5584	6591093
5585	6592093
5586	6593093
5587	6594093
5588	6595093
5589	6596093
5590	6597093
5591	6598093
5592	6599093
5593	6600093
5594	6601093
5595	6602093
5596	6603093
5597	6604093
5598	6605093
5599	6606093
5600	6607093
5601	6608093
5602	6609093
5603	6610093
5604	6611093
5605	6612093
5606	6613093
5607	6614093
5608	6615093
5609	6616093
5610	6617093
5611	6618093
5612	6619093
5613	6620093
5614	6621093
5615	6622093
5616	6623093
5617	6624093
5618	6625093
5619	6626093
5620	6627093
5621	6628093
5622	6629093
5623	6630093
5624	6631093
5625	6632093
5626	6633093
5627	6634093
5628	6635093
5629	6636093
5630	6637093
5631	6638093
5632	6639093
5633	6640093
5634	6641093
5635	6642093
5636	6643093
5637	6644093
5638	6645093
5639	6646093
5640	6647093
5641	6648093
5642	6649093
5643	6650093
5644	6651093
5645	6652093
5646	6653093
5647	6654093
5648	6655093
5649	6656093
5650	6657093
5651	6658093
5652	6659093
5653	6660093
5654	6661093
5655	6662093
5656	6663093
5657	6664093
5658	6665093
5659	6666093
5660	6667093
5661	6668093
5662	6669093
5663	6670093
5664	6671093
5665	6672093
5666	6673093
5667	6674093
5668	6675093
5669	6676093
5670	6677093
5671	6678093
5672	6679093
5673	6680093
5674	6681093
5675	6682093
5676	6683093
5677	6684093
5678	6685093
5679	6686093
5680	6687093
5681	6688093
5682	6689093
5683	6690093
5684	6691093
5685	6692093
5686	6693093
5687	6694093
5688	6695093
5689	6696093
5690	6697093
5691	6698093
5692	6699093
5693	6700093
5694	6701093
5695	6702093
5696	6703093
5697	6704093
5698	6705093
5699	6706093
5700	6707093
5701	6708093
5702	6709093
5703	6710093
5704	6711093
5705	6712093
5706	6713093
5707	6714093
5708	6715093
5709	6716093
5710	6717093
5711	6718093
5712	6719093
5713	6720093
5714	6721093
5715	6722093
5716	6723093
5717	6724093
5718	6725093
5719	6726093
5720	6727093
5721	6728093
5722	6729093
5723	6730093
5724	6731093
5725	6732093
5726	6733093
5727	6734093
5728	6735093
5729	6736093
5730	6737093
5731	6738093
5732	6739093
5733	6740093
5734	6741093
5735	6742093
5736	6743093
5737	6744093
5738	6745093
5739	6746093
5740	6747093
5741	6748093
5742	6749093
5743	6750093
5744	6751093
5745	6752093
5746	6753093
5747	6754093
5748	6755093
5749	6756093
5750	6757093
5751	6758093
5752	6759093
5753	6760093
5754	6761093
5755	6762093
5756	6763093
5757	6764093
5758	6765093
5759	6766093
5760	6767093
5761	6768093
5762	6769093
5763	6770093
5764	6771093
5765	6772093
5766	6773093
5767	6774093
5768	6775093
5769	6776093
5770	6777093
5771	6778093
5772	6779093
5773	6780093
5774	6781093
5775	6782093
5776	6783093
5777	6784093
5778	6785093
5779	6786093
5780	6787093
5781	6788093
5782	6789093
5783	6790093
5784	6791093
5785	6792093
5786	6793093
5787	6794093
5788	6795093
5789	6796093
5790	6797093
5791	6798093
5792	6799093
5793	6800093
5794	6801093
5795	6802093
5796	6803093
5797	6804093
5798	6805093
5799	6806093
5800	6807093
5801	6808093
5802	6809093
5803	6810093
5804	6811093
5805	6812093
5806	6813093
5807	6814093
5808	6815093
5809	6816093
5810	6817093
5811	6818093
5812	6819093
5813	6820093
5814	6821093
5815	6822093
5816	6823093
5817	6824093
5818	6825093
5819	6826093
5820	6827093
5821	6828093
5822	6829093
5823	6830093
5824	6831093
5825	6832093
5826	6833093
5827	6834093
5828	6835093
5829	6836093
5830	6837093
5831	6838093
5832	6839093
5833	6840093
5834	6841093
5835	6842093
5836	6843093
5837	6844093
5838	6845093
5839	6846093
5840	6847093
5841	6848093
5842	6849093
5843	6850093
5844	6851093
5845	6852093
5846	6853093
5847	6854093
5848	6855093
5849	6856093
5850	6857093
5851	6858093
5852	6859093
5853	6860093
5854	6861093
5855	6862093
5856	6863093
5857	6864093
5858	6865093
5859	6866093
5860	6867093
5861	6868093
5862	6869093
5863	6870093
5864	6871093
5865	6872093
5866	6873093
5867	6874093
5868	6875093
5869	6876093
5870	6877093
5871	6878093
5872	6879093
5873	6880093
5874	6881093
5875	6882093
5876	6883093
5877	6884093
5878	6885093
5879	6886093
5880	6887093
5881	6888093
5882	6889093
5883	6890093
5884	6891093
5885	6892093
5886	6893093
5887	6894093
5888	6895093
5889	6896093
5890	6897093
5891	6898093
5892	6899093
5893	6900093
5894	6901093
5895	6902093
5896	6903093
5897	6904093
5898	6905093
5899	6906093
5900	6907093
5901	6908093
5902	6909093
5903	6910093
5904	6911093
5905	6912093
5906	6913093
5907	6914093
5908	6915093
5909	6916093
5910	6917093
5911	6918093
5912	6919093
5913	6920093
5914	6921093
5915	6922093
5916	6923093
5917	6924093
5918	6925093
5919	6926093
5920	6927093
5921	6928093
5922	6929093
5923	6930093
5924	6931093
5925	6932093
5926	6933093
5927	6934093
5928	6935093
5929	6936093
5930	6937093
5931	6938093
5932	6939093
5933	6940093
5934	6941093
5935	6942093
5936	6943093
5937	6944093
5938	6945093
5939	6946093
5940	6947093
5941	6948093
5942	6949093
5943	6950093
5944	6951093
5945	6952093
5946	6953093
5947	6954093
5948	6955093
5949	6956093
5950	6957093
5951	6958093
5952	6959093
5953	6960093
5954	6961093
5955	6962093
5956	6963093
5957	6964093
5958	6965093
5959	6966093
5960	6967093
5961	6968093
5962	6969093
5963	6970093
5964	6971093
5965	6972093
5966	6973093
5967	6974093
5968	6975093
5969	6976093
5970	6977093
5971	6978093
5972	6979093
5973	6980093
5974	6981093
5975	6982093
5976	6983093
5977	6984093
5978	6985093
5979	6986093
5980	6987093
5981	6988093
5982	6989093
5983	6990093
5984	6991093
5985	6992093
5986	6993093
5987	6994093
5988	6995093
5989	6996093
5990	6997093
5991	6998093
5992	6999093
5993	7000093
5994	7001093
5995	7002093
5996	7003093
5997	7004093
5998	7005093
5999	7006093
