0	1006270
1	1007272
2	1008272
3	1009272
4	1010270
5	1011272
6	1012272
7	1013272
8	1014272
9	1015270
10	1016270
11	1017272
12	1018272
13	1019270
14	1020270
15	1021272
16	1022272
17	1023268
18	1024272
19	1025272
20	1026272
21	1027272
22	1028272
23	1029272
24	1030270
25	1031270
26	1032270
27	1033272
28	1034270
29	1035270
30	1036270
31	1037272
32	1038270
33	1039272
34	1040272
35	1041272
36	1042272
37	1043272
38	1044272
39	1045272
40	1046272
41	1047270
42	1048272
43	1049272
44	1050270
45	1051270
46	1052272
47	1053272
48	1054270
49	1055270
50	1056272
51	1057272
52	1058272
53	1059272
54	1060272
55	1061272
56	1062272
57	1063270
58	1064272
59	1065272
60	1066270
61	1067272
62	1068272
63	1069270
64	1070270
65	1071272
66	1072272
67	1073272
68	1074272
69	1075272
70	1076272
71	1077272
72	1078272
73	1079272
74	1080272
75	1081272
76	1082270
77	1083272
78	1084272
79	1085272
80	1086270
81	1087272
82	1088270
83	1089272
84	1090268
85	1091272
86	1092272
87	1093272
88	1094272
89	1095272
90	1096272
91	1097272
92	1098272
93	1099272
94	1100270
95	1101272
96	1102272
97	1103272
98	1104270
99	1105272
100	1106272
101	1107272
102	1108272
103	1109272
104	1110272
105	1111272
106	1112272
107	1113272
108	1114272
109	1115272
110	1116270
111	1117272
112	1118272
113	1119270
114	1120270
115	1121272
116	1122272
117	1123272
118	1124272
119	1125272
120	1126272
121	1127272
122	1128272
123	1129272
124	1130272
125	1131270
126	1132270
127	1133272
128	1134272
129	1135270
130	1136270
131	1137272
132	1138272
133	1139270
134	1140272
135	1141272
136	1142272
137	1143272
138	1144272
139	1145272
140	1146272
141	1147270
142	1148270
143	1149272
144	1150272
145	1151272
146	1152272
147	1153272
148	1154272
149	1155272
150	1156272
151	1157272
152	1158272
153	1159272
154	1160272
155	1161272
156	1162272
157	1163272
158	1164272
159	1165272
160	1166272
161	1167272
162	1168272
163	1169272
164	1170272
165	1171272
166	1172272
167	1173272
168	1174272
169	1175272
170	1176272
171	1177272
172	1178272
173	1179272
174	1180272
175	1181272
176	1182272
177	1183272
178	1184272
179	1185272
180	1186272
181	1187272
182	1188272
183	1189272
184	1190272
185	1191272
186	1192272
187	1193272
188	1194272
189	1195272
190	1196272
191	1197272
192	1198272
193	1199272
194	1200272
195	1201272
196	1202272
197	1203272
198	1204272
199	1205272
200	1206272
201	1207272
202	1208272
203	1209272
204	1210272
205	1211272
206	1212272
207	1213272
208	1214272
209	1215272
210	1216272
211	1217272
212	1218272
213	1219272
214	1220272
215	1221272
216	1222272
217	1223272
218	1224272
219	1225272
220	1226272
221	1227272
222	1228272
223	1229272
224	1230272
225	1231272
226	1232272
227	1233272
228	1234272
229	1235272
230	1236272
231	1237272
232	1238272
233	1239272
234	1240272
235	1241272
236	1242272
237	1243272
238	1244272
239	1245272
240	1246272
241	1247272
242	1248272
243	1249272
244	1250272
245	1251272
246	1252272
247	1253272
248	1254272
249	1255272
250	1256272
251	1257272
252	1258272
253	1259272
254	1260272
255	1261272
256	1262273
257	1263273
258	1264273
259	1265273
260	1266272
261	1267273
262	1268273
263	1269273
264	1270273
265	1271273
266	1272273
267	1273273
268	1274273
269	1275273
270	1276273
271	1277273
272	1278273
273	1279270
274	1280273
275	1281273
276	1282273
277	1283273
278	1284273
279	1285273
280	1286273
281	1287273
282	1288273
283	1289273
284	1290273
285	1291273
286	1292273
287	1293273
288	1294273
289	1295273
290	1296273
291	1297273
292	1298273
293	1299273
294	1300273
295	1301273
296	1302273
297	1303273
298	1304273
299	1305273
300	1306273
301	1307273
302	1308273
303	1309273
304	1310273
305	1311273
306	1312273
307	1313273
308	1314273
309	1315273
310	1316273
311	1317273
312	1318273
313	1319273
314	1320273
315	1321273
316	1322273
317	1323273
318	1324273
319	1325273
320	1326273
321	1327273
322	1328273
323	1329273
324	1330273
325	1331273
326	1332273
327	1333273
328	1334273
329	1335273
330	1336273
331	1337273
332	1338273
333	1339273
334	1340273
335	1341273
336	1342273
337	1343273
338	1344273
339	1345273
340	1346272
341	1347273
342	1348273
343	1349273
344	1350273
345	1351273
346	1352273
347	1353273
348	1354273
349	1355273
350	1356273
351	1357273
352	1358273
353	1359273
354	1360273
355	1361273
356	1362273
357	1363273
358	1364273
359	1365273
360	1366273
361	1367273
362	1368273
363	1369273
364	1370273
365	1371273
366	1372273
367	1373273
368	1374273
369	1375273
370	1376273
371	1377273
372	1378273
373	1379273
374	1380273
375	1381273
376	1382273
377	1383273
378	1384273
379	1385273
380	1386273
381	1387273
382	1388273
383	1389273
384	1390273
385	1391273
386	1392273
387	1393273
388	1394273
389	1395273
390	1396273
391	1397273
392	1398273
393	1399273
394	1400273
395	1401273
396	1402273
397	1403273
398	1404273
399	1405273
400	1406273
401	1407273
402	1408273
403	1409273
404	1410273
405	1411273
406	1412273
407	1413273
408	1414273
409	1415273
410	1416273
411	1417273
412	1418273
413	1419273
414	1420273
415	1421273
416	1422273
417	1423273
418	1424273
419	1425273
420	1426273
421	1427273
422	1428273
423	1429273
424	1430273
425	1431273
426	1432273
427	1433273
428	1434273
429	1435273
430	1436273
431	1437273
432	1438273
433	1439273
434	1440273
435	1441273
436	1442273
437	1443273
438	1444273
439	1445273
440	1446273
441	1447273
442	1448273
443	1449273
444	1450273
445	1451273
446	1452273
447	1453273
448	1454273
449	1455273
450	1456273
451	1457273
452	1458273
453	1459273
454	1460273
455	1461273
456	1462273
457	1463273
458	1464273
459	1465273
460	1466273
461	1467273
462	1468273
463	1469273
464	1470273
465	1471273
466	1472273
467	1473273
468	1474273
469	1475273
470	1476273
471	1477273
472	1478273
473	1479273
474	1480273
475	1481273
476	1482273
477	1483273
478	1484273
479	1485273
480	1486273
481	1487273
482	1488273
483	1489273
484	1490273
485	1491273
486	1492273
487	1493273
488	1494273
489	1495273
490	1496273
491	1497273
492	1498273
493	1499273
494	1500273
495	1501273
496	1502273
497	1503273
498	1504273
499	1505273
500	1506273
501	1507273
502	1508273
503	1509273
504	1510273
505	1511273
506	1512273
507	1513273
508	1514273
509	1515273
510	1516273
511	1517273
512	1518273
513	1519273
514	1520273
515	1521273
516	1522272
517	1523273
518	1524273
519	1525273
520	1526273
521	1527273
522	1528273
523	1529273
524	1530273
525	1531273
526	1532273
527	1533273
528	1534273
529	1535270
530	1536273
531	1537273
532	1538273
533	1539273
534	1540273
535	1541273
536	1542273
537	1543273
538	1544273
539	1545273
540	1546273
541	1547273
542	1548273
543	1549273
544	1550273
545	1551273
546	1552273
547	1553273
548	1554273
549	1555273
550	1556273
551	1557273
552	1558273
553	1559273
554	1560273
555	1561273
556	1562273
557	1563273
558	1564273
559	1565273
560	1566273
561	1567273
562	1568273
563	1569273
564	1570273
565	1571273
566	1572273
567	1573273
568	1574273
569	1575273
570	1576273
571	1577273
572	1578273
573	1579273
574	1580273
575	1581273
576	1582273
577	1583273
578	1584273
579	1585273
580	1586273
581	1587273
582	1588273
583	1589273
584	1590273
585	1591273
586	1592273
587	1593273
588	1594273
589	1595273
590	1596273
591	1597273
592	1598273
593	1599273
594	1600273
595	1601273
596	1602272
597	1603273
598	1604273
599	1605273
600	1606273
601	1607273
602	1608273
603	1609273
604	1610273
605	1611273
606	1612273
607	1613273
608	1614273
609	1615273
610	1616273
611	1617273
612	1618273
613	1619273
614	1620273
615	1621273
616	1622273
617	1623273
618	1624273
619	1625273
620	1626273
621	1627273
622	1628273
623	1629273
624	1630273
625	1631273
626	1632273
627	1633273
628	1634273
629	1635273
630	1636273
631	1637273
632	1638273
633	1639273
634	1640273
635	1641273
636	1642273
637	1643273
638	1644273
639	1645273
640	1646273
641	1647273
642	1648273
643	1649273
644	1650273
645	1651273
646	1652273
647	1653273
648	1654273
649	1655273
650	1656273
651	1657273
652	1658273
653	1659273
654	1660273
655	1661273
656	1662273
657	1663273
658	1664273
659	1665273
660	1666273
661	1667273
662	1668273
663	1669273
664	1670273
665	1671273
666	1672273
667	1673273
668	1674273
669	1675273
670	1676273
671	1677273
672	1678273
673	1679273
674	1680273
675	1681273
676	1682273
677	1683273
678	1684273
679	1685273
680	1686273
681	1687273
682	1688273
683	1689273
684	1690273
685	1691273
686	1692273
687	1693273
688	1694273
689	1695273
690	1696273
691	1697273
692	1698273
693	1699273
694	1700273
695	1701273
696	1702273
697	1703273
698	1704273
699	1705273
700	1706273
701	1707273
702	1708273
703	1709273
704	1710273
705	1711273
706	1712273
707	1713273
708	1714273
709	1715273
710	1716273
711	1717273
712	1718273
713	1719273
714	1720273
715	1721273
716	1722273
717	1723273
718	1724273
719	1725273
720	1726273
721	1727273
722	1728273
723	1729273
724	1730273
725	1731273
726	1732273
727	1733273
728	1734273
729	1735273
730	1736273
731	1737273
732	1738273
733	1739273
734	1740273
735	1741273
736	1742273
737	1743273
738	1744273
739	1745273
740	1746273
741	1747273
742	1748273
743	1749273
744	1750273
745	1751273
746	1752273
747	1753273
748	1754273
749	1755273
750	1756273
751	1757273
752	1758273
753	1759273
754	1760273
755	1761273
756	1762273
757	1763273
758	1764273
759	1765273
760	1766273
761	1767273
762	1768273
763	1769273
764	1770273
765	1771273
766	1772273
767	1773273
768	1774273
769	1775273
770	1776273
771	1777273
772	1778273
773	1779273
774	1780273
775	1781273
776	1782273
777	1783273
778	1784273
779	1785273
780	1786273
781	1787273
782	1788273
783	1789273
784	1790273
785	1791270
786	1792273
787	1793273
788	1794273
789	1795273
790	1796273
791	1797273
792	1798273
793	1799273
794	1800273
795	1801273
796	1802273
797	1803273
798	1804273
799	1805273
800	1806273
801	1807273
802	1808273
803	1809273
804	1810273
805	1811273
806	1812273
807	1813273
808	1814273
809	1815273
810	1816273
811	1817273
812	1818273
813	1819273
814	1820273
815	1821273
816	1822273
817	1823273
818	1824273
819	1825273
820	1826273
821	1827273
822	1828273
823	1829273
824	1830273
825	1831273
826	1832273
827	1833273
828	1834273
829	1835273
830	1836273
831	1837273
832	1838273
833	1839273
834	1840273
835	1841273
836	1842273
837	1843273
838	1844273
839	1845273
840	1846273
841	1847273
842	1848273
843	1849273
844	1850273
845	1851273
846	1852273
847	1853273
848	1854273
849	1855273
850	1856273
851	1857273
852	1858272
853	1859273
854	1860273
855	1861273
856	1862273
857	1863273
858	1864273
859	1865273
860	1866273
861	1867273
862	1868273
863	1869273
864	1870273
865	1871273
866	1872273
867	1873273
868	1874273
869	1875273
870	1876273
871	1877273
872	1878273
873	1879273
874	1880273
875	1881273
876	1882273
877	1883273
878	1884273
879	1885273
880	1886273
881	1887273
882	1888273
883	1889273
884	1890273
885	1891273
886	1892273
887	1893273
888	1894273
889	1895273
890	1896273
891	1897273
892	1898273
893	1899273
894	1900273
895	1901273
896	1902273
897	1903273
898	1904273
899	1905273
900	1906273
901	1907273
902	1908273
903	1909273
904	1910273
905	1911273
906	1912273
907	1913273
908	1914273
909	1915273
910	1916273
911	1917273
912	1918273
913	1919273
914	1920273
915	1921273
916	1922273
917	1923273
918	1924273
919	1925273
920	1926273
921	1927273
922	1928273
923	1929273
924	1930273
925	1931273
926	1932273
927	1933273
928	1934273
929	1935273
930	1936273
931	1937273
932	1938273
933	1939273
934	1940273
935	1941273
936	1942273
937	1943273
938	1944273
939	1945273
940	1946273
941	1947273
942	1948273
943	1949273
944	1950273
945	1951273
946	1952273
947	1953273
948	1954273
949	1955273
950	1956273
951	1957273
952	1958273
953	1959273
954	1960273
955	1961273
956	1962273
957	1963273
958	1964273
959	1965273
960	1966273
961	1967273
962	1968273
963	1969273
964	1970273
965	1971273
966	1972273
967	1973273
968	1974273
969	1975273
970	1976273
971	1977273
972	1978273
973	1979273
974	1980273
975	1981273
976	1982273
977	1983273
978	1984273
979	1985273
980	1986273
981	1987273
982	1988273
983	1989273
984	1990273
985	1991273
986	1992273
987	1993273
988	1994273
989	1995273
990	1996273
991	1997273
992	1998273
993	1999273
994	2000273
995	2001273
996	2002273
997	2003273
998	2004273
999	2005273
1000	2006273
1001	2007273
1002	2008273
1003	2009273
1004	2010273
1005	2011273
1006	2012273
1007	2013273
1008	2014273
1009	2015273
1010	2016273
1011	2017273
1012	2018273
1013	2019273
1014	2020273
1015	2021273
1016	2022273
1017	2023273
1018	2024273
1019	2025273
1020	2026273
1021	2027273
1022	2028273
1023	2029273
1024	2030273
1025	2031273
1026	2032273
1027	2033273
1028	2034273
1029	2035273
1030	2036273
1031	2037273
1032	2038273
1033	2039273
1034	2040273
1035	2041273
1036	2042273
1037	2043273
1038	2044273
1039	2045273
1040	2046273
1041	2047270
1042	2048273
1043	2049273
1044	2050273
1045	2051273
1046	2052273
1047	2053273
1048	2054273
1049	2055273
1050	2056273
1051	2057273
1052	2058273
1053	2059273
1054	2060273
1055	2061273
1056	2062273
1057	2063273
1058	2064273
1059	2065273
1060	2066273
1061	2067273
1062	2068273
1063	2069273
1064	2070273
1065	2071273
1066	2072273
1067	2073273
1068	2074273
1069	2075273
1070	2076273
1071	2077273
1072	2078273
1073	2079273
1074	2080273
1075	2081273
1076	2082273
1077	2083273
1078	2084273
1079	2085273
1080	2086273
1081	2087273
1082	2088273
1083	2089273
1084	2090273
1085	2091273
1086	2092273
1087	2093273
1088	2094273
1089	2095273
1090	2096273
1091	2097273
1092	2098273
1093	2099273
1094	2100273
1095	2101273
1096	2102273
1097	2103273
1098	2104273
1099	2105273
1100	2106273
1101	2107273
1102	2108273
1103	2109273
1104	2110273
1105	2111273
1106	2112273
1107	2113273
1108	2114268
1109	2115273
1110	2116273
1111	2117273
1112	2118273
1113	2119273
1114	2120273
1115	2121273
1116	2122273
1117	2123273
1118	2124273
1119	2125273
1120	2126273
1121	2127273
1122	2128273
1123	2129273
1124	2130273
1125	2131273
1126	2132273
1127	2133273
1128	2134273
1129	2135273
1130	2136273
1131	2137273
1132	2138273
1133	2139273
1134	2140273
1135	2141273
1136	2142273
1137	2143273
1138	2144273
1139	2145273
1140	2146273
1141	2147273
1142	2148273
1143	2149273
1144	2150273
1145	2151273
1146	2152273
1147	2153273
1148	2154273
1149	2155273
1150	2156273
1151	2157273
1152	2158273
1153	2159273
1154	2160273
1155	2161273
1156	2162273
1157	2163273
1158	2164273
1159	2165273
1160	2166273
1161	2167273
1162	2168273
1163	2169273
1164	2170273
1165	2171273
1166	2172273
1167	2173273
1168	2174273
1169	2175273
1170	2176273
1171	2177273
1172	2178273
1173	2179273
1174	2180273
1175	2181273
1176	2182273
1177	2183273
1178	2184273
1179	2185273
1180	2186273
1181	2187273
1182	2188273
1183	2189273
1184	2190273
1185	2191273
1186	2192273
1187	2193273
1188	2194273
1189	2195273
1190	2196273
1191	2197273
1192	2198273
1193	2199273
1194	2200273
1195	2201273
1196	2202273
1197	2203273
1198	2204273
1199	2205273
1200	2206273
1201	2207273
1202	2208273
1203	2209273
1204	2210273
1205	2211273
1206	2212273
1207	2213273
1208	2214273
1209	2215273
1210	2216273
1211	2217273
1212	2218273
1213	2219273
1214	2220273
1215	2221273
1216	2222273
1217	2223273
1218	2224273
1219	2225273
1220	2226273
1221	2227273
1222	2228273
1223	2229273
1224	2230273
1225	2231273
1226	2232273
1227	2233273
1228	2234273
1229	2235273
1230	2236273
1231	2237273
1232	2238273
1233	2239273
1234	2240273
1235	2241273
1236	2242273
1237	2243273
1238	2244273
1239	2245273
1240	2246273
1241	2247273
1242	2248273
1243	2249273
1244	2250273
1245	2251273
1246	2252273
1247	2253273
1248	2254273
1249	2255273
1250	2256273
1251	2257273
1252	2258273
1253	2259273
1254	2260273
1255	2261273
1256	2262273
1257	2263273
1258	2264273
1259	2265273
1260	2266273
1261	2267273
1262	2268273
1263	2269273
1264	2270273
1265	2271273
1266	2272273
1267	2273273
1268	2274273
1269	2275273
1270	2276273
1271	2277273
1272	2278273
1273	2279273
1274	2280273
1275	2281273
1276	2282273
1277	2283273
1278	2284273
1279	2285273
1280	2286273
1281	2287273
1282	2288273
1283	2289273
1284	2290272
1285	2291273
1286	2292273
1287	2293273
1288	2294273
1289	2295273
1290	2296273
1291	2297273
1292	2298273
1293	2299273
1294	2300273
1295	2301273
1296	2302273
1297	2303270
1298	2304273
1299	2305273
1300	2306273
1301	2307273
1302	2308273
1303	2309273
1304	2310273
1305	2311273
1306	2312273
1307	2313273
1308	2314273
1309	2315273
1310	2316273
1311	2317273
1312	2318273
1313	2319273
1314	2320273
1315	2321273
1316	2322273
1317	2323273
1318	2324273
1319	2325273
1320	2326273
1321	2327273
1322	2328273
1323	2329273
1324	2330273
1325	2331273
1326	2332273
1327	2333273
1328	2334273
1329	2335273
1330	2336273
1331	2337273
1332	2338273
1333	2339273
1334	2340273
1335	2341273
1336	2342273
1337	2343273
1338	2344273
1339	2345273
1340	2346273
1341	2347273
1342	2348273
1343	2349273
1344	2350273
1345	2351273
1346	2352273
1347	2353273
1348	2354273
1349	2355273
1350	2356273
1351	2357273
1352	2358273
1353	2359273
1354	2360273
1355	2361273
1356	2362273
1357	2363273
1358	2364273
1359	2365273
1360	2366273
1361	2367273
1362	2368273
1363	2369273
1364	2370272
1365	2371273
1366	2372273
1367	2373273
1368	2374273
1369	2375273
1370	2376273
1371	2377273
1372	2378273
1373	2379273
1374	2380273
1375	2381273
1376	2382273
1377	2383273
1378	2384273
1379	2385273
1380	2386273
1381	2387273
1382	2388273
1383	2389273
1384	2390273
1385	2391273
1386	2392273
1387	2393273
1388	2394273
1389	2395273
1390	2396273
1391	2397273
1392	2398273
1393	2399273
1394	2400273
1395	2401273
1396	2402273
1397	2403273
1398	2404273
1399	2405273
1400	2406273
1401	2407273
1402	2408273
1403	2409273
1404	2410273
1405	2411273
1406	2412273
1407	2413273
1408	2414273
1409	2415273
1410	2416273
1411	2417273
1412	2418273
1413	2419273
1414	2420273
1415	2421273
1416	2422273
1417	2423273
1418	2424273
1419	2425273
1420	2426273
1421	2427273
1422	2428273
1423	2429273
1424	2430273
1425	2431273
1426	2432273
1427	2433273
1428	2434273
1429	2435273
1430	2436273
1431	2437273
1432	2438273
1433	2439273
1434	2440273
1435	2441273
1436	2442273
1437	2443273
1438	2444273
1439	2445273
1440	2446273
1441	2447273
1442	2448273
1443	2449273
1444	2450273
1445	2451273
1446	2452273
1447	2453273
1448	2454273
1449	2455273
1450	2456273
1451	2457273
1452	2458273
1453	2459273
1454	2460273
1455	2461273
1456	2462273
1457	2463273
1458	2464273
1459	2465273
1460	2466273
1461	2467273
1462	2468273
1463	2469273
1464	2470273
1465	2471273
1466	2472273
1467	2473273
1468	2474273
1469	2475273
1470	2476273
1471	2477273
1472	2478273
1473	2479273
1474	2480273
1475	2481273
1476	2482273
1477	2483273
1478	2484273
1479	2485273
1480	2486273
1481	2487273
1482	2488273
1483	2489273
1484	2490273
1485	2491273
1486	2492273
1487	2493273
1488	2494273
1489	2495273
1490	2496273
1491	2497273
1492	2498273
1493	2499273
1494	2500273
1495	2501273
1496	2502273
1497	2503273
1498	2504273
1499	2505273
1500	2506273
1501	2507273
1502	2508273
1503	2509273
1504	2510273
1505	2511273
1506	2512273
1507	2513273
1508	2514273
1509	2515273
1510	2516273
1511	2517273
1512	2518273
1513	2519273
1514	2520273
1515	2521273
1516	2522273
1517	2523273
1518	2524273
1519	2525273
1520	2526273
1521	2527273
1522	2528273
1523	2529273
1524	2530273
1525	2531273
1526	2532273
1527	2533273
1528	2534273
1529	2535273
1530	2536273
1531	2537273
1532	2538273
1533	2539273
1534	2540273
1535	2541273
1536	2542273
1537	2543273
1538	2544273
1539	2545273
1540	2546273
1541	2547273
1542	2548273
1543	2549273
1544	2550273
1545	2551273
1546	2552273
1547	2553273
1548	2554273
1549	2555273
1550	2556273
1551	2557273
1552	2558273
1553	2559270
1554	2560273
1555	2561273
1556	2562273
1557	2563273
1558	2564273
1559	2565273
1560	2566273
1561	2567273
1562	2568273
1563	2569273
1564	2570273
1565	2571273
1566	2572273
1567	2573273
1568	2574273
1569	2575273
1570	2576273
1571	2577273
1572	2578273
1573	2579273
1574	2580273
1575	2581273
1576	2582273
1577	2583273
1578	2584273
1579	2585273
1580	2586273
1581	2587273
1582	2588273
1583	2589273
1584	2590273
1585	2591273
1586	2592273
1587	2593273
1588	2594273
1589	2595273
1590	2596273
1591	2597273
1592	2598273
1593	2599273
1594	2600273
1595	2601273
1596	2602273
1597	2603273
1598	2604273
1599	2605273
1600	2606273
1601	2607273
1602	2608273
1603	2609273
1604	2610273
1605	2611273
1606	2612273
1607	2613273
1608	2614273
1609	2615273
1610	2616273
1611	2617273
1612	2618273
1613	2619273
1614	2620273
1615	2621273
1616	2622273
1617	2623273
1618	2624273
1619	2625273
1620	2626272
1621	2627273
1622	2628273
1623	2629273
1624	2630273
1625	2631273
1626	2632273
1627	2633273
1628	2634273
1629	2635273
1630	2636273
1631	2637273
1632	2638273
1633	2639273
1634	2640273
1635	2641273
1636	2642273
1637	2643273
1638	2644273
1639	2645273
1640	2646273
1641	2647273
1642	2648273
1643	2649273
1644	2650273
1645	2651273
1646	2652273
1647	2653273
1648	2654273
1649	2655273
1650	2656273
1651	2657273
1652	2658273
1653	2659273
1654	2660273
1655	2661273
1656	2662273
1657	2663273
1658	2664273
1659	2665273
1660	2666273
1661	2667273
1662	2668273
1663	2669273
1664	2670273
1665	2671273
1666	2672273
1667	2673273
1668	2674273
1669	2675273
1670	2676273
1671	2677273
1672	2678273
1673	2679273
1674	2680273
1675	2681273
1676	2682273
1677	2683273
1678	2684273
1679	2685273
1680	2686273
1681	2687273
1682	2688273
1683	2689273
1684	2690273
1685	2691273
1686	2692273
1687	2693273
1688	2694273
1689	2695273
1690	2696273
1691	2697273
1692	2698273
1693	2699273
1694	2700273
1695	2701273
1696	2702273
1697	2703273
1698	2704273
1699	2705273
1700	2706273
1701	2707273
1702	2708273
1703	2709273
1704	2710273
1705	2711273
1706	2712273
1707	2713273
1708	2714273
1709	2715273
1710	2716273
1711	2717273
1712	2718273
1713	2719273
1714	2720273
1715	2721273
1716	2722273
1717	2723273
1718	2724273
1719	2725273
1720	2726273
1721	2727273
1722	2728273
1723	2729273
1724	2730273
1725	2731273
1726	2732273
1727	2733273
1728	2734273
1729	2735273
1730	2736273
1731	2737273
1732	2738273
1733	2739273
1734	2740273
1735	2741273
1736	2742273
1737	2743273
1738	2744273
1739	2745273
1740	2746273
1741	2747273
1742	2748273
1743	2749273
1744	2750273
1745	2751273
1746	2752273
1747	2753273
1748	2754273
1749	2755273
1750	2756273
1751	2757273
1752	2758273
1753	2759273
1754	2760273
1755	2761273
1756	2762273
1757	2763273
1758	2764273
1759	2765273
1760	2766273
1761	2767273
1762	2768273
1763	2769273
1764	2770273
1765	2771273
1766	2772273
1767	2773273
1768	2774273
1769	2775273
1770	2776273
1771	2777273
1772	2778273
1773	2779273
1774	2780273
1775	2781273
1776	2782273
1777	2783273
1778	2784273
1779	2785273
1780	2786273
1781	2787273
1782	2788273
1783	2789273
1784	2790273
1785	2791273
1786	2792273
1787	2793273
1788	2794273
1789	2795273
1790	2796273
1791	2797273
1792	2798273
1793	2799273
1794	2800273
1795	2801273
1796	2802273
1797	2803273
1798	2804273
1799	2805273
1800	2806273
1801	2807273
1802	2808273
1803	2809273
1804	2810273
1805	2811273
1806	2812273
1807	2813273
1808	2814273
1809	2815270
1810	2816273
1811	2817273
1812	2818273
1813	2819273
1814	2820273
1815	2821273
1816	2822273
1817	2823273
1818	2824273
1819	2825273
1820	2826273
1821	2827273
1822	2828273
1823	2829273
1824	2830273
1825	2831273
1826	2832273
1827	2833273
1828	2834273
1829	2835273
1830	2836273
1831	2837273
1832	2838273
1833	2839273
1834	2840273
1835	2841273
1836	2842273
1837	2843273
1838	2844273
1839	2845273
1840	2846273
1841	2847273
1842	2848273
1843	2849273
1844	2850273
1845	2851273
1846	2852273
1847	2853273
1848	2854273
1849	2855273
1850	2856273
1851	2857273
1852	2858272
1853	2859273
1854	2860273
1855	2861273
1856	2862273
1857	2863273
1858	2864273
1859	2865273
1860	2866273
1861	2867273
1862	2868273
1863	2869273
1864	2870273
1865	2871273
1866	2872273
1867	2873273
1868	2874273
1869	2875273
1870	2876273
1871	2877273
1872	2878273
1873	2879273
1874	2880273
1875	2881273
1876	2882272
1877	2883273
1878	2884273
1879	2885273
1880	2886273
1881	2887273
1882	2888273
1883	2889273
1884	2890273
1885	2891273
1886	2892273
1887	2893273
1888	2894273
1889	2895273
1890	2896273
1891	2897273
1892	2898273
1893	2899273
1894	2900273
1895	2901273
1896	2902273
1897	2903273
1898	2904273
1899	2905273
1900	2906273
1901	2907273
1902	2908273
1903	2909273
1904	2910273
1905	2911273
1906	2912273
1907	2913273
1908	2914273
1909	2915273
1910	2916273
1911	2917273
1912	2918273
1913	2919273
1914	2920273
1915	2921273
1916	2922273
1917	2923273
1918	2924273
1919	2925273
1920	2926273
1921	2927273
1922	2928273
1923	2929273
1924	2930273
1925	2931273
1926	2932273
1927	2933273
1928	2934273
1929	2935273
1930	2936273
1931	2937273
1932	2938273
1933	2939273
1934	2940273
1935	2941273
1936	2942273
1937	2943273
1938	2944273
1939	2945273
1940	2946273
1941	2947273
1942	2948273
1943	2949273
1944	2950273
1945	2951273
1946	2952273
1947	2953273
1948	2954273
1949	2955273
1950	2956273
1951	2957273
1952	2958273
1953	2959273
1954	2960273
1955	2961273
1956	2962273
1957	2963273
1958	2964273
1959	2965273
1960	2966273
1961	2967273
1962	2968273
1963	2969273
1964	2970273
1965	2971273
1966	2972273
1967	2973273
1968	2974273
1969	2975273
1970	2976273
1971	2977273
1972	2978273
1973	2979273
1974	2980273
1975	2981273
1976	2982273
1977	2983273
1978	2984273
1979	2985273
1980	2986273
1981	2987273
1982	2988273
1983	2989273
1984	2990273
1985	2991273
1986	2992273
1987	2993273
1988	2994273
1989	2995273
1990	2996273
1991	2997273
1992	2998273
1993	2999273
1994	3000273
1995	3001273
1996	3002273
1997	3003273
1998	3004273
1999	3005273
2000	3006273
2001	3007273
2002	3008273
2003	3009273
2004	3010273
2005	3011273
2006	3012273
2007	3013273
2008	3014273
2009	3015273
2010	3016273
2011	3017273
2012	3018273
2013	3019273
2014	3020273
2015	3021273
2016	3022273
2017	3023273
2018	3024273
2019	3025273
2020	3026273
2021	3027273
2022	3028273
2023	3029273
2024	3030273
2025	3031273
2026	3032273
2027	3033273
2028	3034273
2029	3035273
2030	3036273
2031	3037273
2032	3038273
2033	3039273
2034	3040273
2035	3041273
2036	3042273
2037	3043273
2038	3044273
2039	3045273
2040	3046273
2041	3047273
2042	3048273
2043	3049273
2044	3050273
2045	3051273
2046	3052273
2047	3053273
2048	3054273
2049	3055273
2050	3056273
2051	3057273
2052	3058273
2053	3059273
2054	3060273
2055	3061273
2056	3062273
2057	3063273
2058	3064273
2059	3065273
2060	3066273
2061	3067273
2062	3068273
2063	3069273
2064	3070273
2065	3071270
2066	3072273
2067	3073273
2068	3074273
2069	3075273
2070	3076273
2071	3077273
2072	3078273
2073	3079273
2074	3080273
2075	3081273
2076	3082273
2077	3083273
2078	3084273
2079	3085273
2080	3086273
2081	3087273
2082	3088273
2083	3089273
2084	3090273
2085	3091273
2086	3092273
2087	3093273
2088	3094273
2089	3095273
2090	3096273
2091	3097273
2092	3098273
2093	3099273
2094	3100273
2095	3101273
2096	3102273
2097	3103273
2098	3104273
2099	3105273
2100	3106273
2101	3107273
2102	3108273
2103	3109273
2104	3110273
2105	3111273
2106	3112273
2107	3113273
2108	3114273
2109	3115273
2110	3116273
2111	3117273
2112	3118273
2113	3119273
2114	3120273
2115	3121273
2116	3122273
2117	3123273
2118	3124273
2119	3125273
2120	3126273
2121	3127273
2122	3128273
2123	3129273
2124	3130273
2125	3131273
2126	3132273
2127	3133273
2128	3134273
2129	3135273
2130	3136273
2131	3137273
2132	3138272
2133	3139273
2134	3140273
2135	3141273
2136	3142273
2137	3143273
2138	3144273
2139	3145273
2140	3146273
2141	3147273
2142	3148273
2143	3149273
2144	3150273
2145	3151273
2146	3152273
2147	3153273
2148	3154273
2149	3155273
2150	3156273
2151	3157273
2152	3158273
2153	3159273
2154	3160273
2155	3161273
2156	3162273
2157	3163273
2158	3164273
2159	3165273
2160	3166273
2161	3167273
2162	3168273
2163	3169273
2164	3170273
2165	3171273
2166	3172273
2167	3173273
2168	3174273
2169	3175273
2170	3176273
2171	3177273
2172	3178273
2173	3179273
2174	3180273
2175	3181273
2176	3182273
2177	3183273
2178	3184273
2179	3185273
2180	3186273
2181	3187273
2182	3188273
2183	3189273
2184	3190273
2185	3191273
2186	3192273
2187	3193273
2188	3194273
2189	3195273
2190	3196273
2191	3197273
2192	3198273
2193	3199273
2194	3200273
2195	3201273
2196	3202273
2197	3203273
2198	3204273
2199	3205273
2200	3206273
2201	3207273
2202	3208273
2203	3209273
2204	3210273
2205	3211273
2206	3212273
2207	3213273
2208	3214273
2209	3215273
2210	3216273
2211	3217273
2212	3218273
2213	3219273
2214	3220273
2215	3221273
2216	3222273
2217	3223273
2218	3224273
2219	3225273
2220	3226273
2221	3227273
2222	3228273
2223	3229273
2224	3230273
2225	3231273
2226	3232273
2227	3233273
2228	3234273
2229	3235273
2230	3236273
2231	3237273
2232	3238273
2233	3239273
2234	3240273
2235	3241273
2236	3242273
2237	3243273
2238	3244273
2239	3245273
2240	3246273
2241	3247273
2242	3248273
2243	3249273
2244	3250273
2245	3251273
2246	3252273
2247	3253273
2248	3254273
2249	3255273
2250	3256273
2251	3257273
2252	3258273
2253	3259273
2254	3260273
2255	3261273
2256	3262273
2257	3263273
2258	3264273
2259	3265273
2260	3266273
2261	3267273
2262	3268273
2263	3269273
2264	3270273
2265	3271273
2266	3272273
2267	3273273
2268	3274273
2269	3275273
2270	3276273
2271	3277273
2272	3278273
2273	3279273
2274	3280273
2275	3281273
2276	3282273
2277	3283273
2278	3284273
2279	3285273
2280	3286273
2281	3287273
2282	3288273
2283	3289273
2284	3290273
2285	3291273
2286	3292273
2287	3293273
2288	3294273
2289	3295273
2290	3296273
2291	3297273
2292	3298273
2293	3299273
2294	3300273
2295	3301273
2296	3302273
2297	3303273
2298	3304273
2299	3305273
2300	3306273
2301	3307273
2302	3308273
2303	3309273
2304	3310273
2305	3311273
2306	3312273
2307	3313273
2308	3314273
2309	3315273
2310	3316273
2311	3317273
2312	3318273
2313	3319273
2314	3320273
2315	3321273
2316	3322273
2317	3323273
2318	3324273
2319	3325273
2320	3326273
2321	3327270
2322	3328273
2323	3329273
2324	3330273
2325	3331273
2326	3332273
2327	3333273
2328	3334273
2329	3335273
2330	3336273
2331	3337273
2332	3338273
2333	3339273
2334	3340273
2335	3341273
2336	3342273
2337	3343273
2338	3344273
2339	3345273
2340	3346273
2341	3347273
2342	3348273
2343	3349273
2344	3350273
2345	3351273
2346	3352273
2347	3353273
2348	3354273
2349	3355273
2350	3356273
2351	3357273
2352	3358273
2353	3359273
2354	3360273
2355	3361273
2356	3362273
2357	3363273
2358	3364273
2359	3365273
2360	3366273
2361	3367273
2362	3368273
2363	3369273
2364	3370273
2365	3371273
2366	3372273
2367	3373273
2368	3374273
2369	3375273
2370	3376273
2371	3377273
2372	3378273
2373	3379273
2374	3380273
2375	3381273
2376	3382273
2377	3383273
2378	3384273
2379	3385273
2380	3386273
2381	3387273
2382	3388273
2383	3389273
2384	3390273
2385	3391273
2386	3392273
2387	3393273
2388	3394272
2389	3395273
2390	3396273
2391	3397273
2392	3398273
2393	3399273
2394	3400273
2395	3401273
2396	3402273
2397	3403273
2398	3404273
2399	3405273
2400	3406273
2401	3407273
2402	3408273
2403	3409273
2404	3410273
2405	3411273
2406	3412273
2407	3413273
2408	3414273
2409	3415273
2410	3416273
2411	3417273
2412	3418273
2413	3419273
2414	3420273
2415	3421273
2416	3422273
2417	3423273
2418	3424273
2419	3425273
2420	3426273
2421	3427273
2422	3428273
2423	3429273
2424	3430273
2425	3431273
2426	3432273
2427	3433273
2428	3434273
2429	3435273
2430	3436273
2431	3437273
2432	3438273
2433	3439273
2434	3440273
2435	3441273
2436	3442273
2437	3443273
2438	3444273
2439	3445273
2440	3446273
2441	3447273
2442	3448273
2443	3449273
2444	3450273
2445	3451273
2446	3452273
2447	3453273
2448	3454273
2449	3455273
2450	3456273
2451	3457273
2452	3458273
2453	3459273
2454	3460273
2455	3461273
2456	3462273
2457	3463273
2458	3464273
2459	3465273
2460	3466273
2461	3467273
2462	3468273
2463	3469273
2464	3470273
2465	3471273
2466	3472273
2467	3473273
2468	3474273
2469	3475273
2470	3476273
2471	3477273
2472	3478273
2473	3479273
2474	3480273
2475	3481273
2476	3482273
2477	3483273
2478	3484273
2479	3485273
2480	3486273
2481	3487273
2482	3488273
2483	3489273
2484	3490273
2485	3491273
2486	3492273
2487	3493273
2488	3494273
2489	3495273
2490	3496273
2491	3497273
2492	3498273
2493	3499273
2494	3500273
2495	3501273
2496	3502273
2497	3503273
2498	3504273
2499	3505273
2500	3506273
2501	3507273
2502	3508273
2503	3509273
2504	3510273
2505	3511273
2506	3512273
2507	3513273
2508	3514273
2509	3515273
2510	3516273
2511	3517273
2512	3518273
2513	3519273
2514	3520273
2515	3521273
2516	3522273
2517	3523273
2518	3524273
2519	3525273
2520	3526273
2521	3527273
2522	3528273
2523	3529273
2524	3530273
2525	3531273
2526	3532273
2527	3533273
2528	3534273
2529	3535273
2530	3536273
2531	3537273
2532	3538273
2533	3539273
2534	3540273
2535	3541273
2536	3542273
2537	3543273
2538	3544273
2539	3545273
2540	3546273
2541	3547273
2542	3548273
2543	3549273
2544	3550273
2545	3551273
2546	3552273
2547	3553273
2548	3554273
2549	3555273
2550	3556273
2551	3557273
2552	3558273
2553	3559273
2554	3560273
2555	3561273
2556	3562273
2557	3563273
2558	3564273
2559	3565273
2560	3566273
2561	3567272
2562	3568273
2563	3569273
2564	3570273
2565	3571273
2566	3572273
2567	3573273
2568	3574273
2569	3575273
2570	3576273
2571	3577273
2572	3578273
2573	3579273
2574	3580273
2575	3581273
2576	3582273
2577	3583270
2578	3584273
2579	3585273
2580	3586273
2581	3587273
2582	3588273
2583	3589273
2584	3590273
2585	3591273
2586	3592273
2587	3593273
2588	3594273
2589	3595273
2590	3596273
2591	3597273
2592	3598273
2593	3599273
2594	3600273
2595	3601273
2596	3602273
2597	3603273
2598	3604273
2599	3605273
2600	3606273
2601	3607273
2602	3608273
2603	3609273
2604	3610273
2605	3611273
2606	3612273
2607	3613273
2608	3614273
2609	3615273
2610	3616273
2611	3617273
2612	3618273
2613	3619273
2614	3620273
2615	3621273
2616	3622273
2617	3623273
2618	3624273
2619	3625273
2620	3626273
2621	3627273
2622	3628273
2623	3629273
2624	3630273
2625	3631273
2626	3632273
2627	3633273
2628	3634273
2629	3635273
2630	3636273
2631	3637273
2632	3638273
2633	3639273
2634	3640273
2635	3641273
2636	3642273
2637	3643273
2638	3644273
2639	3645273
2640	3646273
2641	3647273
2642	3648273
2643	3649273
2644	3650270
2645	3651273
2646	3652273
2647	3653273
2648	3654273
2649	3655273
2650	3656273
2651	3657273
2652	3658273
2653	3659273
2654	3660273
2655	3661273
2656	3662273
2657	3663273
2658	3664273
2659	3665273
2660	3666273
2661	3667273
2662	3668273
2663	3669273
2664	3670273
2665	3671273
2666	3672273
2667	3673273
2668	3674273
2669	3675273
2670	3676273
2671	3677273
2672	3678273
2673	3679273
2674	3680273
2675	3681273
2676	3682273
2677	3683273
2678	3684273
2679	3685273
2680	3686273
2681	3687273
2682	3688273
2683	3689273
2684	3690273
2685	3691273
2686	3692273
2687	3693273
2688	3694273
2689	3695273
2690	3696273
2691	3697273
2692	3698273
2693	3699273
2694	3700273
2695	3701273
2696	3702273
2697	3703273
2698	3704273
2699	3705273
2700	3706273
2701	3707273
2702	3708273
2703	3709273
2704	3710273
2705	3711273
2706	3712273
2707	3713273
2708	3714273
2709	3715273
2710	3716273
2711	3717273
2712	3718273
2713	3719273
2714	3720273
2715	3721273
2716	3722273
2717	3723273
2718	3724273
2719	3725273
2720	3726273
2721	3727273
2722	3728273
2723	3729273
2724	3730273
2725	3731273
2726	3732273
2727	3733273
2728	3734273
2729	3735273
2730	3736273
2731	3737273
2732	3738273
2733	3739273
2734	3740273
2735	3741273
2736	3742273
2737	3743273
2738	3744273
2739	3745273
2740	3746273
2741	3747273
2742	3748273
2743	3749273
2744	3750273
2745	3751273
2746	3752273
2747	3753273
2748	3754273
2749	3755273
2750	3756273
2751	3757273
2752	3758273
2753	3759273
2754	3760273
2755	3761273
2756	3762273
2757	3763273
2758	3764273
2759	3765273
2760	3766273
2761	3767273
2762	3768273
2763	3769273
2764	3770273
2765	3771273
2766	3772273
2767	3773273
2768	3774273
2769	3775273
2770	3776273
2771	3777273
2772	3778273
2773	3779273
2774	3780273
2775	3781273
2776	3782273
2777	3783273
2778	3784273
2779	3785273
2780	3786273
2781	3787273
2782	3788273
2783	3789273
2784	3790273
2785	3791273
2786	3792273
2787	3793273
2788	3794273
2789	3795273
2790	3796273
2791	3797273
2792	3798273
2793	3799273
2794	3800273
2795	3801273
2796	3802273
2797	3803273
2798	3804273
2799	3805273
2800	3806277
2801	3807273
2802	3808273
2803	3809273
2804	3810273
2805	3811273
2806	3812273
2807	3813273
2808	3814273
2809	3815273
2810	3816273
2811	3817273
2812	3818273
2813	3819273
2814	3820273
2815	3821273
2816	3822273
2817	3823273
2818	3824273
2819	3825273
2820	3826273
2821	3827273
2822	3828273
2823	3829273
2824	3830273
2825	3831273
2826	3832273
2827	3833273
2828	3834273
2829	3835273
2830	3836273
2831	3837273
2832	3838273
2833	3839270
2834	3840273
2835	3841273
2836	3842273
2837	3843273
2838	3844273
2839	3845273
2840	3846273
2841	3847273
2842	3848273
2843	3849273
2844	3850273
2845	3851273
2846	3852273
2847	3853273
2848	3854273
2849	3855273
2850	3856273
2851	3857273
2852	3858273
2853	3859273
2854	3860273
2855	3861273
2856	3862273
2857	3863273
2858	3864273
2859	3865273
2860	3866273
2861	3867273
2862	3868273
2863	3869273
2864	3870273
2865	3871273
2866	3872273
2867	3873273
2868	3874273
2869	3875273
2870	3876273
2871	3877273
2872	3878273
2873	3879273
2874	3880273
2875	3881273
2876	3882273
2877	3883273
2878	3884273
2879	3885273
2880	3886273
2881	3887273
2882	3888273
2883	3889273
2884	3890273
2885	3891273
2886	3892273
2887	3893273
2888	3894273
2889	3895273
2890	3896273
2891	3897273
2892	3898273
2893	3899273
2894	3900273
2895	3901273
2896	3902273
2897	3903273
2898	3904273
2899	3905273
2900	3906272
2901	3907273
2902	3908273
2903	3909273
2904	3910273
2905	3911273
2906	3912273
2907	3913273
2908	3914273
2909	3915273
2910	3916273
2911	3917273
2912	3918273
2913	3919273
2914	3920273
2915	3921273
2916	3922273
2917	3923273
2918	3924273
2919	3925273
2920	3926273
2921	3927273
2922	3928273
2923	3929273
2924	3930273
2925	3931273
2926	3932273
2927	3933273
2928	3934273
2929	3935273
2930	3936273
2931	3937273
2932	3938273
2933	3939273
2934	3940273
2935	3941273
2936	3942273
2937	3943273
2938	3944273
2939	3945273
2940	3946273
2941	3947273
2942	3948273
2943	3949273
2944	3950273
2945	3951273
2946	3952273
2947	3953273
2948	3954273
2949	3955273
2950	3956273
2951	3957273
2952	3958273
2953	3959273
2954	3960273
2955	3961273
2956	3962273
2957	3963273
2958	3964273
2959	3965273
2960	3966273
2961	3967273
2962	3968273
2963	3969273
2964	3970273
2965	3971273
2966	3972273
2967	3973273
2968	3974273
2969	3975273
2970	3976273
2971	3977273
2972	3978273
2973	3979273
2974	3980273
2975	3981273
2976	3982273
2977	3983273
2978	3984273
2979	3985273
2980	3986273
2981	3987273
2982	3988273
2983	3989273
2984	3990273
2985	3991273
2986	3992273
2987	3993273
2988	3994273
2989	3995273
2990	3996273
2991	3997273
2992	3998273
2993	3999273
2994	4000273
2995	4001273
2996	4002273
2997	4003273
2998	4004273
2999	4005273
3000	4006273
3001	4007273
3002	4008273
3003	4009273
3004	4010273
3005	4011273
3006	4012273
3007	4013273
3008	4014273
3009	4015273
3010	4016273
3011	4017273
3012	4018273
3013	4019273
3014	4020273
3015	4021273
3016	4022273
3017	4023273
3018	4024273
3019	4025273
3020	4026273
3021	4027273
3022	4028273
3023	4029273
3024	4030273
3025	4031273
3026	4032273
3027	4033273
3028	4034273
3029	4035273
3030	4036273
3031	4037273
3032	4038273
3033	4039273
3034	4040273
3035	4041273
3036	4042273
3037	4043273
3038	4044273
3039	4045273
3040	4046273
3041	4047273
3042	4048273
3043	4049273
3044	4050273
3045	4051273
3046	4052273
3047	4053273
3048	4054273
3049	4055273
3050	4056273
3051	4057273
3052	4058273
3053	4059273
3054	4060273
3055	4061273
3056	4062273
3057	4063273
3058	4064273
3059	4065273
3060	4066273
3061	4067273
3062	4068273
3063	4069273
3064	4070273
3065	4071273
3066	4072273
3067	4073273
3068	4074273
3069	4075273
3070	4076273
3071	4077273
3072	4078273
3073	4079273
3074	4080273
3075	4081273
3076	4082273
3077	4083273
3078	4084273
3079	4085273
3080	4086273
3081	4087273
3082	4088273
3083	4089273
3084	4090273
3085	4091273
3086	4092273
3087	4093273
3088	4094273
3089	4095270
3090	4096273
3091	4097273
3092	4098273
3093	4099273
3094	4100273
3095	4101273
3096	4102273
3097	4103273
3098	4104273
3099	4105273
3100	4106273
3101	4107273
3102	4108273
3103	4109273
3104	4110273
3105	4111273
3106	4112273
3107	4113273
3108	4114273
3109	4115273
3110	4116273
3111	4117273
3112	4118273
3113	4119273
3114	4120273
3115	4121273
3116	4122273
3117	4123273
3118	4124273
3119	4125273
3120	4126273
3121	4127273
3122	4128273
3123	4129273
3124	4130273
3125	4131273
3126	4132273
3127	4133273
3128	4134273
3129	4135273
3130	4136273
3131	4137273
3132	4138273
3133	4139273
3134	4140273
3135	4141273
3136	4142273
3137	4143273
3138	4144273
3139	4145273
3140	4146273
3141	4147273
3142	4148273
3143	4149273
3144	4150273
3145	4151273
3146	4152273
3147	4153273
3148	4154273
3149	4155273
3150	4156273
3151	4157273
3152	4158273
3153	4159273
3154	4160273
3155	4161273
3156	4162272
3157	4163273
3158	4164273
3159	4165273
3160	4166273
3161	4167273
3162	4168273
3163	4169273
3164	4170273
3165	4171273
3166	4172273
3167	4173273
3168	4174273
3169	4175273
3170	4176273
3171	4177273
3172	4178273
3173	4179273
3174	4180273
3175	4181273
3176	4182273
3177	4183273
3178	4184273
3179	4185273
3180	4186273
3181	4187273
3182	4188273
3183	4189273
3184	4190273
3185	4191273
3186	4192273
3187	4193273
3188	4194273
3189	4195273
3190	4196273
3191	4197273
3192	4198273
3193	4199273
3194	4200273
3195	4201273
3196	4202273
3197	4203273
3198	4204273
3199	4205273
3200	4206273
3201	4207273
3202	4208273
3203	4209273
3204	4210273
3205	4211273
3206	4212273
3207	4213273
3208	4214273
3209	4215273
3210	4216273
3211	4217273
3212	4218273
3213	4219273
3214	4220273
3215	4221273
3216	4222273
3217	4223273
3218	4224273
3219	4225273
3220	4226273
3221	4227273
3222	4228273
3223	4229273
3224	4230273
3225	4231273
3226	4232273
3227	4233273
3228	4234273
3229	4235273
3230	4236273
3231	4237273
3232	4238273
3233	4239273
3234	4240273
3235	4241273
3236	4242273
3237	4243273
3238	4244273
3239	4245273
3240	4246273
3241	4247273
3242	4248273
3243	4249273
3244	4250273
3245	4251273
3246	4252273
3247	4253273
3248	4254273
3249	4255273
3250	4256273
3251	4257273
3252	4258273
3253	4259273
3254	4260273
3255	4261273
3256	4262273
3257	4263273
3258	4264273
3259	4265273
3260	4266273
3261	4267273
3262	4268272
3263	4269272
3264	4270272
3265	4271272
3266	4272272
3267	4273272
3268	4274272
3269	4275272
3270	4276272
3271	4277272
3272	4278272
3273	4279272
3274	4280272
3275	4281272
3276	4282272
3277	4283272
3278	4284272
3279	4285273
3280	4286273
3281	4287273
3282	4288273
3283	4289273
3284	4290273
3285	4291273
3286	4292273
3287	4293273
3288	4294273
3289	4295273
3290	4296273
3291	4297273
3292	4298273
3293	4299273
3294	4300273
3295	4301273
3296	4302273
3297	4303273
3298	4304273
3299	4305273
3300	4306273
3301	4307273
3302	4308273
3303	4309273
3304	4310273
3305	4311273
3306	4312273
3307	4313273
3308	4314273
3309	4315273
3310	4316273
3311	4317273
3312	4318273
3313	4319273
3314	4320273
3315	4321273
3316	4322273
3317	4323273
3318	4324273
3319	4325273
3320	4326273
3321	4327273
3322	4328273
3323	4329273
3324	4330273
3325	4331273
3326	4332273
3327	4333273
3328	4334273
3329	4335273
3330	4336273
3331	4337273
3332	4338272
3333	4339273
3334	4340273
3335	4341273
3336	4342273
3337	4343273
3338	4344273
3339	4345273
3340	4346273
3341	4347273
3342	4348273
3343	4349273
3344	4350273
3345	4351270
3346	4352273
3347	4353273
3348	4354273
3349	4355273
3350	4356273
3351	4357273
3352	4358273
3353	4359273
3354	4360273
3355	4361273
3356	4362273
3357	4363273
3358	4364273
3359	4365273
3360	4366273
3361	4367273
3362	4368273
3363	4369273
3364	4370273
3365	4371273
3366	4372273
3367	4373273
3368	4374273
3369	4375273
3370	4376273
3371	4377273
3372	4378273
3373	4379273
3374	4380273
3375	4381273
3376	4382273
3377	4383273
3378	4384273
3379	4385273
3380	4386273
3381	4387273
3382	4388273
3383	4389273
3384	4390273
3385	4391273
3386	4392273
3387	4393273
3388	4394273
3389	4395273
3390	4396273
3391	4397273
3392	4398273
3393	4399273
3394	4400273
3395	4401273
3396	4402273
3397	4403273
3398	4404273
3399	4405273
3400	4406273
3401	4407273
3402	4408273
3403	4409273
3404	4410273
3405	4411273
3406	4412273
3407	4413273
3408	4414273
3409	4415273
3410	4416273
3411	4417273
3412	4418273
3413	4419273
3414	4420273
3415	4421273
3416	4422273
3417	4423273
3418	4424273
3419	4425273
3420	4426273
3421	4427273
3422	4428273
3423	4429273
3424	4430273
3425	4431273
3426	4432273
3427	4433273
3428	4434273
3429	4435273
3430	4436273
3431	4437273
3432	4438273
3433	4439273
3434	4440273
3435	4441273
3436	4442273
3437	4443273
3438	4444273
3439	4445273
3440	4446273
3441	4447273
3442	4448273
3443	4449273
3444	4450273
3445	4451273
3446	4452273
3447	4453273
3448	4454273
3449	4455273
3450	4456273
3451	4457273
3452	4458273
3453	4459273
3454	4460273
3455	4461273
3456	4462273
3457	4463273
3458	4464273
3459	4465273
3460	4466273
3461	4467273
3462	4468273
3463	4469273
3464	4470273
3465	4471273
3466	4472273
3467	4473273
3468	4474273
3469	4475273
3470	4476273
3471	4477273
3472	4478273
3473	4479273
3474	4480273
3475	4481273
3476	4482273
3477	4483273
3478	4484273
3479	4485273
3480	4486273
3481	4487273
3482	4488273
3483	4489273
3484	4490273
3485	4491273
3486	4492273
3487	4493273
3488	4494273
3489	4495273
3490	4496273
3491	4497273
3492	4498273
3493	4499273
3494	4500273
3495	4501273
3496	4502273
3497	4503273
3498	4504273
3499	4505273
3500	4506273
3501	4507273
3502	4508273
3503	4509273
3504	4510273
3505	4511273
3506	4512273
3507	4513273
3508	4514273
3509	4515273
3510	4516273
3511	4517273
3512	4518273
3513	4519273
3514	4520273
3515	4521273
3516	4522273
3517	4523273
3518	4524273
3519	4525273
3520	4526273
3521	4527273
3522	4528273
3523	4529273
3524	4530273
3525	4531273
3526	4532273
3527	4533273
3528	4534273
3529	4535273
3530	4536273
3531	4537273
3532	4538273
3533	4539273
3534	4540273
3535	4541273
3536	4542273
3537	4543273
3538	4544273
3539	4545273
3540	4546273
3541	4547273
3542	4548273
3543	4549273
3544	4550273
3545	4551273
3546	4552273
3547	4553273
3548	4554273
3549	4555273
3550	4556273
3551	4557273
3552	4558273
3553	4559273
3554	4560273
3555	4561273
3556	4562273
3557	4563273
3558	4564273
3559	4565273
3560	4566273
3561	4567273
3562	4568273
3563	4569273
3564	4570273
3565	4571273
3566	4572273
3567	4573273
3568	4574273
3569	4575273
3570	4576273
3571	4577273
3572	4578273
3573	4579273
3574	4580273
3575	4581273
3576	4582273
3577	4583273
3578	4584273
3579	4585273
3580	4586273
3581	4587273
3582	4588273
3583	4589273
3584	4590273
3585	4591273
3586	4592273
3587	4593273
3588	4594272
3589	4595273
3590	4596273
3591	4597273
3592	4598273
3593	4599273
3594	4600273
3595	4601273
3596	4602273
3597	4603273
3598	4604273
3599	4605273
3600	4606273
3601	4607270
3602	4608273
3603	4609273
3604	4610273
3605	4611273
3606	4612273
3607	4613273
3608	4614273
3609	4615273
3610	4616273
3611	4617273
3612	4618273
3613	4619273
3614	4620273
3615	4621273
3616	4622273
3617	4623273
3618	4624273
3619	4625273
3620	4626273
3621	4627273
3622	4628273
3623	4629273
3624	4630273
3625	4631273
3626	4632273
3627	4633273
3628	4634273
3629	4635273
3630	4636273
3631	4637273
3632	4638273
3633	4639273
3634	4640273
3635	4641273
3636	4642273
3637	4643273
3638	4644273
3639	4645273
3640	4646273
3641	4647273
3642	4648273
3643	4649273
3644	4650273
3645	4651273
3646	4652273
3647	4653273
3648	4654273
3649	4655273
3650	4656273
3651	4657273
3652	4658273
3653	4659273
3654	4660273
3655	4661273
3656	4662273
3657	4663273
3658	4664273
3659	4665273
3660	4666273
3661	4667273
3662	4668273
3663	4669273
3664	4670273
3665	4671273
3666	4672273
3667	4673273
3668	4674273
3669	4675273
3670	4676273
3671	4677273
3672	4678273
3673	4679273
3674	4680273
3675	4681273
3676	4682273
3677	4683273
3678	4684273
3679	4685273
3680	4686273
3681	4687273
3682	4688273
3683	4689273
3684	4690273
3685	4691273
3686	4692273
3687	4693273
3688	4694273
3689	4695273
3690	4696273
3691	4697273
3692	4698273
3693	4699273
3694	4700273
3695	4701273
3696	4702273
3697	4703273
3698	4704273
3699	4705273
3700	4706273
3701	4707273
3702	4708273
3703	4709273
3704	4710273
3705	4711273
3706	4712273
3707	4713273
3708	4714273
3709	4715273
3710	4716273
3711	4717273
3712	4718273
3713	4719273
3714	4720273
3715	4721273
3716	4722273
3717	4723273
3718	4724273
3719	4725273
3720	4726273
3721	4727273
3722	4728273
3723	4729273
3724	4730273
3725	4731273
3726	4732273
3727	4733273
3728	4734273
3729	4735273
3730	4736273
3731	4737273
3732	4738273
3733	4739273
3734	4740273
3735	4741273
3736	4742273
3737	4743273
3738	4744273
3739	4745273
3740	4746273
3741	4747273
3742	4748273
3743	4749273
3744	4750273
3745	4751273
3746	4752273
3747	4753273
3748	4754273
3749	4755273
3750	4756273
3751	4757273
3752	4758273
3753	4759273
3754	4760273
3755	4761273
3756	4762273
3757	4763273
3758	4764273
3759	4765273
3760	4766273
3761	4767273
3762	4768273
3763	4769273
3764	4770273
3765	4771273
3766	4772273
3767	4773273
3768	4774273
3769	4775273
3770	4776273
3771	4777273
3772	4778273
3773	4779273
3774	4780273
3775	4781273
3776	4782273
3777	4783273
3778	4784273
3779	4785273
3780	4786273
3781	4787273
3782	4788273
3783	4789273
3784	4790273
3785	4791273
3786	4792273
3787	4793273
3788	4794273
3789	4795273
3790	4796273
3791	4797273
3792	4798273
3793	4799273
3794	4800273
3795	4801273
3796	4802273
3797	4803273
3798	4804273
3799	4805273
3800	4806273
3801	4807273
3802	4808273
3803	4809273
3804	4810273
3805	4811273
3806	4812273
3807	4813273
3808	4814273
3809	4815273
3810	4816273
3811	4817273
3812	4818273
3813	4819273
3814	4820273
3815	4821273
3816	4822273
3817	4823273
3818	4824273
3819	4825273
3820	4826273
3821	4827273
3822	4828273
3823	4829273
3824	4830273
3825	4831273
3826	4832273
3827	4833273
3828	4834273
3829	4835273
3830	4836273
3831	4837273
3832	4838273
3833	4839273
3834	4840273
3835	4841273
3836	4842273
3837	4843273
3838	4844273
3839	4845273
3840	4846273
3841	4847273
3842	4848273
3843	4849273
3844	4850273
3845	4851273
3846	4852273
3847	4853273
3848	4854273
3849	4855273
3850	4856273
3851	4857273
3852	4858273
3853	4859273
3854	4860273
3855	4861273
3856	4862273
3857	4863270
3858	4864273
3859	4865273
3860	4866273
3861	4867273
3862	4868273
3863	4869273
3864	4870273
3865	4871273
3866	4872273
3867	4873273
3868	4874273
3869	4875273
3870	4876273
3871	4877273
3872	4878273
3873	4879273
3874	4880273
3875	4881273
3876	4882273
3877	4883273
3878	4884273
3879	4885273
3880	4886273
3881	4887273
3882	4888273
3883	4889273
3884	4890273
3885	4891273
3886	4892273
3887	4893273
3888	4894273
3889	4895273
3890	4896273
3891	4897273
3892	4898273
3893	4899273
3894	4900273
3895	4901273
3896	4902273
3897	4903273
3898	4904273
3899	4905273
3900	4906273
3901	4907273
3902	4908273
3903	4909273
3904	4910273
3905	4911273
3906	4912273
3907	4913273
3908	4914273
3909	4915273
3910	4916273
3911	4917273
3912	4918273
3913	4919273
3914	4920273
3915	4921273
3916	4922273
3917	4923273
3918	4924273
3919	4925273
3920	4926273
3921	4927273
3922	4928273
3923	4929273
3924	4930273
3925	4931273
3926	4932273
3927	4933273
3928	4934273
3929	4935273
3930	4936273
3931	4937273
3932	4938273
3933	4939273
3934	4940273
3935	4941273
3936	4942273
3937	4943273
3938	4944273
3939	4945273
3940	4946273
3941	4947273
3942	4948273
3943	4949273
3944	4950273
3945	4951273
3946	4952273
3947	4953273
3948	4954273
3949	4955273
3950	4956273
3951	4957273
3952	4958273
3953	4959273
3954	4960273
3955	4961273
3956	4962273
3957	4963273
3958	4964273
3959	4965273
3960	4966273
3961	4967273
3962	4968273
3963	4969273
3964	4970273
3965	4971273
3966	4972273
3967	4973273
3968	4974273
3969	4975273
3970	4976273
3971	4977273
3972	4978273
3973	4979273
3974	4980273
3975	4981273
3976	4982273
3977	4983273
3978	4984273
3979	4985273
3980	4986273
3981	4987273
3982	4988273
3983	4989273
3984	4990273
3985	4991273
3986	4992273
3987	4993273
3988	4994273
3989	4995273
3990	4996273
3991	4997273
3992	4998273
3993	4999273
3994	5000273
3995	5001273
3996	5002273
3997	5003273
3998	5004273
3999	5005273
4000	5006273
4001	5007273
4002	5008273
4003	5009273
4004	5010273
4005	5011273
4006	5012273
4007	5013273
4008	5014273
4009	5015273
4010	5016273
4011	5017273
4012	5018273
4013	5019273
4014	5020273
4015	5021273
4016	5022273
4017	5023273
4018	5024273
4019	5025273
4020	5026273
4021	5027273
4022	5028273
4023	5029273
4024	5030273
4025	5031273
4026	5032273
4027	5033273
4028	5034273
4029	5035273
4030	5036273
4031	5037273
4032	5038273
4033	5039273
4034	5040273
4035	5041273
4036	5042273
4037	5043273
4038	5044273
4039	5045273
4040	5046273
4041	5047273
4042	5048273
4043	5049273
4044	5050273
4045	5051273
4046	5052273
4047	5053273
4048	5054273
4049	5055273
4050	5056273
4051	5057273
4052	5058273
4053	5059273
4054	5060273
4055	5061273
4056	5062273
4057	5063273
4058	5064273
4059	5065273
4060	5066273
4061	5067273
4062	5068273
4063	5069273
4064	5070273
4065	5071273
4066	5072273
4067	5073273
4068	5074273
4069	5075273
4070	5076273
4071	5077273
4072	5078273
4073	5079273
4074	5080273
4075	5081273
4076	5082273
4077	5083273
4078	5084273
4079	5085273
4080	5086273
4081	5087273
4082	5088273
4083	5089273
4084	5090273
4085	5091273
4086	5092273
4087	5093273
4088	5094273
4089	5095273
4090	5096273
4091	5097273
4092	5098273
4093	5099273
4094	5100273
4095	5101273
4096	5102273
4097	5103273
4098	5104273
4099	5105273
4100	5106273
4101	5107273
4102	5108273
4103	5109273
4104	5110273
4105	5111273
4106	5112273
4107	5113273
4108	5114273
4109	5115273
4110	5116273
4111	5117273
4112	5118273
4113	5119270
4114	5120273
4115	5121273
4116	5122273
4117	5123273
4118	5124273
4119	5125273
4120	5126273
4121	5127273
4122	5128273
4123	5129273
4124	5130273
4125	5131273
4126	5132273
4127	5133273
4128	5134273
4129	5135273
4130	5136273
4131	5137273
4132	5138273
4133	5139273
4134	5140273
4135	5141273
4136	5142273
4137	5143273
4138	5144273
4139	5145273
4140	5146273
4141	5147273
4142	5148273
4143	5149273
4144	5150273
4145	5151273
4146	5152273
4147	5153273
4148	5154273
4149	5155273
4150	5156273
4151	5157273
4152	5158273
4153	5159273
4154	5160273
4155	5161273
4156	5162273
4157	5163273
4158	5164273
4159	5165273
4160	5166273
4161	5167273
4162	5168273
4163	5169273
4164	5170273
4165	5171273
4166	5172273
4167	5173273
4168	5174273
4169	5175273
4170	5176273
4171	5177273
4172	5178273
4173	5179273
4174	5180273
4175	5181273
4176	5182273
4177	5183273
4178	5184273
4179	5185273
4180	5186273
4181	5187273
4182	5188273
4183	5189273
4184	5190273
4185	5191273
4186	5192273
4187	5193273
4188	5194273
4189	5195273
4190	5196273
4191	5197273
4192	5198273
4193	5199273
4194	5200273
4195	5201273
4196	5202273
4197	5203273
4198	5204273
4199	5205273
4200	5206273
4201	5207273
4202	5208273
4203	5209273
4204	5210273
4205	5211273
4206	5212273
4207	5213273
4208	5214273
4209	5215273
4210	5216273
4211	5217273
4212	5218273
4213	5219273
4214	5220273
4215	5221273
4216	5222273
4217	5223273
4218	5224273
4219	5225273
4220	5226273
4221	5227273
4222	5228273
4223	5229273
4224	5230273
4225	5231273
4226	5232273
4227	5233273
4228	5234273
4229	5235273
4230	5236273
4231	5237273
4232	5238273
4233	5239273
4234	5240273
4235	5241273
4236	5242273
4237	5243273
4238	5244273
4239	5245273
4240	5246273
4241	5247273
4242	5248273
4243	5249273
4244	5250273
4245	5251273
4246	5252273
4247	5253273
4248	5254273
4249	5255273
4250	5256273
4251	5257273
4252	5258273
4253	5259273
4254	5260273
4255	5261273
4256	5262273
4257	5263273
4258	5264273
4259	5265273
4260	5266273
4261	5267273
4262	5268273
4263	5269273
4264	5270273
4265	5271273
4266	5272273
4267	5273273
4268	5274273
4269	5275273
4270	5276273
4271	5277273
4272	5278273
4273	5279273
4274	5280273
4275	5281273
4276	5282273
4277	5283273
4278	5284273
4279	5285273
4280	5286273
4281	5287273
4282	5288273
4283	5289273
4284	5290273
4285	5291273
4286	5292273
4287	5293273
4288	5294273
4289	5295273
4290	5296273
4291	5297273
4292	5298273
4293	5299273
4294	5300273
4295	5301273
4296	5302273
4297	5303273
4298	5304273
4299	5305273
4300	5306273
4301	5307273
4302	5308273
4303	5309273
4304	5310273
4305	5311273
4306	5312273
4307	5313273
4308	5314273
4309	5315273
4310	5316273
4311	5317273
4312	5318273
4313	5319273
4314	5320273
4315	5321273
4316	5322273
4317	5323273
4318	5324273
4319	5325273
4320	5326273
4321	5327273
4322	5328273
4323	5329273
4324	5330273
4325	5331273
4326	5332273
4327	5333273
4328	5334273
4329	5335273
4330	5336273
4331	5337273
4332	5338273
4333	5339273
4334	5340273
4335	5341273
4336	5342273
4337	5343273
4338	5344273
4339	5345273
4340	5346273
4341	5347273
4342	5348273
4343	5349273
4344	5350273
4345	5351273
4346	5352273
4347	5353273
4348	5354273
4349	5355273
4350	5356273
4351	5357273
4352	5358272
4353	5359273
4354	5360273
4355	5361273
4356	5362272
4357	5363273
4358	5364273
4359	5365273
4360	5366273
4361	5367273
4362	5368273
4363	5369273
4364	5370273
4365	5371273
4366	5372273
4367	5373273
4368	5374273
4369	5375270
4370	5376273
4371	5377273
4372	5378273
4373	5379273
4374	5380273
4375	5381273
4376	5382273
4377	5383273
4378	5384273
4379	5385273
4380	5386273
4381	5387273
4382	5388273
4383	5389273
4384	5390273
4385	5391273
4386	5392273
4387	5393273
4388	5394273
4389	5395273
4390	5396273
4391	5397273
4392	5398273
4393	5399273
4394	5400273
4395	5401273
4396	5402273
4397	5403273
4398	5404273
4399	5405273
4400	5406273
4401	5407273
4402	5408273
4403	5409273
4404	5410273
4405	5411273
4406	5412273
4407	5413273
4408	5414273
4409	5415273
4410	5416273
4411	5417273
4412	5418273
4413	5419273
4414	5420273
4415	5421273
4416	5422273
4417	5423273
4418	5424273
4419	5425273
4420	5426273
4421	5427273
4422	5428273
4423	5429273
4424	5430273
4425	5431273
4426	5432273
4427	5433273
4428	5434273
4429	5435273
4430	5436273
4431	5437273
4432	5438273
4433	5439273
4434	5440273
4435	5441273
4436	5442273
4437	5443273
4438	5444273
4439	5445273
4440	5446273
4441	5447273
4442	5448273
4443	5449273
4444	5450273
4445	5451273
4446	5452273
4447	5453273
4448	5454273
4449	5455273
4450	5456273
4451	5457273
4452	5458273
4453	5459273
4454	5460273
4455	5461273
4456	5462273
4457	5463273
4458	5464273
4459	5465273
4460	5466273
4461	5467273
4462	5468273
4463	5469273
4464	5470273
4465	5471273
4466	5472273
4467	5473273
4468	5474273
4469	5475273
4470	5476273
4471	5477273
4472	5478273
4473	5479273
4474	5480273
4475	5481273
4476	5482273
4477	5483273
4478	5484273
4479	5485273
4480	5486273
4481	5487273
4482	5488273
4483	5489273
4484	5490273
4485	5491273
4486	5492273
4487	5493273
4488	5494273
4489	5495273
4490	5496273
4491	5497273
4492	5498273
4493	5499273
4494	5500273
4495	5501273
4496	5502273
4497	5503273
4498	5504273
4499	5505273
4500	5506273
4501	5507273
4502	5508273
4503	5509273
4504	5510273
4505	5511273
4506	5512273
4507	5513273
4508	5514273
4509	5515273
4510	5516273
4511	5517273
4512	5518273
4513	5519273
4514	5520273
4515	5521273
4516	5522273
4517	5523273
4518	5524273
4519	5525273
4520	5526273
4521	5527273
4522	5528273
4523	5529273
4524	5530273
4525	5531273
4526	5532273
4527	5533273
4528	5534273
4529	5535273
4530	5536273
4531	5537273
4532	5538273
4533	5539273
4534	5540273
4535	5541273
4536	5542273
4537	5543273
4538	5544273
4539	5545273
4540	5546273
4541	5547273
4542	5548273
4543	5549273
4544	5550273
4545	5551273
4546	5552273
4547	5553273
4548	5554273
4549	5555273
4550	5556273
4551	5557273
4552	5558273
4553	5559273
4554	5560273
4555	5561273
4556	5562273
4557	5563273
4558	5564273
4559	5565273
4560	5566273
4561	5567273
4562	5568273
4563	5569273
4564	5570273
4565	5571273
4566	5572273
4567	5573273
4568	5574273
4569	5575273
4570	5576273
4571	5577273
4572	5578273
4573	5579273
4574	5580273
4575	5581273
4576	5582273
4577	5583273
4578	5584273
4579	5585273
4580	5586273
4581	5587273
4582	5588273
4583	5589273
4584	5590273
4585	5591273
4586	5592273
4587	5593273
4588	5594273
4589	5595273
4590	5596273
4591	5597273
4592	5598273
4593	5599273
4594	5600273
4595	5601273
4596	5602273
4597	5603273
4598	5604273
4599	5605273
4600	5606273
4601	5607273
4602	5608273
4603	5609273
4604	5610273
4605	5611273
4606	5612273
4607	5613273
4608	5614273
4609	5615273
4610	5616273
4611	5617273
4612	5618272
4613	5619273
4614	5620273
4615	5621273
4616	5622273
4617	5623273
4618	5624273
4619	5625273
4620	5626273
4621	5627273
4622	5628273
4623	5629273
4624	5630273
4625	5631270
4626	5632273
4627	5633273
4628	5634273
4629	5635273
4630	5636273
4631	5637273
4632	5638273
4633	5639273
4634	5640273
4635	5641273
4636	5642273
4637	5643273
4638	5644273
4639	5645273
4640	5646273
4641	5647273
4642	5648273
4643	5649273
4644	5650273
4645	5651273
4646	5652273
4647	5653273
4648	5654273
4649	5655273
4650	5656273
4651	5657273
4652	5658273
4653	5659273
4654	5660273
4655	5661273
4656	5662273
4657	5663273
4658	5664273
4659	5665273
4660	5666273
4661	5667273
4662	5668273
4663	5669273
4664	5670273
4665	5671273
4666	5672273
4667	5673273
4668	5674273
4669	5675273
4670	5676273
4671	5677273
4672	5678273
4673	5679273
4674	5680273
4675	5681273
4676	5682273
4677	5683273
4678	5684273
4679	5685273
4680	5686273
4681	5687273
4682	5688273
4683	5689273
4684	5690273
4685	5691273
4686	5692273
4687	5693273
4688	5694273
4689	5695273
4690	5696273
4691	5697273
4692	5698273
4693	5699273
4694	5700273
4695	5701273
4696	5702273
4697	5703273
4698	5704273
4699	5705273
4700	5706273
4701	5707273
4702	5708273
4703	5709273
4704	5710273
4705	5711273
4706	5712273
4707	5713273
4708	5714273
4709	5715273
4710	5716273
4711	5717273
4712	5718273
4713	5719273
4714	5720273
4715	5721273
4716	5722273
4717	5723273
4718	5724273
4719	5725273
4720	5726273
4721	5727273
4722	5728273
4723	5729273
4724	5730273
4725	5731273
4726	5732273
4727	5733273
4728	5734273
4729	5735273
4730	5736273
4731	5737273
4732	5738273
4733	5739273
4734	5740273
4735	5741273
4736	5742273
4737	5743273
4738	5744273
4739	5745273
4740	5746273
4741	5747273
4742	5748273
4743	5749273
4744	5750273
4745	5751273
4746	5752273
4747	5753273
4748	5754273
4749	5755273
4750	5756273
4751	5757273
4752	5758273
4753	5759273
4754	5760273
4755	5761273
4756	5762273
4757	5763273
4758	5764273
4759	5765273
4760	5766273
4761	5767273
4762	5768273
4763	5769273
4764	5770273
4765	5771273
4766	5772273
4767	5773273
4768	5774273
4769	5775273
4770	5776273
4771	5777273
4772	5778273
4773	5779273
4774	5780273
4775	5781273
4776	5782273
4777	5783273
4778	5784273
4779	5785273
4780	5786273
4781	5787273
4782	5788273
4783	5789273
4784	5790273
4785	5791273
4786	5792273
4787	5793273
4788	5794273
4789	5795273
4790	5796273
4791	5797273
4792	5798273
4793	5799273
4794	5800273
4795	5801273
4796	5802273
4797	5803273
4798	5804273
4799	5805273
4800	5806273
4801	5807273
4802	5808273
4803	5809273
4804	5810273
4805	5811273
4806	5812273
4807	5813273
4808	5814273
4809	5815273
4810	5816273
4811	5817273
4812	5818273
4813	5819273
4814	5820273
4815	5821273
4816	5822273
4817	5823273
4818	5824273
4819	5825273
4820	5826273
4821	5827273
4822	5828273
4823	5829273
4824	5830273
4825	5831273
4826	5832273
4827	5833273
4828	5834273
4829	5835273
4830	5836273
4831	5837273
4832	5838273
4833	5839273
4834	5840273
4835	5841273
4836	5842273
4837	5843273
4838	5844273
4839	5845273
4840	5846273
4841	5847273
4842	5848273
4843	5849273
4844	5850273
4845	5851273
4846	5852273
4847	5853273
4848	5854273
4849	5855273
4850	5856273
4851	5857273
4852	5858273
4853	5859273
4854	5860273
4855	5861273
4856	5862273
4857	5863273
4858	5864273
4859	5865273
4860	5866273
4861	5867273
4862	5868273
4863	5869273
4864	5870273
4865	5871273
4866	5872273
4867	5873273
4868	5874273
4869	5875273
4870	5876273
4871	5877273
4872	5878273
4873	5879273
4874	5880273
4875	5881273
4876	5882273
4877	5883273
4878	5884273
4879	5885273
4880	5886273
4881	5887270
4882	5888273
4883	5889273
4884	5890273
4885	5891273
4886	5892273
4887	5893273
4888	5894273
4889	5895273
4890	5896273
4891	5897273
4892	5898273
4893	5899273
4894	5900273
4895	5901273
4896	5902273
4897	5903273
4898	5904273
4899	5905273
4900	5906273
4901	5907273
4902	5908273
4903	5909273
4904	5910273
4905	5911273
4906	5912273
4907	5913273
4908	5914273
4909	5915273
4910	5916273
4911	5917273
4912	5918273
4913	5919273
4914	5920273
4915	5921273
4916	5922273
4917	5923273
4918	5924273
4919	5925273
4920	5926273
4921	5927273
4922	5928273
4923	5929273
4924	5930273
4925	5931273
4926	5932273
4927	5933273
4928	5934273
4929	5935273
4930	5936273
4931	5937273
4932	5938273
4933	5939273
4934	5940273
4935	5941273
4936	5942273
4937	5943273
4938	5944273
4939	5945273
4940	5946273
4941	5947273
4942	5948273
4943	5949273
4944	5950273
4945	5951273
4946	5952273
4947	5953273
4948	5954273
4949	5955273
4950	5956273
4951	5957273
4952	5958273
4953	5959273
4954	5960273
4955	5961273
4956	5962273
4957	5963273
4958	5964273
4959	5965273
4960	5966273
4961	5967273
4962	5968273
4963	5969273
4964	5970273
4965	5971273
4966	5972273
4967	5973273
4968	5974273
4969	5975273
4970	5976273
4971	5977273
4972	5978273
4973	5979273
4974	5980273
4975	5981273
4976	5982273
4977	5983273
4978	5984273
4979	5985273
4980	5986273
4981	5987273
4982	5988273
4983	5989273
4984	5990273
4985	5991273
4986	5992273
4987	5993273
4988	5994273
4989	5995273
4990	5996273
4991	5997273
4992	5998273
4993	5999273
4994	6000273
4995	6001273
4996	6002273
4997	6003273
4998	6004273
4999	6005273
5000	6006273
5001	6007273
5002	6008273
5003	6009273
5004	6010273
5005	6011273
5006	6012273
5007	6013273
5008	6014273
5009	6015273
5010	6016273
5011	6017273
5012	6018273
5013	6019273
5014	6020273
5015	6021273
5016	6022273
5017	6023273
5018	6024273
5019	6025273
5020	6026273
5021	6027273
5022	6028273
5023	6029273
5024	6030273
5025	6031273
5026	6032273
5027	6033273
5028	6034273
5029	6035273
5030	6036273
5031	6037273
5032	6038273
5033	6039273
5034	6040273
5035	6041273
5036	6042273
5037	6043273
5038	6044273
5039	6045273
5040	6046273
5041	6047273
5042	6048273
5043	6049273
5044	6050273
5045	6051273
5046	6052273
5047	6053273
5048	6054273
5049	6055273
5050	6056273
5051	6057273
5052	6058273
5053	6059273
5054	6060273
5055	6061273
5056	6062273
5057	6063273
5058	6064273
5059	6065273
5060	6066273
5061	6067273
5062	6068273
5063	6069273
5064	6070273
5065	6071273
5066	6072273
5067	6073273
5068	6074273
5069	6075273
5070	6076273
5071	6077273
5072	6078273
5073	6079273
5074	6080273
5075	6081273
5076	6082273
5077	6083273
5078	6084273
5079	6085273
5080	6086273
5081	6087273
5082	6088273
5083	6089273
5084	6090273
5085	6091273
5086	6092273
5087	6093273
5088	6094273
5089	6095273
5090	6096273
5091	6097273
5092	6098273
5093	6099273
5094	6100273
5095	6101273
5096	6102273
5097	6103273
5098	6104273
5099	6105273
5100	6106273
5101	6107273
5102	6108273
5103	6109273
5104	6110273
5105	6111273
5106	6112273
5107	6113273
5108	6114273
5109	6115273
5110	6116273
5111	6117273
5112	6118273
5113	6119273
5114	6120273
5115	6121273
5116	6122273
5117	6123273
5118	6124273
5119	6125273
5120	6126273
5121	6127273
5122	6128273
5123	6129273
5124	6130273
5125	6131273
5126	6132273
5127	6133273
5128	6134273
5129	6135273
5130	6136273
5131	6137273
5132	6138273
5133	6139273
5134	6140273
5135	6141273
5136	6142273
5137	6143270
5138	6144273
5139	6145273
5140	6146273
5141	6147273
5142	6148273
5143	6149273
5144	6150273
5145	6151273
5146	6152273
5147	6153273
5148	6154273
5149	6155273
5150	6156273
5151	6157273
5152	6158273
5153	6159273
5154	6160273
5155	6161273
5156	6162273
5157	6163273
5158	6164273
5159	6165273
5160	6166273
5161	6167273
5162	6168273
5163	6169273
5164	6170273
5165	6171273
5166	6172273
5167	6173273
5168	6174273
5169	6175273
5170	6176273
5171	6177273
5172	6178273
5173	6179273
5174	6180273
5175	6181273
5176	6182273
5177	6183273
5178	6184273
5179	6185273
5180	6186273
5181	6187273
5182	6188273
5183	6189273
5184	6190273
5185	6191273
5186	6192273
5187	6193273
5188	6194273
5189	6195273
5190	6196273
5191	6197273
5192	6198273
5193	6199273
5194	6200273
5195	6201273
5196	6202273
5197	6203273
5198	6204273
5199	6205273
5200	6206273
5201	6207273
5202	6208273
5203	6209273
5204	6210273
5205	6211273
5206	6212273
5207	6213273
5208	6214273
5209	6215273
5210	6216273
5211	6217273
5212	6218273
5213	6219273
5214	6220273
5215	6221273
5216	6222273
5217	6223273
5218	6224273
5219	6225273
5220	6226273
5221	6227273
5222	6228273
5223	6229273
5224	6230273
5225	6231273
5226	6232273
5227	6233273
5228	6234273
5229	6235273
5230	6236273
5231	6237273
5232	6238273
5233	6239273
5234	6240273
5235	6241273
5236	6242273
5237	6243273
5238	6244273
5239	6245273
5240	6246273
5241	6247273
5242	6248273
5243	6249273
5244	6250273
5245	6251273
5246	6252273
5247	6253273
5248	6254273
5249	6255273
5250	6256273
5251	6257273
5252	6258273
5253	6259273
5254	6260273
5255	6261273
5256	6262273
5257	6263273
5258	6264273
5259	6265273
5260	6266273
5261	6267273
5262	6268273
5263	6269273
5264	6270273
5265	6271273
5266	6272273
5267	6273273
5268	6274273
5269	6275273
5270	6276273
5271	6277273
5272	6278273
5273	6279273
5274	6280273
5275	6281273
5276	6282273
5277	6283273
5278	6284273
5279	6285273
5280	6286273
5281	6287273
5282	6288273
5283	6289273
5284	6290273
5285	6291273
5286	6292273
5287	6293273
5288	6294273
5289	6295273
5290	6296273
5291	6297273
5292	6298273
5293	6299273
5294	6300273
5295	6301273
5296	6302273
5297	6303273
5298	6304273
5299	6305273
5300	6306273
5301	6307273
5302	6308273
5303	6309273
5304	6310273
5305	6311273
5306	6312273
5307	6313273
5308	6314273
5309	6315273
5310	6316273
5311	6317273
5312	6318273
5313	6319273
5314	6320273
5315	6321273
5316	6322273
5317	6323273
5318	6324273
5319	6325273
5320	6326273
5321	6327273
5322	6328273
5323	6329273
5324	6330273
5325	6331273
5326	6332273
5327	6333273
5328	6334273
5329	6335273
5330	6336273
5331	6337273
5332	6338273
5333	6339273
5334	6340273
5335	6341273
5336	6342273
5337	6343273
5338	6344273
5339	6345273
5340	6346273
5341	6347273
5342	6348273
5343	6349273
5344	6350273
5345	6351273
5346	6352273
5347	6353273
5348	6354273
5349	6355273
5350	6356273
5351	6357273
5352	6358273
5353	6359273
5354	6360273
5355	6361273
5356	6362273
5357	6363273
5358	6364273
5359	6365273
5360	6366273
5361	6367273
5362	6368273
5363	6369273
5364	6370273
5365	6371273
5366	6372273
5367	6373273
5368	6374273
5369	6375273
5370	6376273
5371	6377273
5372	6378273
5373	6379273
5374	6380273
5375	6381273
5376	6382273
5377	6383273
5378	6384273
5379	6385273
5380	6386272
5381	6387273
5382	6388273
5383	6389273
5384	6390273
5385	6391273
5386	6392273
5387	6393273
5388	6394273
5389	6395273
5390	6396273
5391	6397273
5392	6398273
5393	6399270
5394	6400273
5395	6401273
5396	6402273
5397	6403273
5398	6404273
5399	6405273
5400	6406273
5401	6407273
5402	6408273
5403	6409273
5404	6410273
5405	6411273
5406	6412273
5407	6413273
5408	6414273
5409	6415273
5410	6416273
5411	6417273
5412	6418273
5413	6419273
5414	6420273
5415	6421273
5416	6422273
5417	6423273
5418	6424273
5419	6425273
5420	6426273
5421	6427273
5422	6428273
5423	6429273
5424	6430273
5425	6431273
5426	6432273
5427	6433273
5428	6434273
5429	6435273
5430	6436273
5431	6437273
5432	6438273
5433	6439273
5434	6440273
5435	6441273
5436	6442273
5437	6443273
5438	6444273
5439	6445273
5440	6446273
5441	6447273
5442	6448273
5443	6449273
5444	6450273
5445	6451273
5446	6452273
5447	6453273
5448	6454273
5449	6455273
5450	6456273
5451	6457273
5452	6458273
5453	6459273
5454	6460273
5455	6461273
5456	6462273
5457	6463273
5458	6464273
5459	6465273
5460	6466273
5461	6467273
5462	6468273
5463	6469273
5464	6470273
5465	6471273
5466	6472273
5467	6473273
5468	6474273
5469	6475273
5470	6476273
5471	6477273
5472	6478273
5473	6479273
5474	6480273
5475	6481273
5476	6482273
5477	6483273
5478	6484273
5479	6485273
5480	6486273
5481	6487273
5482	6488273
5483	6489273
5484	6490273
5485	6491273
5486	6492273
5487	6493273
5488	6494273
5489	6495273
5490	6496273
5491	6497273
5492	6498273
5493	6499273
5494	6500273
5495	6501273
5496	6502273
5497	6503273
5498	6504273
5499	6505273
5500	6506273
5501	6507273
5502	6508273
5503	6509273
5504	6510273
5505	6511273
5506	6512273
5507	6513273
5508	6514273
5509	6515273
5510	6516273
5511	6517273
5512	6518273
5513	6519273
5514	6520273
5515	6521273
5516	6522273
5517	6523273
5518	6524273
5519	6525273
5520	6526273
5521	6527273
5522	6528273
5523	6529273
5524	6530273
5525	6531273
5526	6532273
5527	6533273
5528	6534273
5529	6535273
5530	6536273
5531	6537273
5532	6538273
5533	6539273
5534	6540273
5535	6541273
5536	6542273
5537	6543273
5538	6544273
5539	6545273
5540	6546273
5541	6547273
5542	6548273
5543	6549273
5544	6550273
5545	6551273
5546	6552273
5547	6553273
5548	6554273
5549	6555273
5550	6556273
5551	6557273
5552	6558273
5553	6559273
5554	6560273
5555	6561273
5556	6562273
5557	6563273
5558	6564273
5559	6565273
5560	6566273
5561	6567273
5562	6568273
5563	6569273
5564	6570273
5565	6571273
5566	6572273
5567	6573273
5568	6574273
5569	6575273
5570	6576273
5571	6577273
5572	6578273
5573	6579273
5574	6580273
5575	6581273
5576	6582273
5577	6583273
5578	6584273
5579	6585273
5580	6586273
5581	6587273
5582	6588273
5583	6589273
5584	6590273
5585	6591273
5586	6592273
5587	6593273
5588	6594273
5589	6595273
5590	6596273
5591	6597273
5592	6598273
5593	6599273
5594	6600273
5595	6601273
5596	6602273
5597	6603273
5598	6604273
5599	6605273
5600	6606273
5601	6607273
5602	6608273
5603	6609273
5604	6610273
5605	6611273
5606	6612273
5607	6613273
5608	6614273
5609	6615273
5610	6616273
5611	6617273
5612	6618273
5613	6619273
5614	6620273
5615	6621273
5616	6622273
5617	6623273
5618	6624273
5619	6625273
5620	6626273
5621	6627273
5622	6628273
5623	6629273
5624	6630273
5625	6631273
5626	6632273
5627	6633273
5628	6634273
5629	6635273
5630	6636273
5631	6637273
5632	6638273
5633	6639273
5634	6640273
5635	6641273
5636	6642272
5637	6643273
5638	6644273
5639	6645273
5640	6646273
5641	6647273
5642	6648273
5643	6649273
5644	6650273
5645	6651273
5646	6652273
5647	6653273
5648	6654273
5649	6655270
5650	6656273
5651	6657273
5652	6658273
5653	6659273
5654	6660273
5655	6661273
5656	6662273
5657	6663273
5658	6664273
5659	6665273
5660	6666273
5661	6667273
5662	6668273
5663	6669273
5664	6670273
5665	6671273
5666	6672273
5667	6673273
5668	6674273
5669	6675273
5670	6676273
5671	6677273
5672	6678273
5673	6679273
5674	6680273
5675	6681273
5676	6682273
5677	6683273
5678	6684273
5679	6685273
5680	6686273
5681	6687273
5682	6688273
5683	6689273
5684	6690273
5685	6691273
5686	6692273
5687	6693273
5688	6694273
5689	6695273
5690	6696273
5691	6697273
5692	6698273
5693	6699273
5694	6700273
5695	6701273
5696	6702273
5697	6703273
5698	6704273
5699	6705273
5700	6706273
5701	6707273
5702	6708273
5703	6709273
5704	6710273
5705	6711273
5706	6712273
5707	6713273
5708	6714273
5709	6715273
5710	6716273
5711	6717273
5712	6718273
5713	6719273
5714	6720273
5715	6721273
5716	6722273
5717	6723273
5718	6724273
5719	6725273
5720	6726273
5721	6727273
5722	6728273
5723	6729273
5724	6730273
5725	6731273
5726	6732273
5727	6733273
5728	6734273
5729	6735273
5730	6736273
5731	6737273
5732	6738273
5733	6739273
5734	6740273
5735	6741273
5736	6742273
5737	6743273
5738	6744273
5739	6745273
5740	6746273
5741	6747273
5742	6748273
5743	6749273
5744	6750273
5745	6751273
5746	6752273
5747	6753273
5748	6754273
5749	6755273
5750	6756273
5751	6757273
5752	6758273
5753	6759273
5754	6760273
5755	6761273
5756	6762273
5757	6763273
5758	6764273
5759	6765273
5760	6766273
5761	6767273
5762	6768273
5763	6769273
5764	6770273
5765	6771273
5766	6772273
5767	6773273
5768	6774273
5769	6775273
5770	6776273
5771	6777273
5772	6778273
5773	6779273
5774	6780273
5775	6781273
5776	6782273
5777	6783273
5778	6784273
5779	6785273
5780	6786273
5781	6787273
5782	6788273
5783	6789273
5784	6790273
5785	6791273
5786	6792273
5787	6793273
5788	6794273
5789	6795273
5790	6796273
5791	6797273
5792	6798273
5793	6799273
5794	6800273
5795	6801273
5796	6802273
5797	6803273
5798	6804273
5799	6805273
5800	6806273
5801	6807273
5802	6808273
5803	6809273
5804	6810273
5805	6811273
5806	6812273
5807	6813273
5808	6814273
5809	6815273
5810	6816273
5811	6817273
5812	6818273
5813	6819273
5814	6820273
5815	6821273
5816	6822273
5817	6823273
5818	6824273
5819	6825273
5820	6826273
5821	6827273
5822	6828273
5823	6829273
5824	6830273
5825	6831273
5826	6832273
5827	6833273
5828	6834273
5829	6835273
5830	6836273
5831	6837273
5832	6838273
5833	6839273
5834	6840273
5835	6841273
5836	6842273
5837	6843273
5838	6844273
5839	6845273
5840	6846273
5841	6847273
5842	6848273
5843	6849273
5844	6850273
5845	6851273
5846	6852273
5847	6853273
5848	6854273
5849	6855273
5850	6856273
5851	6857273
5852	6858273
5853	6859273
5854	6860273
5855	6861273
5856	6862273
5857	6863273
5858	6864273
5859	6865273
5860	6866273
5861	6867273
5862	6868273
5863	6869273
5864	6870273
5865	6871273
5866	6872273
5867	6873273
5868	6874273
5869	6875273
5870	6876273
5871	6877273
5872	6878273
5873	6879273
5874	6880273
5875	6881273
5876	6882273
5877	6883273
5878	6884273
5879	6885273
5880	6886273
5881	6887273
5882	6888273
5883	6889273
5884	6890273
5885	6891273
5886	6892273
5887	6893273
5888	6894273
5889	6895273
5890	6896273
5891	6897273
5892	6898273
5893	6899273
5894	6900273
5895	6901273
5896	6902273
5897	6903273
5898	6904273
5899	6905273
5900	6906273
5901	6907273
5902	6908273
5903	6909273
5904	6910273
5905	6911272
5906	6912273
5907	6913273
5908	6914273
5909	6915273
5910	6916273
5911	6917273
5912	6918273
5913	6919273
5914	6920273
5915	6921273
5916	6922273
5917	6923273
5918	6924273
5919	6925273
5920	6926273
5921	6927273
5922	6928273
5923	6929273
5924	6930273
5925	6931273
5926	6932273
5927	6933273
5928	6934273
5929	6935273
5930	6936273
5931	6937273
5932	6938273
5933	6939273
5934	6940273
5935	6941273
5936	6942273
5937	6943273
5938	6944273
5939	6945273
5940	6946273
5941	6947273
5942	6948273
5943	6949273
5944	6950273
5945	6951273
5946	6952273
5947	6953273
5948	6954273
5949	6955273
5950	6956273
5951	6957273
5952	6958273
5953	6959273
5954	6960273
5955	6961273
5956	6962273
5957	6963273
5958	6964273
5959	6965273
5960	6966273
5961	6967273
5962	6968273
5963	6969273
5964	6970273
5965	6971273
5966	6972273
5967	6973273
5968	6974273
5969	6975273
5970	6976273
5971	6977273
5972	6978273
5973	6979273
5974	6980273
5975	6981273
5976	6982273
5977	6983273
5978	6984273
5979	6985273
5980	6986273
5981	6987273
5982	6988273
5983	6989273
5984	6990273
5985	6991273
5986	6992273
5987	6993273
5988	6994273
5989	6995273
5990	6996273
5991	6997273
5992	6998273
5993	6999273
5994	7000273
5995	7001273
5996	7002273
5997	7003273
5998	7004273
5999	7005273
