0	1007489
1	1008793
2	1010097
3	1011401
4	1012705
5	1014009
6	1015313
7	1016617
8	1017921
9	1019225
10	1020529
11	1021833
12	1023137
13	1024441
14	1025745
15	1027049
16	1028353
17	1029657
18	1030961
19	1032265
20	1033569
21	1034873
22	1036177
23	1037481
24	1038785
25	1040089
26	1041393
27	1042697
28	1044001
29	1045305
30	1046609
31	1047913
32	1049217
33	1050521
34	1051825
35	1053129
36	1054433
37	1055737
38	1057041
39	1058345
40	1059649
41	1060953
42	1062257
43	1063561
44	1064865
45	1066169
46	1067473
47	1068777
48	1070081
49	1071385
50	1072689
51	1073993
52	1075297
53	1076601
54	1077905
55	1079209
56	1080513
57	1081817
58	1083121
59	1084425
60	1085729
61	1087033
62	1088337
63	1089641
64	1090945
65	1092249
66	1093553
67	1094857
68	1096161
69	1097465
70	1098769
71	1100073
72	1101377
73	1102681
74	1103985
75	1105289
76	1106593
77	1107897
78	1109201
79	1110505
80	1111809
81	1113113
82	1114417
83	1115721
84	1117025
85	1118329
86	1119633
87	1120937
88	1122241
89	1123545
90	1124849
91	1126153
92	1127457
93	1128761
94	1130065
95	1131369
96	1132673
97	1133977
98	1135281
99	1136585
100	1137889
101	1139193
102	1140497
103	1141801
104	1143105
105	1144409
106	1145713
107	1147017
108	1148321
109	1149625
110	1150929
111	1152233
112	1153537
113	1154841
114	1156145
115	1157449
116	1158753
117	1160057
118	1161361
119	1162665
120	1163969
121	1165273
122	1166577
123	1167881
124	1169185
125	1170489
126	1171793
127	1173097
128	1174401
129	1175705
130	1177009
131	1178313
132	1179617
133	1180921
134	1182225
135	1183529
136	1184833
137	1186137
138	1187441
139	1188745
140	1190049
141	1191353
142	1192657
143	1193961
144	1195265
145	1196569
146	1197873
147	1199177
148	1200481
149	1201785
150	1203089
151	1204393
152	1205697
153	1207001
154	1208305
155	1209609
156	1210913
157	1212217
158	1213521
159	1214825
160	1216129
161	1217433
162	1218737
163	1220041
164	1221345
165	1222649
166	1223953
167	1225257
168	1226561
169	1227865
170	1229169
171	1230473
172	1231777
173	1233081
174	1234385
175	1235689
176	1236993
177	1238297
178	1239601
179	1240905
180	1242209
181	1243513
182	1244817
183	1246121
184	1247425
185	1248729
186	1250033
187	1251337
188	1252641
189	1253945
190	1255249
191	1256553
192	1257857
193	1259161
194	1260465
195	1261769
196	1263073
197	1264377
198	1265681
199	1266985
200	1268289
201	1269593
202	1270897
203	1272201
204	1273505
205	1274809
206	1276113
207	1277417
208	1278721
209	1280025
210	1281329
211	1282633
212	1283937
213	1285241
214	1286545
215	1287849
216	1289153
217	1290457
218	1291761
219	1293065
220	1294369
221	1295673
222	1296977
223	1298281
224	1299585
225	1300889
226	1302193
227	1303497
228	1304801
229	1306105
230	1307409
231	1308713
232	1310017
233	1311321
234	1312625
235	1313929
236	1315233
237	1316537
238	1317841
239	1319145
240	1320449
241	1321753
242	1323057
243	1324361
244	1325665
245	1326969
246	1328273
247	1329577
248	1330881
249	1332185
250	1333489
251	1334793
252	1336097
253	1337401
254	1338705
255	1340009
256	1341313
257	1342617
258	-1
259	1343921
260	1345225
261	1346529
262	-1
263	1347833
264	1349137
265	1350441
266	-1
267	1351745
268	1353049
269	1354353
270	1355657
271	-1
272	1356961
273	1358265
274	1359569
275	-1
276	1360873
277	1362177
278	1363481
279	-1
280	1364785
281	1366089
282	1367393
283	1368697
284	-1
285	1370001
286	1371305
287	1372609
288	-1
289	1373913
290	1375217
291	1376521
292	-1
293	1377825
294	1379129
295	1380433
296	-1
297	1381737
298	1383041
299	1384345
300	1385649
301	-1
302	1386953
303	1388257
304	1389561
305	-1
306	1390865
307	1392169
308	1393473
309	-1
310	1394777
311	1396081
312	1397385
313	1398689
314	-1
315	1399993
316	1401297
317	1402601
318	-1
319	1403905
320	1405209
321	1406513
322	-1
323	1407817
324	1409121
325	1410425
326	-1
327	1411729
328	1413033
329	1414337
330	1415641
331	-1
332	1416945
333	1418249
334	1419553
335	-1
336	1420857
337	1422161
338	1423465
339	-1
340	1424769
341	1426073
342	1427377
343	1428681
344	-1
345	1429985
346	1431289
347	1432593
348	-1
349	1433897
350	1435201
351	1436505
352	-1
353	1437809
354	1439113
355	1440417
356	1441721
357	-1
358	1443025
359	1444329
360	1445633
361	-1
362	1446937
363	1448241
364	1449545
365	-1
366	1450849
367	1452153
368	1453457
369	-1
370	1454761
371	1456065
372	1457369
373	1458673
374	-1
375	1459977
376	1461281
377	1462585
378	-1
379	1463889
380	1465193
381	1466497
382	-1
383	1467801
384	1469105
385	1470409
386	1471713
387	-1
388	1473017
389	1474321
390	1475625
391	-1
392	1476929
393	1478233
394	1479537
395	-1
396	1480841
397	1482145
398	1483449
399	-1
400	1484753
401	1486057
402	1487361
403	1488665
404	-1
405	1489969
406	1491273
407	1492577
408	-1
409	1493881
410	1495185
411	1496489
412	-1
413	1497793
414	1499097
415	1500401
416	1501705
417	-1
418	1503009
419	1504313
420	1505617
421	-1
422	1506921
423	1508225
424	1509529
425	-1
426	1510833
427	1512137
428	1513441
429	-1
430	1514745
431	1516049
432	1517353
433	1518657
434	-1
435	1519961
436	1521265
437	1522569
438	-1
439	1523873
440	1525177
441	1526481
442	-1
443	1527785
444	1529089
445	1530393
446	1531697
447	-1
448	1533001
449	1534305
450	1535609
451	-1
452	1536913
453	1538217
454	1539521
455	-1
456	1540825
457	1542129
458	1543433
459	-1
460	1544737
461	1546041
462	1547345
463	1548649
464	-1
465	1549953
466	1551257
467	1552561
468	-1
469	1553865
470	1555169
471	1556473
472	-1
473	1557777
474	1559081
475	1560385
476	1561689
477	-1
478	1562993
479	1564297
480	1565601
481	-1
482	1566905
483	1568209
484	1569513
485	-1
486	1570817
487	1572121
488	1573425
489	-1
490	1574729
491	1576033
492	1577337
493	1578641
494	-1
495	1579945
496	1581249
497	1582553
498	-1
499	1583857
500	1585161
501	1586465
502	-1
503	1587769
504	1589073
505	1590377
506	1591681
507	-1
508	1592985
509	1594289
510	1595593
511	-1
512	1596897
513	1598201
514	1599505
515	-1
516	1600809
517	1602113
518	1603417
519	1604721
520	-1
521	1606025
522	1607329
523	1608633
524	-1
525	1609937
526	1611241
527	1612545
528	-1
529	1613849
530	1615153
531	1616457
532	-1
533	1617761
534	1619065
535	1620369
536	1621673
537	-1
538	1622977
539	1624281
540	1625585
541	-1
542	1626889
543	1628193
544	1629497
545	-1
546	1630801
547	1632105
548	1633409
549	1634713
550	-1
551	1636017
552	1637321
553	1638625
554	-1
555	1639929
556	1641233
557	1642537
558	-1
559	1643841
560	1645145
561	1646449
562	-1
563	1647753
564	1649057
565	1650361
566	1651665
567	-1
568	1652969
569	1654273
570	1655577
571	-1
572	1656881
573	1658185
574	1659489
575	-1
576	1660793
577	1662097
578	1663401
579	1664705
580	-1
581	1666009
582	1667313
583	1668617
584	-1
585	1669921
586	1671225
587	1672529
588	-1
589	1673833
590	1675137
591	1676441
592	-1
593	1677745
594	1679049
595	1680353
596	1681657
597	-1
598	1682961
599	1684265
600	1685569
601	-1
602	1686873
603	1688177
604	1689481
605	-1
606	1690785
607	1692089
608	1693393
609	1694697
610	-1
611	1696001
612	1697305
613	1698609
614	-1
615	1699913
616	1701217
617	1702521
618	-1
619	1703825
620	1705129
621	1706433
622	-1
623	1707737
624	1709041
625	1710345
626	1711649
627	-1
628	1712953
629	1714257
630	1715561
631	-1
632	1716865
633	1718169
634	1719473
635	-1
636	1720777
637	1722081
638	1723385
639	1724689
640	-1
641	1725993
642	1727297
643	1728601
644	-1
645	1729905
646	1731209
647	1732513
648	-1
649	1733817
650	1735121
651	1736425
652	-1
653	1737729
654	1739033
655	1740337
656	1741641
657	-1
658	1742945
659	1744249
660	1745553
661	-1
662	1746857
663	1748161
664	1749465
665	-1
666	1750769
667	1752073
668	1753377
669	1754681
670	-1
671	1755985
672	1757289
673	1758593
674	-1
675	1759897
676	1761201
677	1762505
678	-1
679	1763809
680	1765113
681	1766417
682	1767721
683	-1
684	1769025
685	1770329
686	1771633
687	-1
688	1772937
689	1774241
690	1775545
691	-1
692	1776849
693	1778153
694	1779457
695	-1
696	1780761
697	1782065
698	1783369
699	1784673
700	-1
701	1785977
702	1787281
703	1788585
704	-1
705	1789889
706	1791193
707	1792497
708	-1
709	1793801
710	1795105
711	1796409
712	1797713
713	-1
714	1799017
715	1800321
716	1801625
717	-1
718	1802929
719	1804233
720	1805537
721	-1
722	1806841
723	1808145
724	1809449
725	-1
726	1810753
727	1812057
728	1813361
729	1814665
730	-1
731	1815969
732	1817273
733	1818577
734	-1
735	1819881
736	1821185
737	1822489
738	-1
739	1823793
740	1825097
741	1826401
742	1827705
743	-1
744	1829009
745	1830313
746	1831617
747	-1
748	1832921
749	1834225
750	1835529
751	-1
752	1836833
753	1838137
754	1839441
755	-1
756	1840745
757	1842049
758	1843353
759	1844657
760	-1
761	1845961
762	1847265
763	1848569
764	-1
765	1849873
766	1851177
767	1852481
768	-1
769	1853785
770	1855089
771	1856393
772	1857697
773	-1
774	1859001
775	1860305
776	1861609
777	-1
778	1862913
779	1864217
780	1865521
781	-1
782	1866825
783	1868129
784	1869433
785	-1
786	1870737
787	1872041
788	1873345
789	1874649
790	-1
791	1875953
792	1877257
793	1878561
794	-1
795	1879865
796	1881169
797	1882473
798	-1
799	1883777
800	1885081
801	1886385
802	1887689
803	-1
804	1888993
805	1890297
806	1891601
807	-1
808	1892905
809	1894209
810	1895513
811	-1
812	1896817
813	1898121
814	1899425
815	-1
816	1900729
817	1902033
818	1903337
819	1904641
820	-1
821	1905945
822	1907249
823	1908553
824	-1
825	1909857
826	1911161
827	1912465
828	-1
829	1913769
830	1915073
831	1916377
832	1917681
833	-1
834	1918985
835	1920289
836	1921593
837	-1
838	1922897
839	1924201
840	1925505
841	-1
842	1926809
843	1928113
844	1929417
845	1930721
846	-1
847	1932025
848	1933329
849	1934633
850	-1
851	1935937
852	1937241
853	1938545
854	-1
855	1939849
856	1941153
857	1942457
858	-1
859	1943761
860	1945065
861	1946369
862	1947673
863	-1
864	1948977
865	1950281
866	1951585
867	-1
868	1952889
869	1954193
870	1955497
871	-1
872	1956801
873	1958105
874	1959409
875	1960713
876	-1
877	1962017
878	1963321
879	1964625
880	-1
881	1965929
882	1967233
883	1968537
884	-1
885	1969841
886	1971145
887	1972449
888	-1
889	1973753
890	1975057
891	1976361
892	1977665
893	-1
894	1978969
895	1980273
896	1981577
897	-1
898	1982881
899	1984185
900	1985489
901	-1
902	1986793
903	1988097
904	1989401
905	1990705
906	-1
907	1992009
908	1993313
909	1994617
910	-1
911	1995921
912	1997225
913	1998529
914	-1
915	1999833
916	2001137
917	2002441
918	-1
919	2003745
920	2005049
921	2006353
922	2007657
923	-1
924	2008961
925	2010265
926	2011569
927	-1
928	2012873
929	2014177
930	2015481
931	-1
932	2016785
933	2018089
934	2019393
935	2020697
936	-1
937	2022001
938	2023305
939	2024609
940	-1
941	2025913
942	2027217
943	2028521
944	-1
945	2029825
946	2031129
947	2032433
948	-1
949	2033737
950	2035041
951	2036345
952	2037649
953	-1
954	2038953
955	2040257
956	2041561
957	-1
958	2042865
959	2044169
960	2045473
961	-1
962	2046777
963	2048081
964	2049385
965	2050689
966	-1
967	2051993
968	2053297
969	2054601
970	-1
971	2055905
972	2057209
973	2058513
974	-1
975	2059817
976	2061121
977	2062425
978	-1
979	2063729
980	2065033
981	2066337
982	2067641
983	-1
984	2068945
985	2070249
986	2071553
987	-1
988	2072857
989	2074161
990	2075465
991	-1
992	2076769
993	2078073
994	2079377
995	2080681
996	-1
997	2081985
998	2083289
999	2084593
1000	-1
1001	2085897
1002	2087201
1003	2088505
1004	-1
1005	2089809
1006	2091113
1007	2092417
1008	2093721
1009	-1
1010	2095025
1011	2096329
1012	2097633
1013	-1
1014	2098937
1015	2100241
1016	2101545
1017	-1
1018	2102849
1019	2104153
1020	2105457
1021	-1
1022	2106761
1023	2108065
1024	2109369
1025	2110673
1026	-1
1027	2111977
1028	2113281
1029	2114585
1030	-1
1031	2115889
1032	2117193
1033	2118497
1034	-1
1035	2119801
1036	2121105
1037	2122409
1038	2123713
1039	-1
1040	2125017
1041	2126321
1042	2127625
1043	-1
1044	2128929
1045	2130233
1046	2131537
1047	-1
1048	2132841
1049	2134145
1050	2135449
1051	-1
1052	2136753
1053	2138057
1054	2139361
1055	2140665
1056	-1
1057	2141969
1058	2143273
1059	2144577
1060	-1
1061	2145881
1062	2147185
1063	2148489
1064	-1
1065	2149793
1066	2151097
1067	2152401
1068	2153705
1069	-1
1070	2155009
1071	2156313
1072	2157617
1073	-1
1074	2158921
1075	2160225
1076	2161529
1077	-1
1078	2162833
1079	2164137
1080	2165441
1081	-1
1082	2166745
1083	2168049
1084	2169353
1085	2170657
1086	-1
1087	2171961
1088	2173265
1089	2174569
1090	-1
1091	2175873
1092	2177177
1093	2178481
1094	-1
1095	2179785
1096	2181089
1097	2182393
1098	2183697
1099	-1
1100	2185001
1101	2186305
1102	2187609
1103	-1
1104	2188913
1105	2190217
1106	2191521
1107	-1
1108	2192825
1109	2194129
1110	2195433
1111	-1
1112	2196737
1113	2198041
1114	2199345
1115	2200649
1116	-1
1117	2201953
1118	2203257
1119	2204561
1120	-1
1121	2205865
1122	2207169
1123	2208473
1124	-1
1125	2209777
1126	2211081
1127	2212385
1128	2213689
1129	-1
1130	2214993
1131	2216297
1132	2217601
1133	-1
1134	2218905
1135	2220209
1136	2221513
1137	-1
1138	2222817
1139	2224121
1140	2225425
1141	-1
1142	2226729
1143	2228033
1144	2229337
1145	2230641
1146	-1
1147	2231945
1148	2233249
1149	2234553
1150	-1
1151	2235857
1152	2237161
1153	2238465
1154	-1
1155	2239769
1156	2241073
1157	2242377
1158	2243681
1159	-1
1160	2244985
1161	2246289
1162	2247593
1163	-1
1164	2248897
1165	2250201
1166	2251505
1167	-1
1168	2252809
1169	2254113
1170	2255417
1171	2256721
1172	-1
1173	2258025
1174	2259329
1175	2260633
1176	-1
1177	2261937
1178	2263241
1179	2264545
1180	-1
1181	2265849
1182	2267153
1183	2268457
1184	-1
1185	2269761
1186	2271065
1187	2272369
1188	2273673
1189	-1
1190	2274977
1191	2276281
1192	2277585
1193	-1
1194	2278889
1195	2280193
1196	2281497
1197	-1
1198	2282801
1199	2284105
1200	2285409
1201	2286713
1202	-1
1203	2288017
1204	2289321
1205	2290625
1206	-1
1207	2291929
1208	2293233
1209	2294537
1210	-1
1211	2295841
1212	2297145
1213	2298449
1214	-1
1215	2299753
1216	2301057
1217	2302361
1218	2303665
1219	-1
1220	2304969
1221	2306273
1222	2307577
1223	-1
1224	2308881
1225	2310185
1226	2311489
1227	-1
1228	2312793
1229	2314097
1230	2315401
1231	2316705
1232	-1
1233	2318009
1234	2319313
1235	2320617
1236	-1
1237	2321921
1238	2323225
1239	2324529
1240	-1
1241	2325833
1242	2327137
1243	2328441
1244	-1
1245	2329745
1246	2331049
1247	2332353
1248	2333657
1249	-1
1250	2334961
1251	2336265
1252	2337569
1253	-1
1254	2338873
1255	2340177
1256	2341481
1257	-1
1258	2342785
1259	2344089
1260	2345393
1261	2346697
1262	-1
1263	2348001
1264	2349305
1265	2350609
1266	-1
1267	2351913
1268	2353217
1269	2354521
1270	-1
1271	2355825
1272	2357129
1273	2358433
1274	-1
1275	2359737
1276	2361041
1277	2362345
1278	2363649
1279	-1
1280	2364953
1281	2366257
1282	2367561
1283	-1
1284	2368865
1285	2370169
1286	2371473
1287	-1
1288	2372777
1289	2374081
1290	2375385
1291	2376689
1292	-1
1293	2377993
1294	2379297
1295	2380601
1296	-1
1297	2381905
1298	2383209
1299	2384513
1300	-1
1301	2385817
1302	2387121
1303	2388425
1304	-1
1305	2389729
1306	2391033
1307	2392337
1308	2393641
1309	-1
1310	2394945
1311	2396249
1312	2397553
1313	-1
1314	2398857
1315	2400161
1316	2401465
1317	-1
1318	2402769
1319	2404073
1320	2405377
1321	2406681
1322	-1
1323	2407985
1324	2409289
1325	2410593
1326	-1
1327	2411897
1328	2413201
1329	2414505
1330	-1
1331	2415809
1332	2417113
1333	2418417
1334	2419721
1335	-1
1336	2421025
1337	2422329
1338	2423633
1339	-1
1340	2424937
1341	2426241
1342	2427545
1343	-1
1344	2428849
1345	2430153
1346	2431457
1347	-1
1348	2432761
1349	2434065
1350	2435369
1351	2436673
1352	-1
1353	2437977
1354	2439281
1355	2440585
1356	-1
1357	2441889
1358	2443193
1359	2444497
1360	-1
1361	2445801
1362	2447105
1363	2448409
1364	2449713
1365	-1
1366	2451017
1367	2452321
1368	2453625
1369	-1
1370	2454929
1371	2456233
1372	2457537
1373	-1
1374	2458841
1375	2460145
1376	2461449
1377	-1
1378	2462753
1379	2464057
1380	2465361
1381	2466665
1382	-1
1383	2467969
1384	2469273
1385	2470577
1386	-1
1387	2471881
1388	2473185
1389	2474489
1390	-1
1391	2475793
1392	2477097
1393	2478401
1394	2479705
1395	-1
1396	2481009
1397	2482313
1398	2483617
1399	-1
1400	2484921
1401	2486225
1402	2487529
1403	-1
1404	2488833
1405	2490137
1406	2491441
1407	-1
1408	2492745
1409	2494049
1410	2495353
1411	2496657
1412	-1
1413	2497961
1414	2499265
1415	2500569
1416	-1
1417	2501873
1418	2503177
1419	2504481
1420	-1
1421	2505785
1422	2507089
1423	2508393
1424	2509697
1425	-1
1426	2511001
1427	2512305
1428	2513609
1429	-1
1430	2514913
1431	2516217
1432	2517521
1433	-1
1434	2518825
1435	2520129
1436	2521433
1437	-1
1438	2522737
1439	2524041
1440	2525345
1441	2526649
1442	-1
1443	2527953
1444	2529257
1445	2530561
1446	-1
1447	2531865
1448	2533169
1449	2534473
1450	-1
1451	2535777
1452	2537081
1453	2538385
1454	2539689
1455	-1
1456	2540993
1457	2542297
1458	2543601
1459	-1
1460	2544905
1461	2546209
1462	2547513
1463	-1
1464	2548817
1465	2550121
1466	2551425
1467	-1
1468	2552729
1469	2554033
1470	2555337
1471	2556641
1472	-1
1473	2557945
1474	2559249
1475	2560553
1476	-1
1477	2561857
1478	2563161
1479	2564465
1480	-1
1481	2565769
1482	2567073
1483	2568377
1484	2569681
1485	-1
1486	2570985
1487	2572289
1488	2573593
1489	-1
1490	2574897
1491	2576201
1492	2577505
1493	-1
1494	2578809
1495	2580113
1496	2581417
1497	2582721
1498	-1
1499	2584025
1500	2585329
1501	2586633
1502	-1
1503	2587937
1504	2589241
1505	2590545
1506	-1
1507	2591849
1508	2593153
1509	2594457
1510	-1
1511	2595761
1512	2597065
1513	2598369
1514	2599673
1515	-1
1516	2600977
1517	2602281
1518	2603585
1519	-1
1520	2604889
1521	2606193
1522	2607497
1523	-1
1524	2608801
1525	2610105
1526	2611409
1527	2612713
1528	-1
1529	2614017
1530	2615321
1531	2616625
1532	-1
1533	2617929
1534	2619233
1535	2620537
1536	-1
1537	2621841
1538	2623145
1539	2624449
1540	-1
1541	2625753
1542	2627057
1543	2628361
1544	2629665
1545	-1
1546	2630969
1547	2632273
1548	2633577
1549	-1
1550	2634881
1551	2636185
1552	2637489
1553	-1
1554	2638793
1555	2640097
1556	2641401
1557	2642705
1558	-1
1559	2644009
1560	2645313
1561	2646617
1562	-1
1563	2647921
1564	2649225
1565	2650529
1566	-1
1567	2651833
1568	2653137
1569	2654441
1570	-1
1571	2655745
1572	2657049
1573	2658353
1574	2659657
1575	-1
1576	2660961
1577	2662265
1578	2663569
1579	-1
1580	2664873
1581	2666177
1582	2667481
1583	-1
1584	2668785
1585	2670089
1586	2671393
1587	2672697
1588	-1
1589	2674001
1590	2675305
1591	2676609
1592	-1
1593	2677913
1594	2679217
1595	2680521
1596	-1
1597	2681825
1598	2683129
1599	2684433
1600	-1
1601	2685737
1602	2687041
1603	2688345
1604	2689649
1605	-1
1606	2690953
1607	2692257
1608	2693561
1609	-1
1610	2694865
1611	2696169
1612	2697473
1613	-1
1614	2698777
1615	2700081
1616	2701385
1617	2702689
1618	-1
1619	2703993
1620	2705297
1621	2706601
1622	-1
1623	2707905
1624	2709209
1625	2710513
1626	-1
1627	2711817
1628	2713121
1629	2714425
1630	-1
1631	2715729
1632	2717033
1633	2718337
1634	2719641
1635	-1
1636	2720945
1637	2722249
1638	2723553
1639	-1
1640	2724857
1641	2726161
1642	2727465
1643	-1
1644	2728769
1645	2730073
1646	2731377
1647	2732681
1648	-1
1649	2733985
1650	2735289
1651	2736593
1652	-1
1653	2737897
1654	2739201
1655	2740505
1656	-1
1657	2741809
1658	2743113
1659	2744417
1660	2745721
1661	-1
1662	2747025
1663	2748329
1664	2749633
1665	-1
1666	2750937
1667	2752241
1668	2753545
1669	-1
1670	2754849
1671	2756153
1672	2757457
1673	-1
1674	2758761
1675	2760065
1676	2761369
1677	2762673
1678	-1
1679	2763977
1680	2765281
1681	2766585
1682	-1
1683	2767889
1684	2769193
1685	2770497
1686	-1
1687	2771801
1688	2773105
1689	2774409
1690	2775713
1691	-1
1692	2777017
1693	2778321
1694	2779625
1695	-1
1696	2780929
1697	2782233
1698	2783537
1699	-1
1700	2784841
1701	2786145
1702	2787449
1703	-1
1704	2788753
1705	2790057
1706	2791361
1707	2792665
1708	-1
1709	2793969
1710	2795273
1711	2796577
1712	-1
1713	2797881
1714	2799185
1715	2800489
1716	-1
1717	2801793
1718	2803097
1719	2804401
1720	2805705
1721	-1
1722	2807009
1723	2808313
1724	2809617
1725	-1
1726	2810921
1727	2812225
1728	2813529
1729	-1
1730	2814833
1731	2816137
1732	2817441
1733	-1
1734	2818745
1735	2820049
1736	2821353
1737	2822657
1738	-1
1739	2823961
1740	2825265
1741	2826569
1742	-1
1743	2827873
1744	2829177
1745	2830481
1746	-1
1747	2831785
1748	2833089
1749	2834393
1750	2835697
1751	-1
1752	2837001
1753	2838305
1754	2839609
1755	-1
1756	2840913
1757	2842217
1758	2843521
1759	-1
1760	2844825
1761	2846129
1762	2847433
1763	-1
1764	2848737
1765	2850041
1766	2851345
1767	2852649
1768	-1
1769	2853953
1770	2855257
1771	2856561
1772	-1
1773	2857865
1774	2859169
1775	2860473
1776	-1
1777	2861777
1778	2863081
1779	2864385
1780	2865689
1781	-1
1782	2866993
1783	2868297
1784	2869601
1785	-1
1786	2870905
1787	2872209
1788	2873513
1789	-1
1790	2874817
1791	2876121
1792	2877425
1793	-1
1794	2878729
1795	2880033
1796	2881337
1797	2882641
1798	-1
1799	2883945
1800	2885249
1801	2886553
1802	-1
1803	2887857
1804	2889161
1805	2890465
1806	-1
1807	2891769
1808	2893073
1809	2894377
1810	2895681
1811	-1
1812	2896985
1813	2898289
1814	2899593
1815	-1
1816	2900897
1817	2902201
1818	2903505
1819	-1
1820	2904809
1821	2906113
1822	2907417
1823	2908721
1824	-1
1825	2910025
1826	2911329
1827	2912633
1828	-1
1829	2913937
1830	2915241
1831	2916545
1832	-1
1833	2917849
1834	2919153
1835	2920457
1836	-1
1837	2921761
1838	2923065
1839	2924369
1840	2925673
1841	-1
1842	2926977
1843	2928281
1844	2929585
1845	-1
1846	2930889
1847	2932193
1848	2933497
1849	-1
1850	2934801
1851	2936105
1852	2937409
1853	2938713
1854	-1
1855	2940017
1856	2941321
1857	2942625
1858	-1
1859	2943929
1860	2945233
1861	2946537
1862	-1
1863	2947841
1864	2949145
1865	2950449
1866	-1
1867	2951753
1868	2953057
1869	2954361
1870	2955665
1871	-1
1872	2956969
1873	2958273
1874	2959577
1875	-1
1876	2960881
1877	2962185
1878	2963489
1879	-1
1880	2964793
1881	2966097
1882	2967401
1883	2968705
1884	-1
1885	2970009
1886	2971313
1887	2972617
1888	-1
1889	2973921
1890	2975225
1891	2976529
1892	-1
1893	2977833
1894	2979137
1895	2980441
1896	-1
1897	2981745
1898	2983049
1899	2984353
1900	2985657
1901	-1
1902	2986961
1903	2988265
1904	2989569
1905	-1
1906	2990873
1907	2992177
1908	2993481
1909	-1
1910	2994785
1911	2996089
1912	2997393
1913	2998697
1914	-1
1915	3000001
1916	3001305
1917	3002609
1918	-1
1919	3003913
1920	3005217
1921	3006521
1922	-1
1923	3007825
1924	3009129
1925	3010433
1926	-1
1927	3011737
1928	3013041
1929	3014345
1930	3015649
1931	-1
1932	3016953
1933	3018257
1934	3019561
1935	-1
1936	3020865
1937	3022169
1938	3023473
1939	-1
1940	3024777
1941	3026081
1942	3027385
1943	3028689
1944	-1
1945	3029993
1946	3031297
1947	3032601
1948	-1
1949	3033905
1950	3035209
1951	3036513
1952	-1
1953	3037817
1954	3039121
1955	3040425
1956	-1
1957	3041729
1958	3043033
1959	3044337
1960	3045641
1961	-1
1962	3046945
1963	3048249
1964	3049553
1965	-1
1966	3050857
1967	3052161
1968	3053465
1969	-1
1970	3054769
1971	3056073
1972	3057377
1973	3058681
1974	-1
1975	3059985
1976	3061289
1977	3062593
1978	-1
1979	3063897
1980	3065201
1981	3066505
1982	-1
1983	3067809
1984	3069113
1985	3070417
1986	3071721
1987	-1
1988	3073025
1989	3074329
1990	3075633
1991	-1
1992	3076937
1993	3078241
1994	3079545
1995	-1
1996	3080849
1997	3082153
1998	3083457
1999	-1
2000	3084761
2001	3086065
2002	3087369
2003	3088673
2004	-1
2005	3089977
2006	3091281
2007	3092585
2008	-1
2009	3093889
2010	3095193
2011	3096497
2012	-1
2013	3097801
2014	3099105
2015	3100409
2016	3101713
2017	-1
2018	3103017
2019	3104321
2020	3105625
2021	-1
2022	3106929
2023	3108233
2024	3109537
2025	-1
2026	3110841
2027	3112145
2028	3113449
2029	-1
2030	3114753
2031	3116057
2032	3117361
2033	3118665
2034	-1
2035	3119969
2036	3121273
2037	3122577
2038	-1
2039	3123881
2040	3125185
2041	3126489
2042	-1
2043	3127793
2044	3129097
2045	3130401
2046	3131705
2047	-1
2048	3133009
2049	3134313
2050	3135617
2051	-1
2052	3136921
2053	3138225
2054	3139529
2055	-1
2056	3140833
2057	3142137
2058	3143441
2059	-1
2060	3144745
2061	3146049
2062	3147353
2063	3148657
2064	-1
2065	3149961
2066	3151265
2067	3152569
2068	-1
2069	3153873
2070	3155177
2071	3156481
2072	-1
2073	3157785
2074	3159089
2075	3160393
2076	3161697
2077	-1
2078	3163001
2079	3164305
2080	3165609
2081	-1
2082	3166913
2083	3168217
2084	3169521
2085	-1
2086	3170825
2087	3172129
2088	3173433
2089	-1
2090	3174737
2091	3176041
2092	3177345
2093	3178649
2094	-1
2095	3179953
2096	3181257
2097	3182561
2098	-1
2099	3183865
2100	3185169
2101	3186473
2102	-1
2103	3187777
2104	3189081
2105	3190385
2106	3191689
2107	-1
2108	3192993
2109	3194297
2110	3195601
2111	-1
2112	3196905
2113	3198209
2114	3199513
2115	-1
2116	3200817
2117	3202121
2118	3203425
2119	-1
2120	3204729
2121	3206033
2122	3207337
2123	3208641
2124	-1
2125	3209945
2126	3211249
2127	3212553
2128	-1
2129	3213857
2130	3215161
2131	3216465
2132	-1
2133	3217769
2134	3219073
2135	3220377
2136	3221681
2137	-1
2138	3222985
2139	3224289
2140	3225593
2141	-1
2142	3226897
2143	3228201
2144	3229505
2145	-1
2146	3230809
2147	3232113
2148	3233417
2149	3234721
2150	-1
2151	3236025
2152	3237329
2153	3238633
2154	-1
2155	3239937
2156	3241241
2157	3242545
2158	-1
2159	3243849
2160	3245153
2161	3246457
2162	-1
2163	3247761
2164	3249065
2165	3250369
2166	3251673
2167	-1
2168	3252977
2169	3254281
2170	3255585
2171	-1
2172	3256889
2173	3258193
2174	3259497
2175	-1
2176	3260801
2177	3262105
2178	3263409
2179	3264713
2180	-1
2181	3266017
2182	3267321
2183	3268625
2184	-1
2185	3269929
2186	3271233
2187	3272537
2188	-1
2189	3273841
2190	3275145
2191	3276449
2192	-1
2193	3277753
2194	3279057
2195	3280361
2196	3281665
2197	-1
2198	3282969
2199	3284273
2200	3285577
2201	-1
2202	3286881
2203	3288185
2204	3289489
2205	-1
2206	3290793
2207	3292097
2208	3293401
2209	3294705
2210	-1
2211	3296009
2212	3297313
2213	3298617
2214	-1
2215	3299921
2216	3301225
2217	3302529
2218	-1
2219	3303833
2220	3305137
2221	3306441
2222	-1
2223	3307745
2224	3309049
2225	3310353
2226	3311657
2227	-1
2228	3312961
2229	3314265
2230	3315569
2231	-1
2232	3316873
2233	3318177
2234	3319481
2235	-1
2236	3320785
2237	3322089
2238	3323393
2239	3324697
2240	-1
2241	3326001
2242	3327305
2243	3328609
2244	-1
2245	3329913
2246	3331217
2247	3332521
2248	-1
2249	3333825
2250	3335129
2251	3336433
2252	-1
2253	3337737
2254	3339041
2255	3340345
2256	3341649
2257	-1
2258	3342953
2259	3344257
2260	3345561
2261	-1
2262	3346865
2263	3348169
2264	3349473
2265	-1
2266	3350777
2267	3352081
2268	3353385
2269	3354689
2270	-1
2271	3355993
2272	3357297
2273	3358601
2274	-1
2275	3359905
2276	3361209
2277	3362513
2278	-1
2279	3363817
2280	3365121
2281	3366425
2282	-1
2283	3367729
2284	3369033
2285	3370337
2286	3371641
2287	-1
2288	3372945
2289	3374249
2290	3375553
2291	-1
2292	3376857
2293	3378161
2294	3379465
2295	-1
2296	3380769
2297	3382073
2298	3383377
2299	3384681
2300	-1
2301	3385985
2302	3387289
2303	3388593
2304	-1
2305	3389897
2306	3391201
2307	3392505
2308	-1
2309	3393809
2310	3395113
2311	3396417
2312	3397721
2313	-1
2314	3399025
2315	3400329
2316	3401633
2317	-1
2318	3402937
2319	3404241
2320	3405545
2321	-1
2322	3406849
2323	3408153
2324	3409457
2325	-1
2326	3410761
2327	3412065
2328	3413369
2329	3414673
2330	-1
2331	3415977
2332	3417281
2333	3418585
2334	-1
2335	3419889
2336	3421193
2337	3422497
2338	-1
2339	3423801
2340	3425105
2341	3426409
2342	3427713
2343	-1
2344	3429017
2345	3430321
2346	3431625
2347	-1
2348	3432929
2349	3434233
2350	3435537
2351	-1
2352	3436841
2353	3438145
2354	3439449
2355	-1
2356	3440753
2357	3442057
2358	3443361
2359	3444665
2360	-1
2361	3445969
2362	3447273
2363	3448577
2364	-1
2365	3449881
2366	3451185
2367	3452489
2368	-1
2369	3453793
2370	3455097
2371	3456401
2372	3457705
2373	-1
2374	3459009
2375	3460313
2376	3461617
2377	-1
2378	3462921
2379	3464225
2380	3465529
2381	-1
2382	3466833
2383	3468137
2384	3469441
2385	-1
2386	3470745
2387	3472049
2388	3473353
2389	3474657
2390	-1
2391	3475961
2392	3477265
2393	3478569
2394	-1
2395	3479873
2396	3481177
2397	3482481
2398	-1
2399	3483785
2400	3485089
2401	3486393
2402	3487697
2403	-1
2404	3489001
2405	3490305
2406	3491609
2407	-1
2408	3492913
2409	3494217
2410	3495521
2411	-1
2412	3496825
2413	3498129
2414	3499433
2415	-1
2416	3500737
2417	3502041
2418	3503345
2419	3504649
2420	-1
2421	3505953
2422	3507257
2423	3508561
2424	-1
2425	3509865
2426	3511169
2427	3512473
2428	-1
2429	3513777
2430	3515081
2431	3516385
2432	3517689
2433	-1
2434	3518993
2435	3520297
2436	3521601
2437	-1
2438	3522905
2439	3524209
2440	3525513
2441	-1
2442	3526817
2443	3528121
2444	3529425
2445	-1
2446	3530729
2447	3532033
2448	3533337
2449	3534641
2450	-1
2451	3535945
2452	3537249
2453	3538553
2454	-1
2455	3539857
2456	3541161
2457	3542465
2458	-1
2459	3543769
2460	3545073
2461	3546377
2462	3547681
2463	-1
2464	3548985
2465	3550289
2466	3551593
2467	-1
2468	3552897
2469	3554201
2470	3555505
2471	-1
2472	3556809
2473	3558113
2474	3559417
2475	3560721
2476	-1
2477	3562025
2478	3563329
2479	3564633
2480	-1
2481	3565937
2482	3567241
2483	3568545
2484	-1
2485	3569849
2486	3571153
2487	3572457
2488	-1
2489	3573761
2490	3575065
2491	3576369
2492	3577673
2493	-1
2494	3578977
2495	3580281
2496	3581585
2497	-1
2498	3582889
2499	3584193
2500	3585497
2501	-1
2502	3586801
2503	3588105
2504	3589409
2505	3590713
2506	-1
2507	3592017
2508	3593321
2509	3594625
2510	-1
2511	3595929
2512	3597233
2513	3598537
2514	-1
2515	3599841
2516	3601145
2517	3602449
2518	-1
2519	3603753
2520	3605057
2521	3606361
2522	3607665
2523	-1
2524	3608969
2525	3610273
2526	3611577
2527	-1
2528	3612881
2529	3614185
2530	3615489
2531	-1
2532	3616793
2533	3618097
2534	3619401
2535	3620705
2536	-1
2537	3622009
2538	3623313
2539	3624617
2540	-1
2541	3625921
2542	3627225
2543	3628529
2544	-1
2545	3629833
2546	3631137
2547	3632441
2548	-1
2549	3633745
2550	3635049
2551	3636353
2552	3637657
2553	-1
2554	3638961
2555	3640265
2556	3641569
2557	-1
2558	3642873
2559	3644177
2560	3645481
2561	-1
2562	3646785
2563	3648089
2564	3649393
2565	3650697
2566	-1
2567	3652001
2568	3653305
2569	3654609
2570	-1
2571	3655913
2572	3657217
2573	3658521
2574	-1
2575	3659825
2576	3661129
2577	3662433
2578	-1
2579	3663737
2580	3665041
2581	3666345
2582	3667649
2583	-1
2584	3668953
2585	3670257
2586	3671561
2587	-1
2588	3672865
2589	3674169
2590	3675473
2591	-1
2592	3676777
2593	3678081
2594	3679385
2595	3680689
2596	-1
2597	3681993
2598	3683297
2599	3684601
2600	-1
2601	3685905
2602	3687209
2603	3688513
2604	-1
2605	3689817
2606	3691121
2607	3692425
2608	-1
2609	3693729
2610	3695033
2611	3696337
2612	3697641
2613	-1
2614	3698945
2615	3700249
2616	3701553
2617	-1
2618	3702857
2619	3704161
2620	3705465
2621	-1
2622	3706769
2623	3708073
2624	3709377
2625	3710681
2626	-1
2627	3711985
2628	3713289
2629	3714593
2630	-1
2631	3715897
2632	3717201
2633	3718505
2634	-1
2635	3719809
2636	3721113
2637	3722417
2638	3723721
2639	-1
2640	3725025
2641	3726329
2642	3727633
2643	-1
2644	3728937
2645	3730241
2646	3731545
2647	-1
2648	3732849
2649	3734153
2650	3735457
2651	-1
2652	3736761
2653	3738065
2654	3739369
2655	3740673
2656	-1
2657	3741977
2658	3743281
2659	3744585
2660	-1
2661	3745889
2662	3747193
2663	3748497
2664	-1
2665	3749801
2666	3751105
2667	3752409
2668	3753713
2669	-1
2670	3755017
2671	3756321
2672	3757625
2673	-1
2674	3758929
2675	3760233
2676	3761537
2677	-1
2678	3762841
2679	3764145
2680	3765449
2681	-1
2682	3766753
2683	3768057
2684	3769361
2685	3770665
2686	-1
2687	3771969
2688	3773273
2689	3774577
2690	-1
2691	3775881
2692	3777185
2693	3778489
2694	-1
2695	3779793
2696	3781097
2697	3782401
2698	3783705
2699	-1
2700	3785009
2701	3786313
2702	3787617
2703	-1
2704	3788921
2705	3790225
2706	3791529
2707	-1
2708	3792833
2709	3794137
2710	3795441
2711	-1
2712	3796745
2713	3798049
2714	3799353
2715	3800657
2716	-1
2717	3801961
2718	3803265
2719	3804569
2720	-1
2721	3805873
2722	3807177
2723	3808481
2724	-1
2725	3809785
2726	3811089
2727	3812393
2728	3813697
2729	-1
2730	3815001
2731	3816305
2732	3817609
2733	-1
2734	3818913
2735	3820217
2736	3821521
2737	-1
2738	3822825
2739	3824129
2740	3825433
2741	-1
2742	3826737
2743	3828041
2744	3829345
2745	3830649
2746	-1
2747	3831953
2748	3833257
2749	3834561
2750	-1
2751	3835865
2752	3837169
2753	3838473
2754	-1
2755	3839777
2756	3841081
2757	3842385
2758	3843689
2759	-1
2760	3844993
2761	3846297
2762	3847601
2763	-1
2764	3848905
2765	3850209
2766	3851513
2767	-1
2768	3852817
2769	3854121
2770	3855425
2771	-1
2772	3856729
2773	3858033
2774	3859337
2775	3860641
2776	-1
2777	3861945
2778	3863249
2779	3864553
2780	-1
2781	3865857
2782	3867161
2783	3868465
2784	-1
2785	3869769
2786	3871073
2787	3872377
2788	3873681
2789	-1
2790	3874985
2791	3876289
2792	3877593
2793	-1
2794	3878897
2795	3880201
2796	3881505
2797	-1
2798	3882809
2799	3884113
2800	-1
2801	3885473
2802	-1
2803	3886777
2804	3888081
2805	3889385
2806	-1
2807	3890689
2808	3891993
2809	3893297
2810	-1
2811	3894601
2812	3895905
2813	3897209
2814	-1
2815	3898513
2816	3899817
2817	3901121
2818	3902425
2819	-1
2820	3903729
2821	3905033
2822	3906337
2823	-1
2824	3907641
2825	3908945
2826	3910249
2827	-1
2828	3911553
2829	3912857
2830	3914161
2831	3915465
2832	-1
2833	3916769
2834	3918073
2835	3919377
2836	-1
2837	3920681
2838	3921985
2839	3923289
2840	-1
2841	3924593
2842	3925897
2843	3927201
2844	-1
2845	3928505
2846	3929809
2847	3931113
2848	3932417
2849	-1
2850	3933721
2851	3935025
2852	3936329
2853	-1
2854	3937633
2855	3938937
2856	3940241
2857	-1
2858	3941545
2859	3942849
2860	3944153
2861	3945457
2862	-1
2863	3946761
2864	3948065
2865	3949369
2866	-1
2867	3950673
2868	3951977
2869	3953281
2870	-1
2871	3954585
2872	3955889
2873	3957193
2874	-1
2875	3958497
2876	3959801
2877	3961105
2878	3962409
2879	3963713
2880	3965017
2881	3966321
2882	3967625
2883	-1
2884	3968929
2885	3970233
2886	3971537
2887	-1
2888	3972841
2889	3974145
2890	3975449
2891	-1
2892	3976753
2893	3978057
2894	3979361
2895	3980665
2896	-1
2897	3981969
2898	3983273
2899	3984577
2900	-1
2901	3985881
2902	3987185
2903	3988489
2904	-1
2905	3989793
2906	3991097
2907	3992401
2908	3993705
2909	-1
2910	3995009
2911	3996313
2912	3997617
2913	-1
2914	3998921
2915	4000225
2916	4001529
2917	-1
2918	4002833
2919	4004137
2920	4005441
2921	-1
2922	4006745
2923	4008049
2924	4009353
2925	4010657
2926	-1
2927	4011961
2928	4013265
2929	4014569
2930	-1
2931	4015873
2932	4017177
2933	4018481
2934	-1
2935	4019785
2936	4021089
2937	4022393
2938	4023697
2939	-1
2940	4025001
2941	4026305
2942	4027609
2943	-1
2944	4028913
2945	4030217
2946	4031521
2947	-1
2948	4032825
2949	4034129
2950	4035433
2951	-1
2952	4036737
2953	4038041
2954	4039345
2955	4040649
2956	-1
2957	4041953
2958	4043257
2959	4044561
2960	-1
2961	4045865
2962	4047169
2963	4048473
2964	-1
2965	4049777
2966	4051081
2967	4052385
2968	4053689
2969	-1
2970	4054993
2971	4056297
2972	4057601
2973	-1
2974	4058905
2975	4060209
2976	4061513
2977	-1
2978	4062817
2979	4064121
2980	4065425
2981	-1
2982	4066729
2983	4068033
2984	4069337
2985	4070641
2986	-1
2987	4071945
2988	4073249
2989	4074553
2990	-1
2991	4075857
2992	4077161
2993	4078465
2994	-1
2995	4079769
2996	4081073
2997	4082377
2998	4083681
2999	-1
3000	4084985
3001	4086289
3002	4087593
3003	-1
3004	4088897
3005	4090201
3006	4091505
3007	-1
3008	4092809
3009	4094113
3010	4095417
3011	4096721
3012	-1
3013	4098025
3014	4099329
3015	4100633
3016	-1
3017	4101937
3018	4103241
3019	4104545
3020	-1
3021	4105849
3022	4107153
3023	4108457
3024	-1
3025	4109761
3026	4111065
3027	4112369
3028	4113673
3029	-1
3030	4114977
3031	4116281
3032	4117585
3033	-1
3034	4118889
3035	4120193
3036	4121497
3037	-1
3038	4122801
3039	4124105
3040	4125409
3041	4126713
3042	-1
3043	4128017
3044	4129321
3045	4130625
3046	-1
3047	4131929
3048	4133233
3049	4134537
3050	-1
3051	4135841
3052	4137145
3053	4138449
3054	-1
3055	4139753
3056	4141057
3057	4142361
3058	4143665
3059	-1
3060	4144969
3061	4146273
3062	4147577
3063	-1
3064	4148881
3065	4150185
3066	4151489
3067	-1
3068	4152793
3069	4154097
3070	4155401
3071	4156705
3072	-1
3073	4158009
3074	4159313
3075	4160617
3076	-1
3077	4161921
3078	4163225
3079	4164529
3080	-1
3081	4165833
3082	4167137
3083	4168441
3084	-1
3085	4169745
3086	4171049
3087	4172353
3088	4173657
3089	-1
3090	4174961
3091	4176265
3092	4177569
3093	-1
3094	4178873
3095	4180177
3096	4181481
3097	-1
3098	4182785
3099	4184089
3100	4185393
3101	4186697
3102	-1
3103	4188001
3104	4189305
3105	4190609
3106	-1
3107	4191913
3108	4193217
3109	4194521
3110	-1
3111	4195825
3112	4197129
3113	4198433
3114	-1
3115	4199737
3116	4201041
3117	4202345
3118	4203649
3119	-1
3120	4204953
3121	4206257
3122	4207561
3123	-1
3124	4208865
3125	4210169
3126	4211473
3127	-1
3128	4212777
3129	4214081
3130	4215385
3131	4216689
3132	-1
3133	4217993
3134	4219297
3135	4220601
3136	-1
3137	4221905
3138	4223209
3139	4224513
3140	-1
3141	4225817
3142	4227121
3143	4228425
3144	-1
3145	4229729
3146	4231033
3147	4232337
3148	4233641
3149	-1
3150	4234945
3151	4236249
3152	4237553
3153	-1
3154	4238857
3155	4240161
3156	4241465
3157	-1
3158	4242769
3159	4244073
3160	4245377
3161	4246681
3162	-1
3163	4247985
3164	4249289
3165	4250593
3166	-1
3167	4251897
3168	4253201
3169	4254505
3170	-1
3171	4255809
3172	4257113
3173	4258417
3174	4259721
3175	-1
3176	4261025
3177	4262329
3178	4263633
3179	-1
3180	4264937
3181	4266241
3182	4267545
3183	-1
3184	4268849
3185	4270153
3186	4271457
3187	-1
3188	4272761
3189	4274065
3190	4275369
3191	4276673
3192	-1
3193	4277977
3194	4279281
3195	4280585
3196	-1
3197	4281889
3198	4283193
3199	4284497
3200	-1
3201	4285801
3202	4287105
3203	4288409
3204	4289713
3205	-1
3206	4291017
3207	4292321
3208	4293625
3209	-1
3210	4294929
3211	4296233
3212	4297537
3213	-1
3214	4298841
3215	4300145
3216	4301449
3217	-1
3218	4302753
3219	4304057
3220	4305361
3221	4306665
3222	-1
3223	4307969
3224	4309273
3225	4310577
3226	-1
3227	4311881
3228	4313185
3229	4314489
3230	-1
3231	4315793
3232	4317097
3233	4318401
3234	4319705
3235	-1
3236	4321009
3237	4322313
3238	4323617
3239	-1
3240	4324921
3241	4326225
3242	4327529
3243	-1
3244	4328833
3245	4330137
3246	4331441
3247	-1
3248	4332745
3249	4334049
3250	4335353
3251	4336657
3252	-1
3253	4337961
3254	4339265
3255	4340569
3256	-1
3257	4341873
3258	4343177
3259	4344481
3260	-1
3261	4345785
3262	4347089
3263	4348393
3264	4349697
3265	-1
3266	4351001
3267	4352305
3268	4353609
3269	-1
3270	4354913
3271	4356217
3272	4357521
3273	-1
3274	4358825
3275	4360129
3276	4361433
3277	-1
3278	4362737
3279	4364041
3280	4365345
3281	4366649
3282	-1
3283	4367953
3284	4369257
3285	4370561
3286	-1
3287	4371865
3288	4373169
3289	4374473
3290	-1
3291	4375777
3292	4377081
3293	4378385
3294	4379689
3295	-1
3296	4380993
3297	4382297
3298	4383601
3299	-1
3300	4384905
3301	4386209
3302	4387513
3303	-1
3304	4388817
3305	4390121
3306	4391425
3307	-1
3308	4392729
3309	4394033
3310	4395337
3311	4396641
3312	-1
3313	4397945
3314	4399249
3315	4400553
3316	-1
3317	4401857
3318	4403161
3319	4404465
3320	-1
3321	4405769
3322	4407073
3323	4408377
3324	4409681
3325	-1
3326	4410985
3327	4412289
3328	4413593
3329	-1
3330	4414897
3331	4416201
3332	4417505
3333	-1
3334	4418809
3335	4420113
3336	4421417
3337	4422721
3338	-1
3339	4424025
3340	4425329
3341	4426633
3342	-1
3343	4427937
3344	4429241
3345	4430545
3346	-1
3347	4431849
3348	4433153
3349	4434457
3350	-1
3351	4435761
3352	4437065
3353	4438369
3354	4439673
3355	-1
3356	4440977
3357	4442281
3358	4443585
3359	-1
3360	4444889
3361	4446193
3362	4447497
3363	-1
3364	4448801
3365	4450105
3366	4451409
3367	4452713
3368	-1
3369	4454017
3370	4455321
3371	4456625
3372	-1
3373	4457929
3374	4459233
3375	4460537
3376	-1
3377	4461841
3378	4463145
3379	4464449
3380	-1
3381	4465753
3382	4467057
3383	4468361
3384	4469665
3385	-1
3386	4470969
3387	4472273
3388	4473577
3389	-1
3390	4474881
3391	4476185
3392	4477489
3393	-1
3394	4478793
3395	4480097
3396	4481401
3397	4482705
3398	-1
3399	4484009
3400	4485313
3401	4486617
3402	-1
3403	4487921
3404	4489225
3405	4490529
3406	-1
3407	4491833
3408	4493137
3409	4494441
3410	-1
3411	4495745
3412	4497049
3413	4498353
3414	4499657
3415	-1
3416	4500961
3417	4502265
3418	4503569
3419	-1
3420	4504873
3421	4506177
3422	4507481
3423	-1
3424	4508785
3425	4510089
3426	4511393
3427	4512697
3428	-1
3429	4514001
3430	4515305
3431	4516609
3432	-1
3433	4517913
3434	4519217
3435	4520521
3436	-1
3437	4521825
3438	4523129
3439	4524433
3440	-1
3441	4525737
3442	4527041
3443	4528345
3444	4529649
3445	-1
3446	4530953
3447	4532257
3448	4533561
3449	-1
3450	4534865
3451	4536169
3452	4537473
3453	-1
3454	4538777
3455	4540081
3456	4541385
3457	4542689
3458	-1
3459	4543993
3460	4545297
3461	4546601
3462	-1
3463	4547905
3464	4549209
3465	4550513
3466	-1
3467	4551817
3468	4553121
3469	4554425
3470	-1
3471	4555729
3472	4557033
3473	4558337
3474	4559641
3475	-1
3476	4560945
3477	4562249
3478	4563553
3479	-1
3480	4564857
3481	4566161
3482	4567465
3483	-1
3484	4568769
3485	4570073
3486	4571377
3487	4572681
3488	-1
3489	4573985
3490	4575289
3491	4576593
3492	-1
3493	4577897
3494	4579201
3495	4580505
3496	-1
3497	4581809
3498	4583113
3499	4584417
3500	4585721
3501	-1
3502	4587025
3503	4588329
3504	4589633
3505	-1
3506	4590937
3507	4592241
3508	4593545
3509	-1
3510	4594849
3511	4596153
3512	4597457
3513	-1
3514	4598761
3515	4600065
3516	4601369
3517	4602673
3518	-1
3519	4603977
3520	4605281
3521	4606585
3522	-1
3523	4607889
3524	4609193
3525	4610497
3526	-1
3527	4611801
3528	4613105
3529	4614409
3530	4615713
3531	-1
3532	4617017
3533	4618321
3534	4619625
3535	-1
3536	4620929
3537	4622233
3538	4623537
3539	-1
3540	4624841
3541	4626145
3542	4627449
3543	-1
3544	4628753
3545	4630057
3546	4631361
3547	4632665
3548	-1
3549	4633969
3550	4635273
3551	4636577
3552	-1
3553	4637881
3554	4639185
3555	4640489
3556	-1
3557	4641793
3558	4643097
3559	4644401
3560	4645705
3561	-1
3562	4647009
3563	4648313
3564	4649617
3565	-1
3566	4650921
3567	4652225
3568	4653529
3569	-1
3570	4654833
3571	4656137
3572	4657441
3573	-1
3574	4658745
3575	4660049
3576	4661353
3577	4662657
3578	-1
3579	4663961
3580	4665265
3581	4666569
3582	-1
3583	4667873
3584	4669177
3585	4670481
3586	-1
3587	4671785
3588	4673089
3589	4674393
3590	4675697
3591	-1
3592	4677001
3593	4678305
3594	4679609
3595	-1
3596	4680913
3597	4682217
3598	4683521
3599	-1
3600	4684825
3601	4686129
3602	4687433
3603	-1
3604	4688737
3605	4690041
3606	4691345
3607	4692649
3608	-1
3609	4693953
3610	4695257
3611	4696561
3612	-1
3613	4697865
3614	4699169
3615	4700473
3616	-1
3617	4701777
3618	4703081
3619	4704385
3620	4705689
3621	-1
3622	4706993
3623	4708297
3624	4709601
3625	-1
3626	4710905
3627	4712209
3628	4713513
3629	-1
3630	4714817
3631	4716121
3632	4717425
3633	-1
3634	4718729
3635	4720033
3636	4721337
3637	4722641
3638	-1
3639	4723945
3640	4725249
3641	4726553
3642	-1
3643	4727857
3644	4729161
3645	4730465
3646	-1
3647	4731769
3648	4733073
3649	4734377
3650	4735681
3651	-1
3652	4736985
3653	4738289
3654	4739593
3655	-1
3656	4740897
3657	4742201
3658	4743505
3659	-1
3660	4744809
3661	4746113
3662	4747417
3663	4748721
3664	-1
3665	4750025
3666	4751329
3667	4752633
3668	-1
3669	4753937
3670	4755241
3671	4756545
3672	-1
3673	4757849
3674	4759153
3675	4760457
3676	-1
3677	4761761
3678	4763065
3679	4764369
3680	4765673
3681	-1
3682	4766977
3683	4768281
3684	4769585
3685	-1
3686	4770889
3687	4772193
3688	4773497
3689	-1
3690	4774801
3691	4776105
3692	4777409
3693	4778713
3694	-1
3695	4780017
3696	4781321
3697	4782625
3698	-1
3699	4783929
3700	4785233
3701	4786537
3702	-1
3703	4787841
3704	4789145
3705	4790449
3706	-1
3707	4791753
3708	4793057
3709	4794361
3710	4795665
3711	-1
3712	4796969
3713	4798273
3714	4799577
3715	-1
3716	4800881
3717	4802185
3718	4803489
3719	-1
3720	4804793
3721	4806097
3722	4807401
3723	4808705
3724	-1
3725	4810009
3726	4811313
3727	4812617
3728	-1
3729	4813921
3730	4815225
3731	4816529
3732	-1
3733	4817833
3734	4819137
3735	4820441
3736	-1
3737	4821745
3738	4823049
3739	4824353
3740	4825657
3741	-1
3742	4826961
3743	4828265
3744	4829569
3745	-1
3746	4830873
3747	4832177
3748	4833481
3749	-1
3750	4834785
3751	4836089
3752	4837393
3753	4838697
3754	-1
3755	4840001
3756	4841305
3757	4842609
3758	-1
3759	4843913
3760	4845217
3761	4846521
3762	-1
3763	4847825
3764	4849129
3765	4850433
3766	-1
3767	4851737
3768	4853041
3769	4854345
3770	4855649
3771	-1
3772	4856953
3773	4858257
3774	4859561
3775	-1
3776	4860865
3777	4862169
3778	4863473
3779	-1
3780	4864777
3781	4866081
3782	4867385
3783	4868689
3784	-1
3785	4869993
3786	4871297
3787	4872601
3788	-1
3789	4873905
3790	4875209
3791	4876513
3792	-1
3793	4877817
3794	4879121
3795	4880425
3796	-1
3797	4881729
3798	4883033
3799	4884337
3800	4885641
3801	-1
3802	4886945
3803	4888249
3804	4889553
3805	-1
3806	4890857
3807	4892161
3808	4893465
3809	-1
3810	4894769
3811	4896073
3812	4897377
3813	4898681
3814	-1
3815	4899985
3816	4901289
3817	4902593
3818	-1
3819	4903897
3820	4905201
3821	4906505
3822	-1
3823	4907809
3824	4909113
3825	4910417
3826	4911721
3827	-1
3828	4913025
3829	4914329
3830	4915633
3831	-1
3832	4916937
3833	4918241
3834	4919545
3835	-1
3836	4920849
3837	4922153
3838	4923457
3839	-1
3840	4924761
3841	4926065
3842	4927369
3843	4928673
3844	-1
3845	4929977
3846	4931281
3847	4932585
3848	-1
3849	4933889
3850	4935193
3851	4936497
3852	-1
3853	4937801
3854	4939105
3855	4940409
3856	4941713
3857	-1
3858	4943017
3859	4944321
3860	4945625
3861	-1
3862	4946929
3863	4948233
3864	4949537
3865	-1
3866	4950841
3867	4952145
3868	4953449
3869	-1
3870	4954753
3871	4956057
3872	4957361
3873	4958665
3874	-1
3875	4959969
3876	4961273
3877	4962577
3878	-1
3879	4963881
3880	4965185
3881	4966489
3882	-1
3883	4967793
3884	4969097
3885	4970401
3886	4971705
3887	-1
3888	4973009
3889	4974313
3890	4975617
3891	-1
3892	4976921
3893	4978225
3894	4979529
3895	-1
3896	4980833
3897	4982137
3898	4983441
3899	-1
3900	4984745
3901	4986049
3902	4987353
3903	4988657
3904	-1
3905	4989961
3906	4991265
3907	4992569
3908	-1
3909	4993873
3910	4995177
3911	4996481
3912	-1
3913	4997785
3914	4999089
3915	5000393
3916	5001697
3917	-1
3918	5003001
3919	5004305
3920	5005609
3921	-1
3922	5006913
3923	5008217
3924	5009521
3925	-1
3926	5010825
3927	5012129
3928	5013433
3929	-1
3930	5014737
3931	5016041
3932	5017345
3933	5018649
3934	-1
3935	5019953
3936	5021257
3937	5022561
3938	-1
3939	5023865
3940	5025169
3941	5026473
3942	-1
3943	5027777
3944	5029081
3945	5030385
3946	5031689
3947	-1
3948	5032993
3949	5034297
3950	5035601
3951	-1
3952	5036905
3953	5038209
3954	5039513
3955	-1
3956	5040817
3957	5042121
3958	5043425
3959	-1
3960	5044729
3961	5046033
3962	5047337
3963	5048641
3964	-1
3965	5049945
3966	5051249
3967	5052553
3968	-1
3969	5053857
3970	5055161
3971	5056465
3972	-1
3973	5057769
3974	5059073
3975	5060377
3976	5061681
3977	-1
3978	5062985
3979	5064289
3980	5065593
3981	-1
3982	5066897
3983	5068201
3984	5069505
3985	-1
3986	5070809
3987	5072113
3988	5073417
3989	5074721
3990	-1
3991	5076025
3992	5077329
3993	5078633
3994	-1
3995	5079937
3996	5081241
3997	5082545
3998	-1
3999	5083849
4000	5085153
4001	5086457
4002	-1
4003	5087761
4004	5089065
4005	5090369
4006	5091673
4007	-1
4008	5092977
4009	5094281
4010	5095585
4011	-1
4012	5096889
4013	5098193
4014	5099497
4015	-1
4016	5100801
4017	5102105
4018	5103409
4019	5104713
4020	-1
4021	5106017
4022	5107321
4023	5108625
4024	-1
4025	5109929
4026	5111233
4027	5112537
4028	-1
4029	5113841
4030	5115145
4031	5116449
4032	-1
4033	5117753
4034	5119057
4035	5120361
4036	5121665
4037	-1
4038	5122969
4039	5124273
4040	5125577
4041	-1
4042	5126881
4043	5128185
4044	5129489
4045	-1
4046	5130793
4047	5132097
4048	5133401
4049	5134705
4050	-1
4051	5136009
4052	5137313
4053	5138617
4054	-1
4055	5139921
4056	5141225
4057	5142529
4058	-1
4059	5143833
4060	5145137
4061	5146441
4062	-1
4063	5147745
4064	5149049
4065	5150353
4066	5151657
4067	-1
4068	5152961
4069	5154265
4070	5155569
4071	-1
4072	5156873
4073	5158177
4074	5159481
4075	-1
4076	5160785
4077	5162089
4078	5163393
4079	5164697
4080	-1
4081	5166001
4082	5167305
4083	5168609
4084	-1
4085	5169913
4086	5171217
4087	5172521
4088	-1
4089	5173825
4090	5175129
4091	5176433
4092	-1
4093	5177737
4094	5179041
4095	5180345
4096	5181649
4097	-1
4098	5182953
4099	5184257
4100	5185561
4101	-1
4102	5186865
4103	5188169
4104	5189473
4105	-1
4106	5190777
4107	5192081
4108	5193385
4109	5194689
4110	-1
4111	5195993
4112	5197297
4113	5198601
4114	-1
4115	5199905
4116	5201209
4117	5202513
4118	-1
4119	5203817
4120	5205121
4121	5206425
4122	-1
4123	5207729
4124	5209033
4125	5210337
4126	5211641
4127	-1
4128	5212945
4129	5214249
4130	5215553
4131	-1
4132	5216857
4133	5218161
4134	5219465
4135	-1
4136	5220769
4137	5222073
4138	5223377
4139	5224681
4140	-1
4141	5225985
4142	5227289
4143	5228593
4144	-1
4145	5229897
4146	5231201
4147	5232505
4148	-1
4149	5233809
4150	5235113
4151	5236417
4152	5237721
4153	-1
4154	5239025
4155	5240329
4156	5241633
4157	-1
4158	5242937
4159	5244241
4160	5245545
4161	-1
4162	5246849
4163	5248153
4164	5249457
4165	-1
4166	5250761
4167	5252065
4168	5253369
4169	5254673
4170	-1
4171	5255977
4172	5257281
4173	5258585
4174	-1
4175	5259889
4176	5261193
4177	5262497
4178	-1
4179	5263801
4180	5265105
4181	5266409
4182	5267713
4183	-1
4184	5269017
4185	5270321
4186	5271625
4187	-1
4188	5272929
4189	5274233
4190	5275537
4191	-1
4192	5276841
4193	5278145
4194	5279449
4195	-1
4196	5280753
4197	5282057
4198	5283361
4199	5284665
4200	-1
4201	5285969
4202	5287273
4203	5288577
4204	-1
4205	5289881
4206	5291185
4207	5292489
4208	-1
4209	5293793
4210	5295097
4211	5296401
4212	5297705
4213	-1
4214	5299009
4215	5300313
4216	5301617
4217	-1
4218	5302921
4219	5304225
4220	5305529
4221	-1
4222	5306833
4223	5308137
4224	5309441
4225	-1
4226	5310745
4227	5312049
4228	5313353
4229	5314657
4230	-1
4231	5315961
4232	5317265
4233	5318569
4234	-1
4235	5319873
4236	5321177
4237	5322481
4238	-1
4239	5323785
4240	5325089
4241	5326393
4242	5327697
4243	-1
4244	5329001
4245	5330305
4246	5331609
4247	-1
4248	5332913
4249	5334217
4250	5335521
4251	-1
4252	5336825
4253	5338129
4254	5339433
4255	-1
4256	5340737
4257	5342041
4258	5343345
4259	5344649
4260	-1
4261	5345953
4262	5347257
4263	5348561
4264	-1
4265	5349865
4266	5351169
4267	5352473
4268	-1
4269	5353777
4270	5355081
4271	5356385
4272	5357689
4273	-1
4274	5358993
4275	5360297
4276	5361601
4277	-1
4278	5362905
4279	5364209
4280	5365513
4281	-1
4282	5366817
4283	5368121
4284	5369425
4285	-1
4286	5370729
4287	5372033
4288	5373337
4289	5374641
4290	-1
4291	5375945
4292	5377249
4293	5378553
4294	-1
4295	5379857
4296	5381161
4297	5382465
4298	-1
4299	5383769
4300	5385073
4301	5386377
4302	5387681
4303	-1
4304	5388985
4305	5390289
4306	5391593
4307	-1
4308	5392897
4309	5394201
4310	5395505
4311	-1
4312	5396809
4313	5398113
4314	5399417
4315	5400721
4316	-1
4317	5402025
4318	5403329
4319	5404633
4320	-1
4321	5405937
4322	5407241
4323	5408545
4324	-1
4325	5409849
4326	5411153
4327	5412457
4328	-1
4329	5413761
4330	5415065
4331	5416369
4332	5417673
4333	-1
4334	5418977
4335	5420281
4336	5421585
4337	-1
4338	5422889
4339	5424193
4340	5425497
4341	-1
4342	5426801
4343	5428105
4344	5429409
4345	5430713
4346	-1
4347	5432017
4348	5433321
4349	5434625
4350	-1
4351	5435929
4352	5437233
4353	5438537
4354	-1
4355	5439841
4356	5441145
4357	5442449
4358	-1
4359	5443753
4360	5445057
4361	5446361
4362	5447665
4363	-1
4364	5448969
4365	5450273
4366	5451577
4367	-1
4368	5452881
4369	5454185
4370	5455489
4371	-1
4372	5456793
4373	5458097
4374	5459401
4375	5460705
4376	-1
4377	5462009
4378	5463313
4379	5464617
4380	-1
4381	5465921
4382	5467225
4383	5468529
4384	-1
4385	5469833
4386	5471137
4387	5472441
4388	-1
4389	5473745
4390	5475049
4391	5476353
4392	5477657
4393	-1
4394	5478961
4395	5480265
4396	5481569
4397	-1
4398	5482873
4399	5484177
4400	5485481
4401	-1
4402	5486785
4403	5488089
4404	5489393
4405	5490697
4406	-1
4407	5492001
4408	5493305
4409	5494609
4410	-1
4411	5495913
4412	5497217
4413	5498521
4414	-1
4415	5499825
4416	5501129
4417	5502433
4418	-1
4419	5503737
4420	5505041
4421	5506345
4422	5507649
4423	-1
4424	5508953
4425	5510257
4426	5511561
4427	-1
4428	5512865
4429	5514169
4430	5515473
4431	-1
4432	5516777
4433	5518081
4434	5519385
4435	5520689
4436	-1
4437	5521993
4438	5523297
4439	5524601
4440	-1
4441	5525905
4442	5527209
4443	5528513
4444	-1
4445	5529817
4446	5531121
4447	5532425
4448	-1
4449	5533729
4450	5535033
4451	5536337
4452	5537641
4453	-1
4454	5538945
4455	5540249
4456	5541553
4457	-1
4458	5542857
4459	5544161
4460	5545465
4461	-1
4462	5546769
4463	5548073
4464	5549377
4465	5550681
4466	-1
4467	5551985
4468	5553289
4469	5554593
4470	-1
4471	5555897
4472	5557201
4473	5558505
4474	-1
4475	5559809
4476	5561113
4477	5562417
4478	5563721
4479	-1
4480	5565025
4481	5566329
4482	5567633
4483	-1
4484	5568937
4485	5570241
4486	5571545
4487	-1
4488	5572849
4489	5574153
4490	5575457
4491	-1
4492	5576761
4493	5578065
4494	5579369
4495	5580673
4496	-1
4497	5581977
4498	5583281
4499	5584585
4500	-1
4501	5585889
4502	5587193
4503	5588497
4504	-1
4505	5589801
4506	5591105
4507	5592409
4508	5593713
4509	-1
4510	5595017
4511	5596321
4512	5597625
4513	-1
4514	5598929
4515	5600233
4516	5601537
4517	-1
4518	5602841
4519	5604145
4520	5605449
4521	-1
4522	5606753
4523	5608057
4524	5609361
4525	5610665
4526	-1
4527	5611969
4528	5613273
4529	5614577
4530	-1
4531	5615881
4532	5617185
4533	5618489
4534	-1
4535	5619793
4536	5621097
4537	5622401
4538	5623705
4539	-1
4540	5625009
4541	5626313
4542	5627617
4543	-1
4544	5628921
4545	5630225
4546	5631529
4547	-1
4548	5632833
4549	5634137
4550	5635441
4551	-1
4552	5636745
4553	5638049
4554	5639353
4555	5640657
4556	-1
4557	5641961
4558	5643265
4559	5644569
4560	-1
4561	5645873
4562	5647177
4563	5648481
4564	-1
4565	5649785
4566	5651089
4567	5652393
4568	5653697
4569	-1
4570	5655001
4571	5656305
4572	5657609
4573	-1
4574	5658913
4575	5660217
4576	5661521
4577	-1
4578	5662825
4579	5664129
4580	5665433
4581	-1
4582	5666737
4583	5668041
4584	5669345
4585	5670649
4586	-1
4587	5671953
4588	5673257
4589	5674561
4590	-1
4591	5675865
4592	5677169
4593	5678473
4594	-1
4595	5679777
4596	5681081
4597	5682385
4598	5683689
4599	-1
4600	5684993
4601	5686297
4602	5687601
4603	-1
4604	5688905
4605	5690209
4606	5691513
4607	-1
4608	5692817
4609	5694121
4610	5695425
4611	-1
4612	5696729
4613	5698033
4614	5699337
4615	5700641
4616	-1
4617	5701945
4618	5703249
4619	5704553
4620	-1
4621	5705857
4622	5707161
4623	5708465
4624	-1
4625	5709769
4626	5711073
4627	5712377
4628	5713681
4629	-1
4630	5714985
4631	5716289
4632	5717593
4633	-1
4634	5718897
4635	5720201
4636	5721505
4637	-1
4638	5722809
4639	5724113
4640	5725417
4641	5726721
4642	-1
4643	5728025
4644	5729329
4645	5730633
4646	-1
4647	5731937
4648	5733241
4649	5734545
4650	-1
4651	5735849
4652	5737153
4653	5738457
4654	-1
4655	5739761
4656	5741065
4657	5742369
4658	5743673
4659	-1
4660	5744977
4661	5746281
4662	5747585
4663	-1
4664	5748889
4665	5750193
4666	5751497
4667	-1
4668	5752801
4669	5754105
4670	5755409
4671	5756713
4672	-1
4673	5758017
4674	5759321
4675	5760625
4676	-1
4677	5761929
4678	5763233
4679	5764537
4680	-1
4681	5765841
4682	5767145
4683	5768449
4684	-1
4685	5769753
4686	5771057
4687	5772361
4688	5773665
4689	-1
4690	5774969
4691	5776273
4692	5777577
4693	-1
4694	5778881
4695	5780185
4696	5781489
4697	-1
4698	5782793
4699	5784097
4700	5785401
4701	5786705
4702	-1
4703	5788009
4704	5789313
4705	5790617
4706	-1
4707	5791921
4708	5793225
4709	5794529
4710	-1
4711	5795833
4712	5797137
4713	5798441
4714	-1
4715	5799745
4716	5801049
4717	5802353
4718	5803657
4719	-1
4720	5804961
4721	5806265
4722	5807569
4723	-1
4724	5808873
4725	5810177
4726	5811481
4727	-1
4728	5812785
4729	5814089
4730	5815393
4731	5816697
4732	-1
4733	5818001
4734	5819305
4735	5820609
4736	-1
4737	5821913
4738	5823217
4739	5824521
4740	-1
4741	5825825
4742	5827129
4743	5828433
4744	-1
4745	5829737
4746	5831041
4747	5832345
4748	5833649
4749	-1
4750	5834953
4751	5836257
4752	5837561
4753	-1
4754	5838865
4755	5840169
4756	5841473
4757	-1
4758	5842777
4759	5844081
4760	5845385
4761	5846689
4762	-1
4763	5847993
4764	5849297
4765	5850601
4766	-1
4767	5851905
4768	5853209
4769	5854513
4770	-1
4771	5855817
4772	5857121
4773	5858425
4774	-1
4775	5859729
4776	5861033
4777	5862337
4778	5863641
4779	-1
4780	5864945
4781	5866249
4782	5867553
4783	-1
4784	5868857
4785	5870161
4786	5871465
4787	-1
4788	5872769
4789	5874073
4790	5875377
4791	5876681
4792	-1
4793	5877985
4794	5879289
4795	5880593
4796	-1
4797	5881897
4798	5883201
4799	5884505
4800	-1
4801	5885809
4802	5887113
4803	5888417
4804	5889721
4805	-1
4806	5891025
4807	5892329
4808	5893633
4809	-1
4810	5894937
4811	5896241
4812	5897545
4813	-1
4814	5898849
4815	5900153
4816	5901457
4817	-1
4818	5902761
4819	5904065
4820	5905369
4821	5906673
4822	-1
4823	5907977
4824	5909281
4825	5910585
4826	-1
4827	5911889
4828	5913193
4829	5914497
4830	-1
4831	5915801
4832	5917105
4833	5918409
4834	5919713
4835	-1
4836	5921017
4837	5922321
4838	5923625
4839	-1
4840	5924929
4841	5926233
4842	5927537
4843	-1
4844	5928841
4845	5930145
4846	5931449
4847	-1
4848	5932753
4849	5934057
4850	5935361
4851	5936665
4852	-1
4853	5937969
4854	5939273
4855	5940577
4856	-1
4857	5941881
4858	5943185
4859	5944489
4860	-1
4861	5945793
4862	5947097
4863	5948401
4864	5949705
4865	-1
4866	5951009
4867	5952313
4868	5953617
4869	-1
4870	5954921
4871	5956225
4872	5957529
4873	-1
4874	5958833
4875	5960137
4876	5961441
4877	-1
4878	5962745
4879	5964049
4880	5965353
4881	5966657
4882	-1
4883	5967961
4884	5969265
4885	5970569
4886	-1
4887	5971873
4888	5973177
4889	5974481
4890	-1
4891	5975785
4892	5977089
4893	5978393
4894	5979697
4895	-1
4896	5981001
4897	5982305
4898	5983609
4899	-1
4900	5984913
4901	5986217
4902	5987521
4903	-1
4904	5988825
4905	5990129
4906	5991433
4907	-1
4908	5992737
4909	5994041
4910	5995345
4911	5996649
4912	-1
4913	5997953
4914	5999257
4915	6000561
4916	-1
4917	6001865
4918	6003169
4919	6004473
4920	-1
4921	6005777
4922	6007081
4923	6008385
4924	6009689
4925	-1
4926	6010993
4927	6012297
4928	6013601
4929	-1
4930	6014905
4931	6016209
4932	6017513
4933	-1
4934	6018817
4935	6020121
4936	6021425
4937	-1
4938	6022729
4939	6024033
4940	6025337
4941	6026641
4942	-1
4943	6027945
4944	6029249
4945	6030553
4946	-1
4947	6031857
4948	6033161
4949	6034465
4950	-1
4951	6035769
4952	6037073
4953	6038377
4954	6039681
4955	-1
4956	6040985
4957	6042289
4958	6043593
4959	-1
4960	6044897
4961	6046201
4962	6047505
4963	-1
4964	6048809
4965	6050113
4966	6051417
4967	6052721
4968	-1
4969	6054025
4970	6055329
4971	6056633
4972	-1
4973	6057937
4974	6059241
4975	6060545
4976	-1
4977	6061849
4978	6063153
4979	6064457
4980	-1
4981	6065761
4982	6067065
4983	6068369
4984	6069673
4985	-1
4986	6070977
4987	6072281
4988	6073585
4989	-1
4990	6074889
4991	6076193
4992	6077497
4993	-1
4994	6078801
4995	6080105
4996	6081409
4997	6082713
4998	-1
4999	6084017
5000	6085321
5001	6086625
5002	-1
5003	6087929
5004	6089233
5005	6090537
5006	-1
5007	6091841
5008	6093145
5009	6094449
5010	-1
5011	6095753
5012	6097057
5013	6098361
5014	6099665
5015	-1
5016	6100969
5017	6102273
5018	6103577
5019	-1
5020	6104881
5021	6106185
5022	6107489
5023	-1
5024	6108793
5025	6110097
5026	6111401
5027	6112705
5028	-1
5029	6114009
5030	6115313
5031	6116617
5032	-1
5033	6117921
5034	6119225
5035	6120529
5036	-1
5037	6121833
5038	6123137
5039	6124441
5040	-1
5041	6125745
5042	6127049
5043	6128353
5044	6129657
5045	-1
5046	6130961
5047	6132265
5048	6133569
5049	-1
5050	6134873
5051	6136177
5052	6137481
5053	-1
5054	6138785
5055	6140089
5056	6141393
5057	6142697
5058	-1
5059	6144001
5060	6145305
5061	6146609
5062	-1
5063	6147913
5064	6149217
5065	6150521
5066	-1
5067	6151825
5068	6153129
5069	6154433
5070	-1
5071	6155737
5072	6157041
5073	6158345
5074	6159649
5075	-1
5076	6160953
5077	6162257
5078	6163561
5079	-1
5080	6164865
5081	6166169
5082	6167473
5083	-1
5084	6168777
5085	6170081
5086	6171385
5087	6172689
5088	-1
5089	6173993
5090	6175297
5091	6176601
5092	-1
5093	6177905
5094	6179209
5095	6180513
5096	-1
5097	6181817
5098	6183121
5099	6184425
5100	-1
5101	6185729
5102	6187033
5103	6188337
5104	6189641
5105	-1
5106	6190945
5107	6192249
5108	6193553
5109	-1
5110	6194857
5111	6196161
5112	6197465
5113	-1
5114	6198769
5115	6200073
5116	6201377
5117	6202681
5118	-1
5119	6203985
5120	6205289
5121	6206593
5122	-1
5123	6207897
5124	6209201
5125	6210505
5126	-1
5127	6211809
5128	6213113
5129	6214417
5130	6215721
5131	-1
5132	6217025
5133	6218329
5134	6219633
5135	-1
5136	6220937
5137	6222241
5138	6223545
5139	-1
5140	6224849
5141	6226153
5142	6227457
5143	-1
5144	6228761
5145	6230065
5146	6231369
5147	6232673
5148	-1
5149	6233977
5150	6235281
5151	6236585
5152	-1
5153	6237889
5154	6239193
5155	6240497
5156	-1
5157	6241801
5158	6243105
5159	6244409
5160	6245713
5161	-1
5162	6247017
5163	6248321
5164	6249625
5165	-1
5166	6250929
5167	6252233
5168	6253537
5169	-1
5170	6254841
5171	6256145
5172	6257449
5173	-1
5174	6258753
5175	6260057
5176	6261361
5177	6262665
5178	-1
5179	6263969
5180	6265273
5181	6266577
5182	-1
5183	6267881
5184	6269185
5185	6270489
5186	-1
5187	6271793
5188	6273097
5189	6274401
5190	6275705
5191	-1
5192	6277009
5193	6278313
5194	6279617
5195	-1
5196	6280921
5197	6282225
5198	6283529
5199	-1
5200	6284833
5201	6286137
5202	6287441
5203	-1
5204	6288745
5205	6290049
5206	6291353
5207	6292657
5208	-1
5209	6293961
5210	6295265
5211	6296569
5212	-1
5213	6297873
5214	6299177
5215	6300481
5216	-1
5217	6301785
5218	6303089
5219	6304393
5220	6305697
5221	-1
5222	6307001
5223	6308305
5224	6309609
5225	-1
5226	6310913
5227	6312217
5228	6313521
5229	-1
5230	6314825
5231	6316129
5232	6317433
5233	-1
5234	6318737
5235	6320041
5236	6321345
5237	6322649
5238	-1
5239	6323953
5240	6325257
5241	6326561
5242	-1
5243	6327865
5244	6329169
5245	6330473
5246	-1
5247	6331777
5248	6333081
5249	6334385
5250	6335689
5251	-1
5252	6336993
5253	6338297
5254	6339601
5255	-1
5256	6340905
5257	6342209
5258	6343513
5259	-1
5260	6344817
5261	6346121
5262	6347425
5263	-1
5264	6348729
5265	6350033
5266	6351337
5267	6352641
5268	-1
5269	6353945
5270	6355249
5271	6356553
5272	-1
5273	6357857
5274	6359161
5275	6360465
5276	-1
5277	6361769
5278	6363073
5279	6364377
5280	6365681
5281	-1
5282	6366985
5283	6368289
5284	6369593
5285	-1
5286	6370897
5287	6372201
5288	6373505
5289	-1
5290	6374809
5291	6376113
5292	6377417
5293	6378721
5294	-1
5295	6380025
5296	6381329
5297	6382633
5298	-1
5299	6383937
5300	6385241
5301	6386545
5302	-1
5303	6387849
5304	6389153
5305	6390457
5306	-1
5307	6391761
5308	6393065
5309	6394369
5310	6395673
5311	-1
5312	6396977
5313	6398281
5314	6399585
5315	-1
5316	6400889
5317	6402193
5318	6403497
5319	-1
5320	6404801
5321	6406105
5322	6407409
5323	6408713
5324	-1
5325	6410017
5326	6411321
5327	6412625
5328	-1
5329	6413929
5330	6415233
5331	6416537
5332	-1
5333	6417841
5334	6419145
5335	6420449
5336	-1
5337	6421753
5338	6423057
5339	6424361
5340	6425665
5341	-1
5342	6426969
5343	6428273
5344	6429577
5345	-1
5346	6430881
5347	6432185
5348	6433489
5349	-1
5350	6434793
5351	6436097
5352	6437401
5353	6438705
5354	-1
5355	6440009
5356	6441313
5357	6442617
5358	-1
5359	6443921
5360	6445225
5361	6446529
5362	-1
5363	6447833
5364	6449137
5365	6450441
5366	-1
5367	6451745
5368	6453049
5369	6454353
5370	6455657
5371	-1
5372	6456961
5373	6458265
5374	6459569
5375	-1
5376	6460873
5377	6462177
5378	6463481
5379	-1
5380	6464785
5381	6466089
5382	6467393
5383	6468697
5384	-1
5385	6470001
5386	6471305
5387	6472609
5388	-1
5389	6473913
5390	6475217
5391	6476521
5392	-1
5393	6477825
5394	6479129
5395	6480433
5396	-1
5397	6481737
5398	6483041
5399	6484345
5400	6485649
5401	-1
5402	6486953
5403	6488257
5404	6489561
5405	-1
5406	6490865
5407	6492169
5408	6493473
5409	-1
5410	6494777
5411	6496081
5412	6497385
5413	6498689
5414	-1
5415	6499993
5416	6501297
5417	6502601
5418	-1
5419	6503905
5420	6505209
5421	6506513
5422	-1
5423	6507817
5424	6509121
5425	6510425
5426	-1
5427	6511729
5428	6513033
5429	6514337
5430	6515641
5431	-1
5432	6516945
5433	6518249
5434	6519553
5435	-1
5436	6520857
5437	6522161
5438	6523465
5439	-1
5440	6524769
5441	6526073
5442	6527377
5443	6528681
5444	-1
5445	6529985
5446	6531289
5447	6532593
5448	-1
5449	6533897
5450	6535201
5451	6536505
5452	-1
5453	6537809
5454	6539113
5455	6540417
5456	6541721
5457	-1
5458	6543025
5459	6544329
5460	6545633
5461	-1
5462	6546937
5463	6548241
5464	6549545
5465	-1
5466	6550849
5467	6552153
5468	6553457
5469	-1
5470	6554761
5471	6556065
5472	6557369
5473	6558673
5474	-1
5475	6559977
5476	6561281
5477	6562585
5478	-1
5479	6563889
5480	6565193
5481	6566497
5482	-1
5483	6567801
5484	6569105
5485	6570409
5486	6571713
5487	-1
5488	6573017
5489	6574321
5490	6575625
5491	-1
5492	6576929
5493	6578233
5494	6579537
5495	-1
5496	6580841
5497	6582145
5498	6583449
5499	-1
5500	6584753
5501	6586057
5502	6587361
5503	6588665
5504	-1
5505	6589969
5506	6591273
5507	6592577
5508	-1
5509	6593881
5510	6595185
5511	6596489
5512	-1
5513	6597793
5514	6599097
5515	6600401
5516	6601705
5517	-1
5518	6603009
5519	6604313
5520	6605617
5521	-1
5522	6606921
5523	6608225
5524	6609529
5525	-1
5526	6610833
5527	6612137
5528	6613441
5529	-1
5530	6614745
5531	6616049
5532	6617353
5533	6618657
5534	-1
5535	6619961
5536	6621265
5537	6622569
5538	-1
5539	6623873
5540	6625177
5541	6626481
5542	-1
5543	6627785
5544	6629089
5545	6630393
5546	6631697
5547	-1
5548	6633001
5549	6634305
5550	6635609
5551	-1
5552	6636913
5553	6638217
5554	6639521
5555	-1
5556	6640825
5557	6642129
5558	6643433
5559	-1
5560	6644737
5561	6646041
5562	6647345
5563	6648649
5564	-1
5565	6649953
5566	6651257
5567	6652561
5568	-1
5569	6653865
5570	6655169
5571	6656473
5572	-1
5573	6657777
5574	6659081
5575	6660385
5576	6661689
5577	-1
5578	6662993
5579	6664297
5580	6665601
5581	-1
5582	6666905
5583	6668209
5584	6669513
5585	-1
5586	6670817
5587	6672121
5588	6673425
5589	-1
5590	6674729
5591	6676033
5592	6677337
5593	6678641
5594	-1
5595	6679945
5596	6681249
5597	6682553
5598	-1
5599	6683857
5600	6685161
5601	6686465
5602	-1
5603	6687769
5604	6689073
5605	6690377
5606	6691681
5607	-1
5608	6692985
5609	6694289
5610	6695593
5611	-1
5612	6696897
5613	6698201
5614	6699505
5615	-1
5616	6700809
5617	6702113
5618	6703417
5619	6704721
5620	-1
5621	6706025
5622	6707329
5623	6708633
5624	-1
5625	6709937
5626	6711241
5627	6712545
5628	-1
5629	6713849
5630	6715153
5631	6716457
5632	-1
5633	6717761
5634	6719065
5635	6720369
5636	6721673
5637	-1
5638	6722977
5639	6724281
5640	6725585
5641	-1
5642	6726889
5643	6728193
5644	6729497
5645	-1
5646	6730801
5647	6732105
5648	6733409
5649	6734713
5650	-1
5651	6736017
5652	6737321
5653	6738625
5654	-1
5655	6739929
5656	6741233
5657	6742537
5658	-1
5659	6743841
5660	6745145
5661	6746449
5662	-1
5663	6747753
5664	6749057
5665	6750361
5666	6751665
5667	-1
5668	6752969
5669	6754273
5670	6755577
5671	-1
5672	6756881
5673	6758185
5674	6759489
5675	-1
5676	6760793
5677	6762097
5678	6763401
5679	6764705
5680	-1
5681	6766009
5682	6767313
5683	6768617
5684	-1
5685	6769921
5686	6771225
5687	6772529
5688	-1
5689	6773833
5690	6775137
5691	6776441
5692	-1
5693	6777745
5694	6779049
5695	6780353
5696	6781657
5697	-1
5698	6782961
5699	6784265
5700	6785569
5701	-1
5702	6786873
5703	6788177
5704	6789481
5705	-1
5706	6790785
5707	6792089
5708	6793393
5709	6794697
5710	-1
5711	6796001
5712	6797305
5713	6798609
5714	-1
5715	6799913
5716	6801217
5717	6802521
5718	-1
5719	6803825
5720	6805129
5721	6806433
5722	-1
5723	6807737
5724	6809041
5725	6810345
5726	6811649
5727	-1
5728	6812953
5729	6814257
5730	6815561
5731	-1
5732	6816865
5733	6818169
5734	6819473
5735	-1
5736	6820777
5737	6822081
5738	6823385
5739	6824689
5740	-1
5741	6825993
5742	6827297
5743	6828601
5744	-1
5745	6829905
5746	6831209
5747	6832513
5748	-1
5749	6833817
5750	6835121
5751	6836425
5752	-1
5753	6837729
5754	6839033
5755	6840337
5756	6841641
5757	-1
5758	6842945
5759	6844249
5760	6845553
5761	-1
5762	6846857
5763	6848161
5764	6849465
5765	-1
5766	6850769
5767	6852073
5768	6853377
5769	6854681
5770	-1
5771	6855985
5772	6857289
5773	6858593
5774	-1
5775	6859897
5776	6861201
5777	6862505
5778	-1
5779	6863809
5780	6865113
5781	6866417
5782	6867721
5783	-1
5784	6869025
5785	6870329
5786	6871633
5787	-1
5788	6872937
5789	6874241
5790	6875545
5791	-1
5792	6876849
5793	6878153
5794	6879457
5795	-1
5796	6880761
5797	6882065
5798	6883369
5799	6884673
5800	-1
5801	6885977
5802	6887281
5803	6888585
5804	-1
5805	6889889
5806	6891193
5807	6892497
5808	-1
5809	6893801
5810	6895105
5811	6896409
5812	6897713
5813	-1
5814	6899017
5815	6900321
5816	6901625
5817	-1
5818	6902929
5819	6904233
5820	6905537
5821	-1
5822	6906841
5823	6908145
5824	6909449
5825	-1
5826	6910753
5827	6912057
5828	6913361
5829	6914665
5830	-1
5831	6915969
5832	6917273
5833	6918577
5834	-1
5835	6919881
5836	6921185
5837	6922489
5838	-1
5839	6923793
5840	6925097
5841	6926401
5842	6927705
5843	-1
5844	6929009
5845	6930313
5846	6931617
5847	-1
5848	6932921
5849	6934225
5850	6935529
5851	-1
5852	6936833
5853	6938137
5854	6939441
5855	-1
5856	6940745
5857	6942049
5858	6943353
5859	6944657
5860	-1
5861	6945961
5862	6947265
5863	6948569
5864	-1
5865	6949873
5866	6951177
5867	6952481
5868	-1
5869	6953785
5870	6955089
5871	6956393
5872	6957697
5873	-1
5874	6959001
5875	6960305
5876	6961609
5877	-1
5878	6962913
5879	6964217
5880	6965521
5881	-1
5882	6966825
5883	6968129
5884	6969433
5885	-1
5886	6970737
5887	6972041
5888	6973345
5889	6974649
5890	-1
5891	6975953
5892	6977257
5893	6978561
5894	-1
5895	6979865
5896	6981169
5897	6982473
5898	-1
5899	6983777
5900	6985081
5901	6986385
5902	6987689
5903	-1
5904	6988993
5905	6990297
5906	6991601
5907	-1
5908	6992905
5909	6994209
5910	6995513
5911	-1
5912	6996817
5913	6998121
5914	6999425
5915	-1
5916	7000729
5917	7002033
5918	7003337
5919	7004641
5920	-1
5921	7005945
5922	7007249
5923	7008553
5924	-1
5925	7009857
5926	7011161
5927	7012465
5928	-1
5929	7013769
5930	7015073
5931	7016377
5932	7017681
5933	-1
5934	7018985
5935	7020289
5936	7021593
5937	-1
5938	7022897
5939	7024201
5940	7025505
5941	-1
5942	7026809
5943	7028113
5944	7029417
5945	7030721
5946	-1
5947	7032025
5948	7033329
5949	7034633
5950	-1
5951	7035937
5952	7037241
5953	7038545
5954	-1
5955	7039849
5956	7041153
5957	7042457
5958	-1
5959	7043761
5960	7045065
5961	7046369
5962	7047673
5963	-1
5964	7048977
5965	7050281
5966	7051585
5967	-1
5968	7052889
5969	7054193
5970	7055497
5971	-1
5972	7056801
5973	7058105
5974	7059409
5975	7060713
5976	-1
5977	7062017
5978	7063321
5979	7064625
5980	-1
5981	7065929
5982	7067233
5983	7068537
5984	-1
5985	7069841
5986	7071145
5987	7072449
5988	-1
5989	7073753
5990	7075057
5991	7076361
5992	7077665
5993	-1
5994	7078969
5995	7080273
5996	7081577
5997	-1
5998	7082881
5999	7084185
