0	1007326
1	1008467
2	1009608
3	1010749
4	1011890
5	1013031
6	1014172
7	1015313
8	1016454
9	-1
10	1017595
11	1018736
12	1019877
13	1021018
14	1022159
15	1023300
16	1024441
17	-1
18	1025582
19	1026723
20	1027864
21	1029005
22	1030146
23	1031287
24	1032428
25	-1
26	1033569
27	1034710
28	1035851
29	1036992
30	1038133
31	1039274
32	1040415
33	-1
34	1041556
35	1042697
36	1043838
37	1044979
38	1046120
39	1047261
40	1048402
41	-1
42	1049543
43	1050684
44	1051825
45	1052966
46	1054107
47	1055248
48	1056389
49	-1
50	1057530
51	1058671
52	1059812
53	1060953
54	1062094
55	1063235
56	1064376
57	-1
58	1065517
59	1066658
60	1067799
61	1068940
62	1070081
63	1071222
64	1072363
65	-1
66	1073504
67	1074645
68	1075786
69	1076927
70	1078068
71	1079209
72	1080350
73	-1
74	1081491
75	1082632
76	1083773
77	1084914
78	1086055
79	1087196
80	1088337
81	-1
82	1089478
83	1090619
84	1091760
85	1092901
86	1094042
87	1095183
88	1096324
89	-1
90	1097465
91	1098606
92	1099747
93	1100888
94	1102029
95	1103170
96	1104311
97	1105452
98	-1
99	1106593
100	1107734
101	1108875
102	1110016
103	1111157
104	1112298
105	1113439
106	-1
107	1114580
108	1115721
109	1116862
110	1118003
111	1119144
112	1120285
113	1121426
114	-1
115	1122567
116	1123708
117	1124849
118	1125990
119	1127131
120	1128272
121	1129413
122	-1
123	1130554
124	1131695
125	1132836
126	1133977
127	1135118
128	1136259
129	1137400
130	-1
131	1138541
132	1139682
133	1140823
134	1141964
135	1143105
136	1144246
137	1145387
138	-1
139	1146528
140	1147669
141	1148810
142	1149951
143	1151092
144	1152233
145	1153374
146	-1
147	1154515
148	1155656
149	1156797
150	1157938
151	1159079
152	1160220
153	1161361
154	-1
155	1162502
156	1163643
157	1164784
158	1165925
159	1167066
160	1168207
161	1169348
162	-1
163	1170489
164	1171630
165	1172771
166	1173912
167	1175053
168	1176194
169	1177335
170	-1
171	1178476
172	1179617
173	1180758
174	1181899
175	1183040
176	1184181
177	1185322
178	-1
179	1186463
180	1187604
181	1188745
182	1189886
183	1191027
184	1192168
185	1193309
186	1194450
187	-1
188	1195591
189	1196732
190	1197873
191	1199014
192	1200155
193	1201296
194	1202437
195	-1
196	1203578
197	1204719
198	1205860
199	1207001
200	1208142
201	1209283
202	1210424
203	-1
204	1211565
205	1212706
206	1213847
207	1214988
208	1216129
209	1217270
210	1218411
211	-1
212	1219552
213	1220693
214	1221834
215	1222975
216	1224116
217	1225257
218	1226398
219	-1
220	1227539
221	1228680
222	1229821
223	1230962
224	1232103
225	1233244
226	1234385
227	-1
228	1235526
229	1236667
230	1237808
231	1238949
232	1240090
233	1241231
234	1242372
235	-1
236	1243513
237	1244654
238	1245795
239	1246936
240	1248077
241	1249218
242	1250359
243	-1
244	1251500
245	1252641
246	1253782
247	1254923
248	1256064
249	1257205
250	1258346
251	-1
252	1259487
253	1260628
254	1261769
255	1262910
256	1264051
257	1265192
258	1266333
259	-1
260	1267474
261	1268615
262	1269756
263	1270897
264	1272038
265	1273179
266	1274320
267	1275461
268	-1
269	1276602
270	1277743
271	1278884
272	1280025
273	1281166
274	1282307
275	1283448
276	-1
277	1284589
278	1285730
279	1286871
280	1288012
281	1289153
282	1290294
283	1291435
284	-1
285	1292576
286	1293717
287	1294858
288	1295999
289	1297140
290	1298281
291	1299422
292	-1
293	1300563
294	1301704
295	1302845
296	1303986
297	1305127
298	1306268
299	1307409
300	-1
301	1308550
302	1309691
303	1310832
304	1311973
305	1313114
306	1314255
307	1315396
308	-1
309	1316537
310	1317678
311	1318819
312	1319960
313	1321101
314	1322242
315	1323383
316	-1
317	1324524
318	1325665
319	1326806
320	1327947
321	1329088
322	1330229
323	1331370
324	-1
325	1332511
326	1333652
327	1334793
328	1335934
329	1337075
330	1338216
331	1339357
332	-1
333	1340498
334	1341639
335	1342780
336	1343921
337	1345062
338	1346203
339	1347344
340	-1
341	1348485
342	1349626
343	1350767
344	1351908
345	1353049
346	1354190
347	1355331
348	-1
349	1356472
350	1357613
351	1358754
352	1359895
353	1361036
354	1362177
355	1363318
356	1364459
357	-1
358	1365600
359	1366741
360	1367882
361	1369023
362	1370164
363	1371305
364	1372446
365	-1
366	1373587
367	1374728
368	1375869
369	1377010
370	1378151
371	1379292
372	1380433
373	-1
374	1381574
375	1382715
376	1383856
377	1384997
378	1386138
379	1387279
380	1388420
381	-1
382	1389561
383	1390702
384	1391843
385	1392984
386	1394125
387	1395266
388	1396407
389	-1
390	1397548
391	1398689
392	1399830
393	1400971
394	1402112
395	1403253
396	1404394
397	-1
398	1405535
399	1406676
400	1407817
401	1408958
402	1410099
403	1411240
404	1412381
405	-1
406	1413522
407	1414663
408	1415804
409	1416945
410	1418086
411	1419227
412	1420368
413	-1
414	1421509
415	1422650
416	1423791
417	1424932
418	1426073
419	1427214
420	1428355
421	-1
422	1429496
423	1430637
424	1431778
425	1432919
426	1434060
427	1435201
428	1436342
429	-1
430	1437483
431	1438624
432	1439765
433	1440906
434	1442047
435	1443188
436	1444329
437	-1
438	1445470
439	1446611
440	1447752
441	1448893
442	1450034
443	1451175
444	1452316
445	1453457
446	-1
447	1454598
448	1455739
449	1456880
450	1458021
451	1459162
452	1460303
453	1461444
454	-1
455	1462585
456	1463726
457	1464867
458	1466008
459	1467149
460	1468290
461	1469431
462	-1
463	1470572
464	1471713
465	1472854
466	1473995
467	1475136
468	1476277
469	1477418
470	-1
471	1478559
472	1479700
473	1480841
474	1481982
475	1483123
476	1484264
477	1485405
478	-1
479	1486546
480	1487687
481	1488828
482	1489969
483	1491110
484	1492251
485	1493392
486	-1
487	1494533
488	1495674
489	1496815
490	1497956
491	1499097
492	1500238
493	1501379
494	-1
495	1502520
496	1503661
497	1504802
498	1505943
499	1507084
500	1508225
501	1509366
502	-1
503	1510507
504	1511648
505	1512789
506	1513930
507	1515071
508	1516212
509	1517353
510	-1
511	1518494
512	1519635
513	1520776
514	1521917
515	1523058
516	1524199
517	1525340
518	-1
519	1526481
520	1527622
521	1528763
522	1529904
523	1531045
524	1532186
525	1533327
526	-1
527	1534468
528	1535609
529	1536750
530	1537891
531	1539032
532	1540173
533	1541314
534	1542455
535	-1
536	1543596
537	1544737
538	1545878
539	1547019
540	1548160
541	1549301
542	1550442
543	-1
544	1551583
545	1552724
546	1553865
547	1555006
548	1556147
549	1557288
550	1558429
551	-1
552	1559570
553	1560711
554	1561852
555	1562993
556	1564134
557	1565275
558	1566416
559	-1
560	1567557
561	1568698
562	1569839
563	1570980
564	1572121
565	1573262
566	1574403
567	-1
568	1575544
569	1576685
570	1577826
571	1578967
572	1580108
573	1581249
574	1582390
575	-1
576	1583531
577	1584672
578	1585813
579	1586954
580	1588095
581	1589236
582	1590377
583	-1
584	1591518
585	1592659
586	1593800
587	1594941
588	1596082
589	1597223
590	1598364
591	-1
592	1599505
593	1600646
594	1601787
595	1602928
596	1604069
597	1605210
598	1606351
599	-1
600	1607492
601	1608633
602	1609774
603	1610915
604	1612056
605	1613197
606	1614338
607	-1
608	1615479
609	1616620
610	1617761
611	1618902
612	1620043
613	1621184
614	1622325
615	-1
616	1623466
617	1624607
618	1625748
619	1626889
620	1628030
621	1629171
622	1630312
623	1631453
624	-1
625	1632594
626	1633735
627	1634876
628	1636017
629	1637158
630	1638299
631	1639440
632	-1
633	1640581
634	1641722
635	1642863
636	1644004
637	1645145
638	1646286
639	1647427
640	-1
641	1648568
642	1649709
643	1650850
644	1651991
645	1653132
646	1654273
647	1655414
648	-1
649	1656555
650	1657696
651	1658837
652	1659978
653	1661119
654	1662260
655	1663401
656	-1
657	1664542
658	1665683
659	1666824
660	1667965
661	1669106
662	1670247
663	1671388
664	-1
665	1672529
666	1673670
667	1674811
668	1675952
669	1677093
670	1678234
671	1679375
672	-1
673	1680516
674	1681657
675	1682798
676	1683939
677	1685080
678	1686221
679	1687362
680	-1
681	1688503
682	1689644
683	1690785
684	1691926
685	1693067
686	1694208
687	1695349
688	-1
689	1696490
690	1697631
691	1698772
692	1699913
693	1701054
694	1702195
695	1703336
696	-1
697	1704477
698	1705618
699	1706759
700	1707900
701	1709041
702	1710182
703	1711323
704	-1
705	1712464
706	1713605
707	1714746
708	1715887
709	1717028
710	1718169
711	1719310
712	1720451
713	-1
714	1721592
715	1722733
716	1723874
717	1725015
718	1726156
719	1727297
720	1728438
721	-1
722	1729579
723	1730720
724	1731861
725	1733002
726	1734143
727	1735284
728	1736425
729	-1
730	1737566
731	1738707
732	1739848
733	1740989
734	1742130
735	1743271
736	1744412
737	-1
738	1745553
739	1746694
740	1747835
741	1748976
742	1750117
743	1751258
744	1752399
745	-1
746	1753540
747	1754681
748	1755822
749	1756963
750	1758104
751	1759245
752	1760386
753	-1
754	1761527
755	1762668
756	1763809
757	1764950
758	1766091
759	1767232
760	1768373
761	-1
762	1769514
763	1770655
764	1771796
765	1772937
766	1774078
767	1775219
768	1776360
769	-1
770	1777501
771	1778642
772	1779783
773	1780924
774	1782065
775	1783206
776	1784347
777	-1
778	1785488
779	1786629
780	1787770
781	1788911
782	1790052
783	1791193
784	1792334
785	-1
786	1793475
787	1794616
788	1795757
789	1796898
790	1798039
791	1799180
792	1800321
793	1801462
794	-1
795	1802603
796	1803744
797	1804885
798	1806026
799	1807167
800	1808308
801	1809449
802	-1
803	1810590
804	1811731
805	1812872
806	1814013
807	1815154
808	1816295
809	1817436
810	-1
811	1818577
812	1819718
813	1820859
814	1822000
815	1823141
816	1824282
817	1825423
818	-1
819	1826564
820	1827705
821	1828846
822	1829987
823	1831128
824	1832269
825	1833410
826	-1
827	1834551
828	1835692
829	1836833
830	1837974
831	1839115
832	1840256
833	1841397
834	-1
835	1842538
836	1843679
837	1844820
838	1845961
839	1847102
840	1848243
841	1849384
842	-1
843	1850525
844	1851666
845	1852807
846	1853948
847	1855089
848	1856230
849	1857371
850	-1
851	1858512
852	1859653
853	1860794
854	1861935
855	1863076
856	1864217
857	1865358
858	-1
859	1866499
860	1867640
861	1868781
862	1869922
863	1871063
864	1872204
865	1873345
866	-1
867	1874486
868	1875627
869	1876768
870	1877909
871	1879050
872	1880191
873	1881332
874	-1
875	1882473
876	1883614
877	1884755
878	1885896
879	1887037
880	1888178
881	1889319
882	1890460
883	-1
884	1891601
885	1892742
886	1893883
887	1895024
888	1896165
889	1897306
890	1898447
891	-1
892	1899588
893	1900729
894	1901870
895	1903011
896	1904152
897	1905293
898	1906434
899	-1
900	1907575
901	1908716
902	1909857
903	1910998
904	1912139
905	1913280
906	1914421
907	-1
908	1915562
909	1916703
910	1917844
911	1918985
912	1920126
913	1921267
914	1922408
915	-1
916	1923549
917	1924690
918	1925831
919	1926972
920	1928113
921	1929254
922	1930395
923	-1
924	1931536
925	1932677
926	1933818
927	1934959
928	1936100
929	1937241
930	1938382
931	-1
932	1939523
933	1940664
934	1941805
935	1942946
936	1944087
937	1945228
938	1946369
939	-1
940	1947510
941	1948651
942	1949792
943	1950933
944	1952074
945	1953215
946	1954356
947	-1
948	1955497
949	1956638
950	1957779
951	1958920
952	1960061
953	1961202
954	1962343
955	-1
956	1963484
957	1964625
958	1965766
959	1966907
960	1968048
961	1969189
962	1970330
963	-1
964	1971471
965	1972612
966	1973753
967	1974894
968	1976035
969	1977176
970	1978317
971	1979458
972	-1
973	1980599
974	1981740
975	1982881
976	1984022
977	1985163
978	1986304
979	1987445
980	-1
981	1988586
982	1989727
983	1990868
984	1992009
985	1993150
986	1994291
987	1995432
988	-1
989	1996573
990	1997714
991	1998855
992	1999996
993	2001137
994	2002278
995	2003419
996	-1
997	2004560
998	2005701
999	2006842
1000	2007983
1001	2009124
1002	2010265
1003	2011406
1004	-1
1005	2012547
1006	2013688
1007	2014829
1008	2015970
1009	2017111
1010	2018252
1011	2019393
1012	-1
1013	2020534
1014	2021675
1015	2022816
1016	2023957
1017	2025098
1018	2026239
1019	2027380
1020	-1
1021	2028521
1022	2029662
1023	2030803
1024	2031944
1025	2033085
1026	2034226
1027	2035367
1028	-1
1029	2036508
1030	2037649
1031	2038790
1032	2039931
1033	2041072
1034	2042213
1035	2043354
1036	-1
1037	2044495
1038	2045636
1039	2046777
1040	2047918
1041	2049059
1042	2050200
1043	2051341
1044	-1
1045	2052482
1046	2053623
1047	2054764
1048	2055905
1049	2057046
1050	2058187
1051	2059328
1052	-1
1053	2060469
1054	2061610
1055	2062751
1056	2063892
1057	2065033
1058	2066174
1059	2067315
1060	2068456
1061	-1
1062	2069597
1063	2070738
1064	2071879
1065	2073020
1066	2074161
1067	2075302
1068	2076443
1069	-1
1070	2077584
1071	2078725
1072	2079866
1073	2081007
1074	2082148
1075	2083289
1076	2084430
1077	-1
1078	2085571
1079	2086712
1080	2087853
1081	2088994
1082	2090135
1083	2091276
1084	2092417
1085	-1
1086	2093558
1087	2094699
1088	2095840
1089	2096981
1090	2098122
1091	2099263
1092	2100404
1093	-1
1094	2101545
1095	2102686
1096	2103827
1097	2104968
1098	2106109
1099	2107250
1100	2108391
1101	-1
1102	2109532
1103	2110673
1104	2111814
1105	2112955
1106	2114096
1107	2115237
1108	2116378
1109	-1
1110	2117519
1111	2118660
1112	2119801
1113	2120942
1114	2122083
1115	2123224
1116	2124365
1117	-1
1118	2125506
1119	2126647
1120	2127788
1121	2128929
1122	2130070
1123	2131211
1124	2132352
1125	-1
1126	2133493
1127	2134634
1128	2135775
1129	2136916
1130	2138057
1131	2139198
1132	2140339
1133	-1
1134	2141480
1135	2142621
1136	2143762
1137	2144903
1138	2146044
1139	2147185
1140	2148326
1141	-1
1142	2149467
1143	2150608
1144	2151749
1145	2152890
1146	2154031
1147	2155172
1148	2156313
1149	2157454
1150	-1
1151	2158595
1152	2159736
1153	2160877
1154	2162018
1155	2163159
1156	2164300
1157	2165441
1158	-1
1159	2166582
1160	2167723
1161	2168864
1162	2170005
1163	2171146
1164	2172287
1165	2173428
1166	-1
1167	2174569
1168	2175710
1169	2176851
1170	2177992
1171	2179133
1172	2180274
1173	2181415
1174	-1
1175	2182556
1176	2183697
1177	2184838
1178	2185979
1179	2187120
1180	2188261
1181	2189402
1182	-1
1183	2190543
1184	2191684
1185	2192825
1186	2193966
1187	2195107
1188	2196248
1189	2197389
1190	-1
1191	2198530
1192	2199671
1193	2200812
1194	2201953
1195	2203094
1196	2204235
1197	2205376
1198	-1
1199	2206517
1200	2207658
1201	2208799
1202	2209940
1203	2211081
1204	2212222
1205	2213363
1206	-1
1207	2214504
1208	2215645
1209	2216786
1210	2217927
1211	2219068
1212	2220209
1213	2221350
1214	-1
1215	2222491
1216	2223632
1217	2224773
1218	2225914
1219	2227055
1220	2228196
1221	2229337
1222	-1
1223	2230478
1224	2231619
1225	2232760
1226	2233901
1227	2235042
1228	2236183
1229	2237324
1230	-1
1231	2238465
1232	2239606
1233	2240747
1234	2241888
1235	2243029
1236	2244170
1237	2245311
1238	2246452
1239	-1
1240	2247593
1241	2248734
1242	2249875
1243	2251016
1244	2252157
1245	2253298
1246	2254439
1247	-1
1248	2255580
1249	2256721
1250	2257862
1251	2259003
1252	2260144
1253	2261285
1254	2262426
1255	-1
1256	2263567
1257	2264708
1258	2265849
1259	2266990
1260	2268131
1261	2269272
1262	2270413
1263	-1
1264	2271554
1265	2272695
1266	2273836
1267	2274977
1268	2276118
1269	2277259
1270	2278400
1271	-1
1272	2279541
1273	2280682
1274	2281823
1275	2282964
1276	2284105
1277	2285246
1278	2286387
1279	-1
1280	2287528
1281	2288669
1282	2289810
1283	2290951
1284	2292092
1285	2293233
1286	2294374
1287	-1
1288	2295515
1289	2296656
1290	2297797
1291	2298938
1292	2300079
1293	2301220
1294	2302361
1295	-1
1296	2303502
1297	2304643
1298	2305784
1299	2306925
1300	2308066
1301	2309207
1302	2310348
1303	-1
1304	2311489
1305	2312630
1306	2313771
1307	2314912
1308	2316053
1309	2317194
1310	2318335
1311	-1
1312	2319476
1313	2320617
1314	2321758
1315	2322899
1316	2324040
1317	2325181
1318	2326322
1319	-1
1320	2327463
1321	2328604
1322	2329745
1323	2330886
1324	2332027
1325	2333168
1326	2334309
1327	2335450
1328	-1
1329	2336591
1330	2337732
1331	2338873
1332	2340014
1333	2341155
1334	2342296
1335	2343437
1336	-1
1337	2344578
1338	2345719
1339	2346860
1340	2348001
1341	2349142
1342	2350283
1343	2351424
1344	-1
1345	2352565
1346	2353706
1347	2354847
1348	2355988
1349	2357129
1350	2358270
1351	2359411
1352	-1
1353	2360552
1354	2361693
1355	2362834
1356	2363975
1357	2365116
1358	2366257
1359	2367398
1360	-1
1361	2368539
1362	2369680
1363	2370821
1364	2371962
1365	2373103
1366	2374244
1367	2375385
1368	-1
1369	2376526
1370	2377667
1371	2378808
1372	2379949
1373	2381090
1374	2382231
1375	2383372
1376	-1
1377	2384513
1378	2385654
1379	2386795
1380	2387936
1381	2389077
1382	2390218
1383	2391359
1384	-1
1385	2392500
1386	2393641
1387	2394782
1388	2395923
1389	2397064
1390	2398205
1391	2399346
1392	-1
1393	2400487
1394	2401628
1395	2402769
1396	2403910
1397	2405051
1398	2406192
1399	2407333
1400	-1
1401	2408474
1402	2409615
1403	2410756
1404	2411897
1405	2413038
1406	2414179
1407	2415320
1408	2416461
1409	-1
1410	2417602
1411	2418743
1412	2419884
1413	2421025
1414	2422166
1415	2423307
1416	2424448
1417	-1
1418	2425589
1419	2426730
1420	2427871
1421	2429012
1422	2430153
1423	2431294
1424	2432435
1425	-1
1426	2433576
1427	2434717
1428	2435858
1429	2436999
1430	2438140
1431	2439281
1432	2440422
1433	-1
1434	2441563
1435	2442704
1436	2443845
1437	2444986
1438	2446127
1439	2447268
1440	2448409
1441	-1
1442	2449550
1443	2450691
1444	2451832
1445	2452973
1446	2454114
1447	2455255
1448	2456396
1449	-1
1450	2457537
1451	2458678
1452	2459819
1453	2460960
1454	2462101
1455	2463242
1456	2464383
1457	-1
1458	2465524
1459	2466665
1460	2467806
1461	2468947
1462	2470088
1463	2471229
1464	2472370
1465	-1
1466	2473511
1467	2474652
1468	2475793
1469	2476934
1470	2478075
1471	2479216
1472	2480357
1473	-1
1474	2481498
1475	2482639
1476	2483780
1477	2484921
1478	2486062
1479	2487203
1480	2488344
1481	-1
1482	2489485
1483	2490626
1484	2491767
1485	2492908
1486	2494049
1487	2495190
1488	2496331
1489	-1
1490	2497472
1491	2498613
1492	2499754
1493	2500895
1494	2502036
1495	2503177
1496	2504318
1497	2505459
1498	-1
1499	2506600
1500	2507741
1501	2508882
1502	2510023
1503	2511164
1504	2512305
1505	2513446
1506	-1
1507	2514587
1508	2515728
1509	2516869
1510	2518010
1511	2519151
1512	2520292
1513	2521433
1514	-1
1515	2522574
1516	2523715
1517	2524856
1518	2525997
1519	2527138
1520	2528279
1521	2529420
1522	-1
1523	2530561
1524	2531702
1525	2532843
1526	2533984
1527	2535125
1528	2536266
1529	2537407
1530	-1
1531	2538548
1532	2539689
1533	2540830
1534	2541971
1535	2543112
1536	2544253
1537	2545394
1538	-1
1539	2546535
1540	2547676
1541	2548817
1542	2549958
1543	2551099
1544	2552240
1545	2553381
1546	-1
1547	2554522
1548	2555663
1549	2556804
1550	2557945
1551	2559086
1552	2560227
1553	2561368
1554	-1
1555	2562509
1556	2563650
1557	2564791
1558	2565932
1559	2567073
1560	2568214
1561	2569355
1562	-1
1563	2570496
1564	2571637
1565	2572778
1566	2573919
1567	2575060
1568	2576201
1569	2577342
1570	-1
1571	2578483
1572	2579624
1573	2580765
1574	2581906
1575	2583047
1576	2584188
1577	2585329
1578	-1
1579	2586470
1580	2587611
1581	2588752
1582	2589893
1583	2591034
1584	2592175
1585	2593316
1586	2594457
1587	-1
1588	2595598
1589	2596739
1590	2597880
1591	2599021
1592	2600162
1593	2601303
1594	2602444
1595	-1
1596	2603585
1597	2604726
1598	2605867
1599	2607008
1600	2608149
1601	2609290
1602	2610431
1603	-1
1604	2611572
1605	2612713
1606	2613854
1607	2614995
1608	2616136
1609	2617277
1610	2618418
1611	-1
1612	2619559
1613	2620700
1614	2621841
1615	2622982
1616	2624123
1617	2625264
1618	2626405
1619	-1
1620	2627546
1621	2628687
1622	2629828
1623	2630969
1624	2632110
1625	2633251
1626	2634392
1627	-1
1628	2635533
1629	2636674
1630	2637815
1631	2638956
1632	2640097
1633	2641238
1634	2642379
1635	-1
1636	2643520
1637	2644661
1638	2645802
1639	2646943
1640	2648084
1641	2649225
1642	2650366
1643	-1
1644	2651507
1645	2652648
1646	2653789
1647	2654930
1648	2656071
1649	2657212
1650	2658353
1651	-1
1652	2659494
1653	2660635
1654	2661776
1655	2662917
1656	2664058
1657	2665199
1658	2666340
1659	-1
1660	2667481
1661	2668622
1662	2669763
1663	2670904
1664	2672045
1665	2673186
1666	2674327
1667	-1
1668	2675468
1669	2676609
1670	2677750
1671	2678891
1672	2680032
1673	2681173
1674	2682314
1675	2683455
1676	-1
1677	2684596
1678	2685737
1679	2686878
1680	2688019
1681	2689160
1682	2690301
1683	2691442
1684	-1
1685	2692583
1686	2693724
1687	2694865
1688	2696006
1689	2697147
1690	2698288
1691	2699429
1692	-1
1693	2700570
1694	2701711
1695	2702852
1696	2703993
1697	2705134
1698	2706275
1699	2707416
1700	-1
1701	2708557
1702	2709698
1703	2710839
1704	2711980
1705	2713121
1706	2714262
1707	2715403
1708	-1
1709	2716544
1710	2717685
1711	2718826
1712	2719967
1713	2721108
1714	2722249
1715	2723390
1716	-1
1717	2724531
1718	2725672
1719	2726813
1720	2727954
1721	2729095
1722	2730236
1723	2731377
1724	-1
1725	2732518
1726	2733659
1727	2734800
1728	2735941
1729	2737082
1730	2738223
1731	2739364
1732	-1
1733	2740505
1734	2741646
1735	2742787
1736	2743928
1737	2745069
1738	2746210
1739	2747351
1740	-1
1741	2748492
1742	2749633
1743	2750774
1744	2751915
1745	2753056
1746	2754197
1747	2755338
1748	-1
1749	2756479
1750	2757620
1751	2758761
1752	2759902
1753	2761043
1754	2762184
1755	2763325
1756	-1
1757	2764466
1758	2765607
1759	2766748
1760	2767889
1761	2769030
1762	2770171
1763	2771312
1764	2772453
1765	-1
1766	2773594
1767	2774735
1768	2775876
1769	2777017
1770	2778158
1771	2779299
1772	2780440
1773	-1
1774	2781581
1775	2782722
1776	2783863
1777	2785004
1778	2786145
1779	2787286
1780	2788427
1781	-1
1782	2789568
1783	2790709
1784	2791850
1785	2792991
1786	2794132
1787	2795273
1788	2796414
1789	-1
1790	2797555
1791	2798696
1792	2799837
1793	2800978
1794	2802119
1795	2803260
1796	2804401
1797	-1
1798	2805542
1799	2806683
1800	2807824
1801	2808965
1802	2810106
1803	2811247
1804	2812388
1805	-1
1806	2813529
1807	2814670
1808	2815811
1809	2816952
1810	2818093
1811	2819234
1812	2820375
1813	-1
1814	2821516
1815	2822657
1816	2823798
1817	2824939
1818	2826080
1819	2827221
1820	2828362
1821	-1
1822	2829503
1823	2830644
1824	2831785
1825	2832926
1826	2834067
1827	2835208
1828	2836349
1829	-1
1830	2837490
1831	2838631
1832	2839772
1833	2840913
1834	2842054
1835	2843195
1836	2844336
1837	-1
1838	2845477
1839	2846618
1840	2847759
1841	2848900
1842	2850041
1843	2851182
1844	2852323
1845	-1
1846	2853464
1847	2854605
1848	2855746
1849	2856887
1850	2858028
1851	2859169
1852	2860310
1853	2861451
1854	-1
1855	2862592
1856	2863733
1857	2864874
1858	2866015
1859	2867156
1860	2868297
1861	2869438
1862	-1
1863	2870579
1864	2871720
1865	2872861
1866	2874002
1867	2875143
1868	2876284
1869	2877425
1870	-1
1871	2878566
1872	2879707
1873	2880848
1874	2881989
1875	2883130
1876	2884271
1877	2885412
1878	-1
1879	2886553
1880	2887694
1881	2888835
1882	2889976
1883	2891117
1884	2892258
1885	2893399
1886	-1
1887	2894540
1888	2895681
1889	2896822
1890	2897963
1891	2899104
1892	2900245
1893	2901386
1894	-1
1895	2902527
1896	2903668
1897	2904809
1898	2905950
1899	2907091
1900	2908232
1901	2909373
1902	-1
1903	2910514
1904	2911655
1905	2912796
1906	2913937
1907	2915078
1908	2916219
1909	2917360
1910	-1
1911	2918501
1912	2919642
1913	2920783
1914	2921924
1915	2923065
1916	2924206
1917	2925347
1918	-1
1919	2926488
1920	2927629
1921	2928770
1922	2929911
1923	2931052
1924	2932193
1925	2933334
1926	-1
1927	2934475
1928	2935616
1929	2936757
1930	2937898
1931	2939039
1932	2940180
1933	2941321
1934	2942462
1935	-1
1936	2943603
1937	2944744
1938	2945885
1939	2947026
1940	2948167
1941	2949308
1942	2950449
1943	-1
1944	2951590
1945	2952731
1946	2953872
1947	2955013
1948	2956154
1949	2957295
1950	2958436
1951	-1
1952	2959577
1953	2960718
1954	2961859
1955	2963000
1956	2964141
1957	2965282
1958	2966423
1959	-1
1960	2967564
1961	2968705
1962	2969846
1963	2970987
1964	2972128
1965	2973269
1966	2974410
1967	-1
1968	2975551
1969	2976692
1970	2977833
1971	2978974
1972	2980115
1973	2981256
1974	2982397
1975	-1
1976	2983538
1977	2984679
1978	2985820
1979	2986961
1980	2988102
1981	2989243
1982	2990384
1983	-1
1984	2991525
1985	2992666
1986	2993807
1987	2994948
1988	2996089
1989	2997230
1990	2998371
1991	-1
1992	2999512
1993	3000653
1994	3001794
1995	3002935
1996	3004076
1997	3005217
1998	3006358
1999	-1
2000	3007499
2001	3008640
2002	3009781
2003	3010922
2004	3012063
2005	3013204
2006	3014345
2007	-1
2008	3015486
2009	3016627
2010	3017768
2011	3018909
2012	3020050
2013	3021191
2014	3022332
2015	-1
2016	3023473
2017	3024614
2018	3025755
2019	3026896
2020	3028037
2021	3029178
2022	3030319
2023	3031460
2024	-1
2025	3032601
2026	3033742
2027	3034883
2028	3036024
2029	3037165
2030	3038306
2031	3039447
2032	-1
2033	3040588
2034	3041729
2035	3042870
2036	3044011
2037	3045152
2038	3046293
2039	3047434
2040	-1
2041	3048575
2042	3049716
2043	3050857
2044	3051998
2045	3053139
2046	3054280
2047	3055421
2048	-1
2049	3056562
2050	3057703
2051	3058844
2052	3059985
2053	3061126
2054	3062267
2055	3063408
2056	-1
2057	3064549
2058	3065690
2059	3066831
2060	3067972
2061	3069113
2062	3070254
2063	3071395
2064	-1
2065	3072536
2066	3073677
2067	3074818
2068	3075959
2069	3077100
2070	3078241
2071	3079382
2072	-1
2073	3080523
2074	3081664
2075	3082805
2076	3083946
2077	3085087
2078	3086228
2079	3087369
2080	-1
2081	3088510
2082	3089651
2083	3090792
2084	3091933
2085	3093074
2086	3094215
2087	3095356
2088	-1
2089	3096497
2090	3097638
2091	3098779
2092	3099920
2093	3101061
2094	3102202
2095	3103343
2096	-1
2097	3104484
2098	3105625
2099	3106766
2100	3107907
2101	3109048
2102	3110189
2103	3111330
2104	-1
2105	3112471
2106	3113612
2107	3114753
2108	3115894
2109	3117035
2110	3118176
2111	3119317
2112	3120458
2113	-1
2114	3121599
2115	3122740
2116	3123881
2117	3125022
2118	3126163
2119	3127304
2120	3128445
2121	-1
2122	3129586
2123	3130727
2124	3131868
2125	3133009
2126	3134150
2127	3135291
2128	3136432
2129	-1
2130	3137573
2131	3138714
2132	3139855
2133	3140996
2134	3142137
2135	3143278
2136	3144419
2137	-1
2138	3145560
2139	3146701
2140	3147842
2141	3148983
2142	3150124
2143	3151265
2144	3152406
2145	-1
2146	3153547
2147	3154688
2148	3155829
2149	3156970
2150	3158111
2151	3159252
2152	3160393
2153	-1
2154	3161534
2155	3162675
2156	3163816
2157	3164957
2158	3166098
2159	3167239
2160	3168380
2161	-1
2162	3169521
2163	3170662
2164	3171803
2165	3172944
2166	3174085
2167	3175226
2168	3176367
2169	-1
2170	3177508
2171	3178649
2172	3179790
2173	3180931
2174	3182072
2175	3183213
2176	3184354
2177	-1
2178	3185495
2179	3186636
2180	3187777
2181	3188918
2182	3190059
2183	3191200
2184	3192341
2185	-1
2186	3193482
2187	3194623
2188	3195764
2189	3196905
2190	3198046
2191	3199187
2192	3200328
2193	-1
2194	3201469
2195	3202610
2196	3203751
2197	3204892
2198	3206033
2199	3207174
2200	3208315
2201	3209456
2202	-1
2203	3210597
2204	3211738
2205	3212879
2206	3214020
2207	3215161
2208	3216302
2209	3217443
2210	-1
2211	3218584
2212	3219725
2213	3220866
2214	3222007
2215	3223148
2216	3224289
2217	3225430
2218	-1
2219	3226571
2220	3227712
2221	3228853
2222	3229994
2223	3231135
2224	3232276
2225	3233417
2226	-1
2227	3234558
2228	3235699
2229	3236840
2230	3237981
2231	3239122
2232	3240263
2233	3241404
2234	-1
2235	3242545
2236	3243686
2237	3244827
2238	3245968
2239	3247109
2240	3248250
2241	3249391
2242	-1
2243	3250532
2244	3251673
2245	3252814
2246	3253955
2247	3255096
2248	3256237
2249	3257378
2250	-1
2251	3258519
2252	3259660
2253	3260801
2254	3261942
2255	3263083
2256	3264224
2257	3265365
2258	-1
2259	3266506
2260	3267647
2261	3268788
2262	3269929
2263	3271070
2264	3272211
2265	3273352
2266	-1
2267	3274493
2268	3275634
2269	3276775
2270	3277916
2271	3279057
2272	3280198
2273	3281339
2274	-1
2275	3282480
2276	3283621
2277	3284762
2278	3285903
2279	3287044
2280	3288185
2281	3289326
2282	-1
2283	3290467
2284	3291608
2285	3292749
2286	3293890
2287	3295031
2288	3296172
2289	3297313
2290	3298454
2291	-1
2292	3299595
2293	3300736
2294	3301877
2295	3303018
2296	3304159
2297	3305300
2298	3306441
2299	-1
2300	3307582
2301	3308723
2302	3309864
2303	3311005
2304	3312146
2305	3313287
2306	3314428
2307	-1
2308	3315569
2309	3316710
2310	3317851
2311	3318992
2312	3320133
2313	3321274
2314	3322415
2315	-1
2316	3323556
2317	3324697
2318	3325838
2319	3326979
2320	3328120
2321	3329261
2322	3330402
2323	-1
2324	3331543
2325	3332684
2326	3333825
2327	3334966
2328	3336107
2329	3337248
2330	3338389
2331	-1
2332	3339530
2333	3340671
2334	3341812
2335	3342953
2336	3344094
2337	3345235
2338	3346376
2339	-1
2340	3347517
2341	3348658
2342	3349799
2343	3350940
2344	3352081
2345	3353222
2346	3354363
2347	-1
2348	3355504
2349	3356645
2350	3357786
2351	3358927
2352	3360068
2353	3361209
2354	3362350
2355	-1
2356	3363491
2357	3364632
2358	3365773
2359	3366914
2360	3368055
2361	3369196
2362	3370337
2363	-1
2364	3371478
2365	3372619
2366	3373760
2367	3374901
2368	3376042
2369	3377183
2370	3378324
2371	-1
2372	3379465
2373	3380606
2374	3381747
2375	3382888
2376	3384029
2377	3385170
2378	3386311
2379	3387452
2380	-1
2381	3388593
2382	3389734
2383	3390875
2384	3392016
2385	3393157
2386	3394298
2387	3395439
2388	-1
2389	3396580
2390	3397721
2391	3398862
2392	3400003
2393	3401144
2394	3402285
2395	3403426
2396	-1
2397	3404567
2398	3405708
2399	3406849
2400	3407990
2401	3409131
2402	3410272
2403	3411413
2404	-1
2405	3412554
2406	3413695
2407	3414836
2408	3415977
2409	3417118
2410	3418259
2411	3419400
2412	-1
2413	3420541
2414	3421682
2415	3422823
2416	3423964
2417	3425105
2418	3426246
2419	3427387
2420	-1
2421	3428528
2422	3429669
2423	3430810
2424	3431951
2425	3433092
2426	3434233
2427	3435374
2428	-1
2429	3436515
2430	3437656
2431	3438797
2432	3439938
2433	3441079
2434	3442220
2435	3443361
2436	-1
2437	3444502
2438	3445643
2439	3446784
2440	3447925
2441	3449066
2442	3450207
2443	3451348
2444	-1
2445	3452489
2446	3453630
2447	3454771
2448	3455912
2449	3457053
2450	3458194
2451	3459335
2452	-1
2453	3460476
2454	3461617
2455	3462758
2456	3463899
2457	3465040
2458	3466181
2459	3467322
2460	-1
2461	3468463
2462	3469604
2463	3470745
2464	3471886
2465	3473027
2466	3474168
2467	3475309
2468	3476450
2469	-1
2470	3477591
2471	3478732
2472	3479873
2473	3481014
2474	3482155
2475	3483296
2476	3484437
2477	-1
2478	3485578
2479	3486719
2480	3487860
2481	3489001
2482	3490142
2483	3491283
2484	3492424
2485	-1
2486	3493565
2487	3494706
2488	3495847
2489	3496988
2490	3498129
2491	3499270
2492	3500411
2493	-1
2494	3501552
2495	3502693
2496	3503834
2497	3504975
2498	3506116
2499	3507257
2500	3508398
2501	-1
2502	3509539
2503	3510680
2504	3511821
2505	3512962
2506	3514103
2507	3515244
2508	3516385
2509	-1
2510	3517526
2511	3518667
2512	3519808
2513	3520949
2514	3522090
2515	3523231
2516	3524372
2517	-1
2518	3525513
2519	3526654
2520	3527795
2521	3528936
2522	3530077
2523	3531218
2524	3532359
2525	-1
2526	3533500
2527	3534641
2528	3535782
2529	3536923
2530	3538064
2531	3539205
2532	3540346
2533	-1
2534	3541487
2535	3542628
2536	3543769
2537	3544910
2538	3546051
2539	3547192
2540	3548333
2541	-1
2542	3549474
2543	3550615
2544	3551756
2545	3552897
2546	3554038
2547	3555179
2548	3556320
2549	3557461
2550	-1
2551	3558602
2552	3559743
2553	3560884
2554	3562025
2555	3563166
2556	3564307
2557	3565448
2558	-1
2559	3566589
2560	3567730
2561	3568871
2562	3570012
2563	3571153
2564	3572294
2565	3573435
2566	-1
2567	3574576
2568	3575717
2569	3576858
2570	3577999
2571	3579140
2572	3580281
2573	3581422
2574	-1
2575	3582563
2576	3583704
2577	3584845
2578	3585986
2579	3587127
2580	3588268
2581	3589409
2582	-1
2583	3590550
2584	3591691
2585	3592832
2586	3593973
2587	3595114
2588	3596255
2589	3597396
2590	-1
2591	3598537
2592	3599678
2593	3600819
2594	3601960
2595	3603101
2596	3604242
2597	3605383
2598	-1
2599	3606524
2600	3607665
2601	3608806
2602	3609947
2603	3611088
2604	3612229
2605	3613370
2606	-1
2607	3614511
2608	3615652
2609	3616793
2610	3617934
2611	3619075
2612	3620216
2613	3621357
2614	-1
2615	3622498
2616	3623639
2617	3624780
2618	3625921
2619	3627062
2620	3628203
2621	3629344
2622	-1
2623	3630485
2624	3631626
2625	3632767
2626	3633908
2627	3635049
2628	3636190
2629	3637331
2630	-1
2631	3638472
2632	3639613
2633	3640754
2634	3641895
2635	3643036
2636	3644177
2637	3645318
2638	3646459
2639	-1
2640	3647600
2641	3648741
2642	3649882
2643	3651023
2644	3652164
2645	3653305
2646	3654446
2647	-1
2648	3655587
2649	3656728
2650	3657869
2651	3659010
2652	3660151
2653	3661292
2654	3662433
2655	-1
2656	3663574
2657	3664715
2658	3665856
2659	3666997
2660	3668138
2661	3669279
2662	3670420
2663	-1
2664	3671561
2665	3672702
2666	3673843
2667	3674984
2668	3676125
2669	3677266
2670	3678407
2671	-1
2672	3679548
2673	3680689
2674	3681830
2675	3682971
2676	3684112
2677	3685253
2678	3686394
2679	-1
2680	3687535
2681	3688676
2682	3689817
2683	3690958
2684	3692099
2685	3693240
2686	3694381
2687	-1
2688	3695522
2689	3696663
2690	3697804
2691	3698945
2692	3700086
2693	3701227
2694	3702368
2695	-1
2696	3703509
2697	3704650
2698	3705791
2699	3706932
2700	3708073
2701	3709214
2702	3710355
2703	-1
2704	3711496
2705	3712637
2706	3713778
2707	3714919
2708	3716060
2709	3717201
2710	3718342
2711	-1
2712	3719483
2713	3720624
2714	3721765
2715	3722906
2716	3724047
2717	3725188
2718	3726329
2719	-1
2720	3727470
2721	3728611
2722	3729752
2723	3730893
2724	3732034
2725	3733175
2726	3734316
2727	3735457
2728	-1
2729	3736598
2730	3737739
2731	3738880
2732	3740021
2733	3741162
2734	3742303
2735	3743444
2736	-1
2737	3744585
2738	3745726
2739	3746867
2740	3748008
2741	3749149
2742	3750290
2743	3751431
2744	-1
2745	3752572
2746	3753713
2747	3754854
2748	3755995
2749	3757136
2750	3758277
2751	3759418
2752	-1
2753	3760559
2754	3761700
2755	3762841
2756	3763982
2757	3765123
2758	3766264
2759	3767405
2760	-1
2761	3768546
2762	3769687
2763	3770828
2764	3771969
2765	3773110
2766	3774251
2767	3775392
2768	-1
2769	3776533
2770	3777674
2771	3778815
2772	3779956
2773	3781097
2774	3782238
2775	3783379
2776	-1
2777	3784520
2778	3785661
2779	3786802
2780	3787943
2781	3789084
2782	3790225
2783	3791366
2784	-1
2785	3792507
2786	3793648
2787	3794789
2788	3795930
2789	3797071
2790	3798212
2791	3799353
2792	-1
2793	3800494
2794	3801635
2795	3802776
2796	3803917
2797	3805058
2798	3806199
2799	3807340
2800	-1
2801	3808481
2802	3809622
2803	3810763
2804	3811904
2805	3813045
2806	3814186
2807	3815327
2808	-1
2809	3816468
2810	3817609
2811	3818750
2812	3819891
2813	3821032
2814	3822173
2815	3823314
2816	3824455
2817	-1
2818	3825596
2819	3826737
2820	3827878
2821	3829019
2822	3830160
2823	3831301
2824	3832442
2825	-1
2826	3833583
2827	3834724
2828	3835865
2829	3837006
2830	3838147
2831	3839288
2832	3840429
2833	-1
2834	3841570
2835	3842711
2836	3843852
2837	3844993
2838	3846134
2839	3847275
2840	3848416
2841	-1
2842	3849557
2843	3850698
2844	3851839
2845	3852980
2846	3854121
2847	3855262
2848	3856403
2849	-1
2850	3857544
2851	3858685
2852	3859826
2853	3860967
2854	3862108
2855	3863249
2856	3864390
2857	-1
2858	3865531
2859	3866672
2860	3867813
2861	3868954
2862	3870095
2863	3871236
2864	3872377
2865	-1
2866	3873518
2867	3874659
2868	3875800
2869	3876941
2870	3878082
2871	3879223
2872	3880364
2873	-1
2874	3881505
2875	3882646
2876	3883787
2877	3884928
2878	3886069
2879	3887210
2880	3888351
2881	-1
2882	3889492
2883	3890633
2884	3891774
2885	3892915
2886	3894056
2887	3895197
2888	3896338
2889	-1
2890	3897479
2891	3898620
2892	3899761
2893	3900902
2894	3902043
2895	3903184
2896	3904325
2897	-1
2898	3905466
2899	3906607
2900	3907748
2901	3908889
2902	3910030
2903	3911171
2904	3912312
2905	3913453
2906	-1
2907	3914594
2908	3915735
2909	3916876
2910	3918017
2911	3919158
2912	3920299
2913	3921440
2914	-1
2915	3922581
2916	3923722
2917	3924863
2918	3926004
2919	3927145
2920	3928286
2921	3929427
2922	-1
2923	3930568
2924	3931709
2925	3932850
2926	3933991
2927	3935132
2928	3936273
2929	3937414
2930	-1
2931	3938555
2932	3939696
2933	3940837
2934	3941978
2935	3943119
2936	3944260
2937	3945401
2938	-1
2939	3946542
2940	3947683
2941	3948824
2942	3949965
2943	3951106
2944	3952247
2945	3953388
2946	-1
2947	3954529
2948	3955670
2949	3956811
2950	3957952
2951	3959093
2952	3960234
2953	3961375
2954	-1
2955	3962516
2956	3963657
2957	3964798
2958	3965939
2959	3967080
2960	3968221
2961	3969362
2962	-1
2963	3970503
2964	3971644
2965	3972785
2966	3973926
2967	3975067
2968	3976208
2969	3977349
2970	-1
2971	3978490
2972	3979631
2973	3980772
2974	3981913
2975	3983054
2976	3984195
2977	3985336
2978	-1
2979	3986477
2980	3987618
2981	3988759
2982	3989900
2983	3991041
2984	3992182
2985	3993323
2986	-1
2987	3994464
2988	3995605
2989	3996746
2990	3997887
2991	3999028
2992	4000169
2993	4001310
2994	4002451
2995	-1
2996	4003592
2997	4004733
2998	4005874
2999	4007015
3000	4008156
3001	4009297
3002	4010438
3003	-1
3004	4011579
3005	4012720
3006	4013861
3007	4015002
3008	4016143
3009	4017284
3010	4018425
3011	-1
3012	4019566
3013	4020707
3014	4021848
3015	4022989
3016	4024130
3017	4025271
3018	4026412
3019	-1
3020	4027553
3021	4028694
3022	4029835
3023	4030976
3024	4032117
3025	4033258
3026	4034399
3027	-1
3028	4035540
3029	4036681
3030	4037822
3031	4038963
3032	4040104
3033	4041245
3034	4042386
3035	-1
3036	4043527
3037	4044668
3038	4045809
3039	4046950
3040	4048091
3041	4049232
3042	4050373
3043	-1
3044	4051514
3045	4052655
3046	4053796
3047	4054937
3048	4056078
3049	4057219
3050	4058360
3051	-1
3052	4059501
3053	4060642
3054	4061783
3055	4062924
3056	4064065
3057	4065206
3058	4066347
3059	-1
3060	4067488
3061	4068629
3062	4069770
3063	4070911
3064	4072052
3065	4073193
3066	4074334
3067	-1
3068	4075475
3069	4076616
3070	4077757
3071	4078898
3072	4080039
3073	4081180
3074	4082321
3075	4083462
3076	-1
3077	4084603
3078	4085744
3079	4086885
3080	4088026
3081	4089167
3082	4090308
3083	4091449
3084	-1
3085	4092590
3086	4093731
3087	4094872
3088	4096013
3089	4097154
3090	4098295
3091	4099436
3092	-1
3093	4100577
3094	4101718
3095	4102859
3096	4104000
3097	4105141
3098	4106282
3099	4107423
3100	-1
3101	4108564
3102	4109705
3103	4110846
3104	4111987
3105	4113128
3106	4114269
3107	4115410
3108	-1
3109	4116551
3110	4117692
3111	4118833
3112	4119974
3113	4121115
3114	4122256
3115	4123397
3116	-1
3117	4124538
3118	4125679
3119	4126820
3120	4127961
3121	4129102
3122	4130243
3123	4131384
3124	-1
3125	4132525
3126	4133666
3127	4134807
3128	4135948
3129	4137089
3130	4138230
3131	4139371
3132	-1
3133	4140512
3134	4141653
3135	4142794
3136	4143935
3137	4145076
3138	4146217
3139	4147358
3140	-1
3141	4148499
3142	4149640
3143	4150781
3144	4151922
3145	4153063
3146	4154204
3147	4155345
3148	-1
3149	4156486
3150	4157627
3151	4158768
3152	4159909
3153	4161050
3154	4162191
3155	4163332
3156	-1
3157	4164473
3158	4165614
3159	4166755
3160	4167896
3161	4169037
3162	4170178
3163	4171319
3164	4172460
3165	-1
3166	4173601
3167	4174742
3168	4175883
3169	4177024
3170	4178165
3171	4179306
3172	4180447
3173	-1
3174	4181588
3175	4182729
3176	4183870
3177	4185011
3178	4186152
3179	4187293
3180	4188434
3181	-1
3182	4189575
3183	4190716
3184	4191857
3185	4192998
3186	4194139
3187	4195280
3188	4196421
3189	-1
3190	4197562
3191	4198703
3192	4199844
3193	4200985
3194	4202126
3195	4203267
3196	4204408
3197	-1
3198	4205549
3199	4206690
3200	4207831
3201	4208972
3202	4210113
3203	4211254
3204	4212395
3205	-1
3206	4213536
3207	4214677
3208	4215818
3209	4216959
3210	4218100
3211	4219241
3212	4220382
3213	-1
3214	4221523
3215	4222664
3216	4223805
3217	4224946
3218	4226087
3219	4227228
3220	4228369
3221	-1
3222	4229510
3223	4230651
3224	4231792
3225	4232933
3226	4234074
3227	4235215
3228	4236356
3229	-1
3230	4237497
3231	4238638
3232	4239779
3233	4240920
3234	4242061
3235	4243202
3236	4244343
3237	-1
3238	4245484
3239	4246625
3240	4247766
3241	4248907
3242	4250048
3243	4251189
3244	4252330
3245	-1
3246	4253471
3247	4254612
3248	4255753
3249	4256894
3250	4258035
3251	4259176
3252	4260317
3253	4261458
3254	-1
3255	4262599
3256	4263740
3257	4264881
3258	4266022
3259	4267163
3260	4268304
3261	4269445
3262	-1
3263	4270586
3264	4271727
3265	4272868
3266	4274009
3267	4275150
3268	4276291
3269	4277432
3270	-1
3271	4278573
3272	4279714
3273	4280855
3274	4281996
3275	4283137
3276	4284278
3277	4285419
3278	-1
3279	4286560
3280	4287701
3281	4288842
3282	4289983
3283	4291124
3284	4292265
3285	4293406
3286	-1
3287	4294547
3288	4295688
3289	4296829
3290	4297970
3291	4299111
3292	4300252
3293	4301393
3294	-1
3295	4302534
3296	4303675
3297	4304816
3298	4305957
3299	4307098
3300	4308239
3301	4309380
3302	-1
3303	4310521
3304	4311662
3305	4312803
3306	4313944
3307	4315085
3308	4316226
3309	4317367
3310	-1
3311	4318508
3312	4319649
3313	4320790
3314	4321931
3315	4323072
3316	4324213
3317	4325354
3318	-1
3319	4326495
3320	4327636
3321	4328777
3322	4329918
3323	4331059
3324	4332200
3325	4333341
3326	-1
3327	4334482
3328	4335623
3329	4336764
3330	4337905
3331	4339046
3332	4340187
3333	4341328
3334	-1
3335	4342469
3336	4343610
3337	4344751
3338	4345892
3339	4347033
3340	4348174
3341	4349315
3342	4350456
3343	-1
3344	4351597
3345	4352738
3346	4353879
3347	4355020
3348	4356161
3349	4357302
3350	4358443
3351	-1
3352	4359584
3353	4360725
3354	4361866
3355	4363007
3356	4364148
3357	4365289
3358	4366430
3359	-1
3360	4367571
3361	4368712
3362	4369853
3363	4370994
3364	4372135
3365	4373276
3366	4374417
3367	-1
3368	4375558
3369	4376699
3370	4377840
3371	4378981
3372	4380122
3373	4381263
3374	4382404
3375	-1
3376	4383545
3377	4384686
3378	4385827
3379	4386968
3380	4388109
3381	4389250
3382	4390391
3383	-1
3384	4391532
3385	4392673
3386	4393814
3387	4394955
3388	4396096
3389	4397237
3390	4398378
3391	-1
3392	4399519
3393	4400660
3394	4401801
3395	4402942
3396	4404083
3397	4405224
3398	4406365
3399	-1
3400	4407506
3401	4408647
3402	4409788
3403	4410929
3404	4412070
3405	4413211
3406	4414352
3407	-1
3408	4415493
3409	4416634
3410	4417775
3411	4418916
3412	4420057
3413	4421198
3414	4422339
3415	-1
3416	4423480
3417	4424621
3418	4425762
3419	4426903
3420	4428044
3421	4429185
3422	4430326
3423	-1
3424	4431467
3425	4432608
3426	4433749
3427	4434890
3428	4436031
3429	4437172
3430	4438313
3431	4439454
3432	-1
3433	4440595
3434	4441736
3435	4442877
3436	4444018
3437	4445159
3438	4446300
3439	4447441
3440	-1
3441	4448582
3442	4449723
3443	4450864
3444	4452005
3445	4453146
3446	4454287
3447	4455428
3448	-1
3449	4456569
3450	4457710
3451	4458851
3452	4459992
3453	4461133
3454	4462274
3455	4463415
3456	-1
3457	4464556
3458	4465697
3459	4466838
3460	4467979
3461	4469120
3462	4470261
3463	4471402
3464	-1
3465	4472543
3466	4473684
3467	4474825
3468	4475966
3469	4477107
3470	4478248
3471	4479389
3472	-1
3473	4480530
3474	4481671
3475	4482812
3476	4483953
3477	4485094
3478	4486235
3479	4487376
3480	-1
3481	4488517
3482	4489658
3483	4490799
3484	4491940
3485	4493081
3486	4494222
3487	4495363
3488	-1
3489	4496504
3490	4497645
3491	4498786
3492	4499927
3493	4501068
3494	4502209
3495	4503350
3496	-1
3497	4504491
3498	4505632
3499	4506773
3500	4507914
3501	4509055
3502	4510196
3503	4511337
3504	-1
3505	4512478
3506	4513619
3507	4514760
3508	4515901
3509	4517042
3510	4518183
3511	4519324
3512	-1
3513	4520465
3514	4521606
3515	4522747
3516	4523888
3517	4525029
3518	4526170
3519	4527311
3520	4528452
3521	-1
3522	4529593
3523	4530734
3524	4531875
3525	4533016
3526	4534157
3527	4535298
3528	4536439
3529	-1
3530	4537580
3531	4538721
3532	4539862
3533	4541003
3534	4542144
3535	4543285
3536	4544426
3537	-1
3538	4545567
3539	4546708
3540	4547849
3541	4548990
3542	4550131
3543	4551272
3544	4552413
3545	-1
3546	4553554
3547	4554695
3548	4555836
3549	4556977
3550	4558118
3551	4559259
3552	4560400
3553	-1
3554	4561541
3555	4562682
3556	4563823
3557	4564964
3558	4566105
3559	4567246
3560	4568387
3561	-1
3562	4569528
3563	4570669
3564	4571810
3565	4572951
3566	4574092
3567	4575233
3568	4576374
3569	-1
3570	4577515
3571	4578656
3572	4579797
3573	4580938
3574	4582079
3575	4583220
3576	4584361
3577	-1
3578	4585502
3579	4586643
3580	4587784
3581	4588925
3582	4590066
3583	4591207
3584	4592348
3585	-1
3586	4593489
3587	4594630
3588	4595771
3589	4596912
3590	4598053
3591	4599194
3592	4600335
3593	-1
3594	4601476
3595	4602617
3596	4603758
3597	4604899
3598	4606040
3599	4607181
3600	4608322
3601	-1
3602	4609463
3603	4610604
3604	4611745
3605	4612886
3606	4614027
3607	4615168
3608	4616309
3609	4617450
3610	-1
3611	4618591
3612	4619732
3613	4620873
3614	4622014
3615	4623155
3616	4624296
3617	4625437
3618	-1
3619	4626578
3620	4627719
3621	4628860
3622	4630001
3623	4631142
3624	4632283
3625	4633424
3626	-1
3627	4634565
3628	4635706
3629	4636847
3630	4637988
3631	4639129
3632	4640270
3633	4641411
3634	-1
3635	4642552
3636	4643693
3637	4644834
3638	4645975
3639	4647116
3640	4648257
3641	4649398
3642	-1
3643	4650539
3644	4651680
3645	4652821
3646	4653962
3647	4655103
3648	4656244
3649	4657385
3650	-1
3651	4658526
3652	4659667
3653	4660808
3654	4661949
3655	4663090
3656	4664231
3657	4665372
3658	-1
3659	4666513
3660	4667654
3661	4668795
3662	4669936
3663	4671077
3664	4672218
3665	4673359
3666	-1
3667	4674500
3668	4675641
3669	4676782
3670	4677923
3671	4679064
3672	4680205
3673	4681346
3674	-1
3675	4682487
3676	4683628
3677	4684769
3678	4685910
3679	4687051
3680	4688192
3681	4689333
3682	-1
3683	4690474
3684	4691615
3685	4692756
3686	4693897
3687	4695038
3688	4696179
3689	4697320
3690	4698461
3691	-1
3692	4699602
3693	4700743
3694	4701884
3695	4703025
3696	4704166
3697	4705307
3698	4706448
3699	-1
3700	4707589
3701	4708730
3702	4709871
3703	4711012
3704	4712153
3705	4713294
3706	4714435
3707	-1
3708	4715576
3709	4716717
3710	4717858
3711	4718999
3712	4720140
3713	4721281
3714	4722422
3715	-1
3716	4723563
3717	4724704
3718	4725845
3719	4726986
3720	4728127
3721	4729268
3722	4730409
3723	-1
3724	4731550
3725	4732691
3726	4733832
3727	4734973
3728	4736114
3729	4737255
3730	4738396
3731	-1
3732	4739537
3733	4740678
3734	4741819
3735	4742960
3736	4744101
3737	4745242
3738	4746383
3739	-1
3740	4747524
3741	4748665
3742	4749806
3743	4750947
3744	4752088
3745	4753229
3746	4754370
3747	-1
3748	4755511
3749	4756652
3750	4757793
3751	4758934
3752	4760075
3753	4761216
3754	4762357
3755	-1
3756	4763498
3757	4764639
3758	4765780
3759	4766921
3760	4768062
3761	4769203
3762	4770344
3763	-1
3764	4771485
3765	4772626
3766	4773767
3767	4774908
3768	4776049
3769	4777190
3770	4778331
3771	-1
3772	4779472
3773	4780613
3774	4781754
3775	4782895
3776	4784036
3777	4785177
3778	4786318
3779	4787459
3780	-1
3781	4788600
3782	4789741
3783	4790882
3784	4792023
3785	4793164
3786	4794305
3787	4795446
3788	-1
3789	4796587
3790	4797728
3791	4798869
3792	4800010
3793	4801151
3794	4802292
3795	4803433
3796	-1
3797	4804574
3798	4805715
3799	4806856
3800	4807997
3801	4809138
3802	4810279
3803	4811420
3804	-1
3805	4812561
3806	4813702
3807	4814843
3808	4815984
3809	4817125
3810	4818266
3811	4819407
3812	-1
3813	4820548
3814	4821689
3815	4822830
3816	4823971
3817	4825112
3818	4826253
3819	4827394
3820	-1
3821	4828535
3822	4829676
3823	4830817
3824	4831958
3825	4833099
3826	4834240
3827	4835381
3828	-1
3829	4836522
3830	4837663
3831	4838804
3832	4839945
3833	4841086
3834	4842227
3835	4843368
3836	-1
3837	4844509
3838	4845650
3839	4846791
3840	4847932
3841	4849073
3842	4850214
3843	4851355
3844	-1
3845	4852496
3846	4853637
3847	4854778
3848	4855919
3849	4857060
3850	4858201
3851	4859342
3852	-1
3853	4860483
3854	4861624
3855	4862765
3856	4863906
3857	4865047
3858	4866188
3859	4867329
3860	-1
3861	4868470
3862	4869611
3863	4870752
3864	4871893
3865	4873034
3866	4874175
3867	4875316
3868	4876457
3869	-1
3870	4877598
3871	4878739
3872	4879880
3873	4881021
3874	4882162
3875	4883303
3876	4884444
3877	-1
3878	4885585
3879	4886726
3880	4887867
3881	4889008
3882	4890149
3883	4891290
3884	4892431
3885	-1
3886	4893572
3887	4894713
3888	4895854
3889	4896995
3890	4898136
3891	4899277
3892	4900418
3893	-1
3894	4901559
3895	4902700
3896	4903841
3897	4904982
3898	4906123
3899	4907264
3900	4908405
3901	-1
3902	4909546
3903	4910687
3904	4911828
3905	4912969
3906	4914110
3907	4915251
3908	4916392
3909	-1
3910	4917533
3911	4918674
3912	4919815
3913	4920956
3914	4922097
3915	4923238
3916	4924379
3917	-1
3918	4925520
3919	4926661
3920	4927802
3921	4928943
3922	4930084
3923	4931225
3924	4932366
3925	-1
3926	4933507
3927	4934648
3928	4935789
3929	4936930
3930	4938071
3931	4939212
3932	4940353
3933	-1
3934	4941494
3935	4942635
3936	4943776
3937	4944917
3938	4946058
3939	4947199
3940	4948340
3941	-1
3942	4949481
3943	4950622
3944	4951763
3945	4952904
3946	4954045
3947	4955186
3948	4956327
3949	-1
3950	4957468
3951	4958609
3952	4959750
3953	4960891
3954	4962032
3955	4963173
3956	4964314
3957	4965455
3958	-1
3959	4966596
3960	4967737
3961	4968878
3962	4970019
3963	4971160
3964	4972301
3965	4973442
3966	-1
3967	4974583
3968	4975724
3969	4976865
3970	4978006
3971	4979147
3972	4980288
3973	4981429
3974	-1
3975	4982570
3976	4983711
3977	4984852
3978	4985993
3979	4987134
3980	4988275
3981	4989416
3982	-1
3983	4990557
3984	4991698
3985	4992839
3986	4993980
3987	4995121
3988	4996262
3989	4997403
3990	-1
3991	4998544
3992	4999685
3993	5000826
3994	5001967
3995	5003108
3996	5004249
3997	5005390
3998	-1
3999	5006531
4000	5007672
4001	5008813
4002	5009954
4003	5011095
4004	5012236
4005	5013377
4006	-1
4007	5014518
4008	5015659
4009	5016800
4010	5017941
4011	5019082
4012	5020223
4013	5021364
4014	-1
4015	5022505
4016	5023646
4017	5024787
4018	5025928
4019	5027069
4020	5028210
4021	5029351
4022	-1
4023	5030492
4024	5031633
4025	5032774
4026	5033915
4027	5035056
4028	5036197
4029	5037338
4030	-1
4031	5038479
4032	5039620
4033	5040761
4034	5041902
4035	5043043
4036	5044184
4037	5045325
4038	-1
4039	5046466
4040	5047607
4041	5048748
4042	5049889
4043	5051030
4044	5052171
4045	5053312
4046	5054453
4047	-1
4048	5055594
4049	5056735
4050	5057876
4051	5059017
4052	5060158
4053	5061299
4054	5062440
4055	-1
4056	5063581
4057	5064722
4058	5065863
4059	5067004
4060	5068145
4061	5069286
4062	5070427
4063	-1
4064	5071568
4065	5072709
4066	5073850
4067	5074991
4068	5076132
4069	5077273
4070	5078414
4071	-1
4072	5079555
4073	5080696
4074	5081837
4075	5082978
4076	5084119
4077	5085260
4078	5086401
4079	-1
4080	5087542
4081	5088683
4082	5089824
4083	5090965
4084	5092106
4085	5093247
4086	5094388
4087	-1
4088	5095529
4089	5096670
4090	5097811
4091	5098952
4092	5100093
4093	5101234
4094	5102375
4095	-1
4096	5103516
4097	5104657
4098	5105798
4099	5106939
4100	5108080
4101	5109221
4102	5110362
4103	-1
4104	5111503
4105	5112644
4106	5113785
4107	5114926
4108	5116067
4109	5117208
4110	5118349
4111	-1
4112	5119490
4113	5120631
4114	5121772
4115	5122913
4116	5124054
4117	5125195
4118	5126336
4119	-1
4120	5127477
4121	5128618
4122	5129759
4123	5130900
4124	5132041
4125	5133182
4126	5134323
4127	-1
4128	5135464
4129	5136605
4130	5137746
4131	5138887
4132	5140028
4133	5141169
4134	5142310
4135	5143451
4136	-1
4137	5144592
4138	5145733
4139	5146874
4140	5148015
4141	5149156
4142	5150297
4143	5151438
4144	-1
4145	5152579
4146	5153720
4147	5154861
4148	5156002
4149	5157143
4150	5158284
4151	5159425
4152	-1
4153	5160566
4154	5161707
4155	5162848
4156	5163989
4157	5165130
4158	5166271
4159	5167412
4160	-1
4161	5168553
4162	5169694
4163	5170835
4164	5171976
4165	5173117
4166	5174258
4167	5175399
4168	-1
4169	5176540
4170	5177681
4171	5178822
4172	5179963
4173	5181104
4174	5182245
4175	5183386
4176	-1
4177	5184527
4178	5185668
4179	5186809
4180	5187950
4181	5189091
4182	5190232
4183	5191373
4184	-1
4185	5192514
4186	5193655
4187	5194796
4188	5195937
4189	5197078
4190	5198219
4191	5199360
4192	-1
4193	5200501
4194	5201642
4195	5202783
4196	5203924
4197	5205065
4198	5206206
4199	5207347
4200	-1
4201	5208488
4202	5209629
4203	5210770
4204	5211911
4205	5213052
4206	5214193
4207	5215334
4208	-1
4209	5216475
4210	5217616
4211	5218757
4212	5219898
4213	5221039
4214	5222180
4215	5223321
4216	5224462
4217	-1
4218	5225603
4219	5226744
4220	5227885
4221	5229026
4222	5230167
4223	5231308
4224	5232449
4225	-1
4226	5233590
4227	5234731
4228	5235872
4229	5237013
4230	5238154
4231	5239295
4232	5240436
4233	-1
4234	5241577
4235	5242718
4236	5243859
4237	5245000
4238	5246141
4239	5247282
4240	5248423
4241	-1
4242	5249564
4243	5250705
4244	5251846
4245	5252987
4246	5254128
4247	5255269
4248	5256410
4249	-1
4250	5257551
4251	5258692
4252	5259833
4253	5260974
4254	5262115
4255	5263256
4256	5264397
4257	-1
4258	5265538
4259	5266679
4260	5267820
4261	5268961
4262	5270102
4263	5271243
4264	5272384
4265	-1
4266	5273525
4267	5274666
4268	5275807
4269	5276948
4270	5278089
4271	5279230
4272	5280371
4273	-1
4274	5281512
4275	5282653
4276	5283794
4277	5284935
4278	5286076
4279	5287217
4280	5288358
4281	-1
4282	5289499
4283	5290640
4284	5291781
4285	5292922
4286	5294063
4287	5295204
4288	5296345
4289	-1
4290	5297486
4291	5298627
4292	5299768
4293	5300909
4294	5302050
4295	5303191
4296	5304332
4297	-1
4298	5305473
4299	5306614
4300	5307755
4301	5308896
4302	5310037
4303	5311178
4304	5312319
4305	5313460
4306	-1
4307	5314601
4308	5315742
4309	5316883
4310	5318024
4311	5319165
4312	5320306
4313	5321447
4314	-1
4315	5322588
4316	5323729
4317	5324870
4318	5326011
4319	5327152
4320	5328293
4321	5329434
4322	-1
4323	5330575
4324	5331716
4325	5332857
4326	5333998
4327	5335139
4328	5336280
4329	5337421
4330	-1
4331	5338562
4332	5339703
4333	5340844
4334	5341985
4335	5343126
4336	5344267
4337	5345408
4338	-1
4339	5346549
4340	5347690
4341	5348831
4342	5349972
4343	5351113
4344	5352254
4345	5353395
4346	-1
4347	5354536
4348	5355677
4349	5356818
4350	5357959
4351	5359100
4352	5360241
4353	5361382
4354	-1
4355	5362523
4356	5363664
4357	5364805
4358	5365946
4359	5367087
4360	5368228
4361	5369369
4362	-1
4363	5370510
4364	5371651
4365	5372792
4366	5373933
4367	5375074
4368	5376215
4369	5377356
4370	-1
4371	5378497
4372	5379638
4373	5380779
4374	5381920
4375	5383061
4376	5384202
4377	5385343
4378	-1
4379	5386484
4380	5387625
4381	5388766
4382	5389907
4383	5391048
4384	5392189
4385	5393330
4386	-1
4387	5394471
4388	5395612
4389	5396753
4390	5397894
4391	5399035
4392	5400176
4393	5401317
4394	5402458
4395	-1
4396	5403599
4397	5404740
4398	5405881
4399	5407022
4400	5408163
4401	5409304
4402	5410445
4403	-1
4404	5411586
4405	5412727
4406	5413868
4407	5415009
4408	5416150
4409	5417291
4410	5418432
4411	-1
4412	5419573
4413	5420714
4414	5421855
4415	5422996
4416	5424137
4417	5425278
4418	5426419
4419	-1
4420	5427560
4421	5428701
4422	5429842
4423	5430983
4424	5432124
4425	5433265
4426	5434406
4427	-1
4428	5435547
4429	5436688
4430	5437829
4431	5438970
4432	5440111
4433	5441252
4434	5442393
4435	-1
4436	5443534
4437	5444675
4438	5445816
4439	5446957
4440	5448098
4441	5449239
4442	5450380
4443	-1
4444	5451521
4445	5452662
4446	5453803
4447	5454944
4448	5456085
4449	5457226
4450	5458367
4451	-1
4452	5459508
4453	5460649
4454	5461790
4455	5462931
4456	5464072
4457	5465213
4458	5466354
4459	-1
4460	5467495
4461	5468636
4462	5469777
4463	5470918
4464	5472059
4465	5473200
4466	5474341
4467	-1
4468	5475482
4469	5476623
4470	5477764
4471	5478905
4472	5480046
4473	5481187
4474	5482328
4475	-1
4476	5483469
4477	5484610
4478	5485751
4479	5486892
4480	5488033
4481	5489174
4482	5490315
4483	5491456
4484	-1
4485	5492597
4486	5493738
4487	5494879
4488	5496020
4489	5497161
4490	5498302
4491	5499443
4492	-1
4493	5500584
4494	5501725
4495	5502866
4496	5504007
4497	5505148
4498	5506289
4499	5507430
4500	-1
4501	5508571
4502	5509712
4503	5510853
4504	5511994
4505	5513135
4506	5514276
4507	5515417
4508	-1
4509	5516558
4510	5517699
4511	5518840
4512	5519981
4513	5521122
4514	5522263
4515	5523404
4516	-1
4517	5524545
4518	5525686
4519	5526827
4520	5527968
4521	5529109
4522	5530250
4523	5531391
4524	-1
4525	5532532
4526	5533673
4527	5534814
4528	5535955
4529	5537096
4530	5538237
4531	5539378
4532	-1
4533	5540519
4534	5541660
4535	5542801
4536	5543942
4537	5545083
4538	5546224
4539	5547365
4540	-1
4541	5548506
4542	5549647
4543	5550788
4544	5551929
4545	5553070
4546	5554211
4547	5555352
4548	-1
4549	5556493
4550	5557634
4551	5558775
4552	5559916
4553	5561057
4554	5562198
4555	5563339
4556	-1
4557	5564480
4558	5565621
4559	5566762
4560	5567903
4561	5569044
4562	5570185
4563	5571326
4564	-1
4565	5572467
4566	5573608
4567	5574749
4568	5575890
4569	5577031
4570	5578172
4571	5579313
4572	5580454
4573	-1
4574	5581595
4575	5582736
4576	5583877
4577	5585018
4578	5586159
4579	5587300
4580	5588441
4581	-1
4582	5589582
4583	5590723
4584	5591864
4585	5593005
4586	5594146
4587	5595287
4588	5596428
4589	-1
4590	5597569
4591	5598710
4592	5599851
4593	5600992
4594	5602133
4595	5603274
4596	5604415
4597	-1
4598	5605556
4599	5606697
4600	5607838
4601	5608979
4602	5610120
4603	5611261
4604	5612402
4605	-1
4606	5613543
4607	5614684
4608	5615825
4609	5616966
4610	5618107
4611	5619248
4612	5620389
4613	-1
4614	5621530
4615	5622671
4616	5623812
4617	5624953
4618	5626094
4619	5627235
4620	5628376
4621	-1
4622	5629517
4623	5630658
4624	5631799
4625	5632940
4626	5634081
4627	5635222
4628	5636363
4629	-1
4630	5637504
4631	5638645
4632	5639786
4633	5640927
4634	5642068
4635	5643209
4636	5644350
4637	-1
4638	5645491
4639	5646632
4640	5647773
4641	5648914
4642	5650055
4643	5651196
4644	5652337
4645	-1
4646	5653478
4647	5654619
4648	5655760
4649	5656901
4650	5658042
4651	5659183
4652	5660324
4653	-1
4654	5661465
4655	5662606
4656	5663747
4657	5664888
4658	5666029
4659	5667170
4660	5668311
4661	5669452
4662	-1
4663	5670593
4664	5671734
4665	5672875
4666	5674016
4667	5675157
4668	5676298
4669	5677439
4670	-1
4671	5678580
4672	5679721
4673	5680862
4674	5682003
4675	5683144
4676	5684285
4677	5685426
4678	-1
4679	5686567
4680	5687708
4681	5688849
4682	5689990
4683	5691131
4684	5692272
4685	5693413
4686	-1
4687	5694554
4688	5695695
4689	5696836
4690	5697977
4691	5699118
4692	5700259
4693	5701400
4694	-1
4695	5702541
4696	5703682
4697	5704823
4698	5705964
4699	5707105
4700	5708246
4701	5709387
4702	-1
4703	5710528
4704	5711669
4705	5712810
4706	5713951
4707	5715092
4708	5716233
4709	5717374
4710	-1
4711	5718515
4712	5719656
4713	5720797
4714	5721938
4715	5723079
4716	5724220
4717	5725361
4718	-1
4719	5726502
4720	5727643
4721	5728784
4722	5729925
4723	5731066
4724	5732207
4725	5733348
4726	-1
4727	5734489
4728	5735630
4729	5736771
4730	5737912
4731	5739053
4732	5740194
4733	5741335
4734	-1
4735	5742476
4736	5743617
4737	5744758
4738	5745899
4739	5747040
4740	5748181
4741	5749322
4742	-1
4743	5750463
4744	5751604
4745	5752745
4746	5753886
4747	5755027
4748	5756168
4749	5757309
4750	5758450
4751	-1
4752	5759591
4753	5760732
4754	5761873
4755	5763014
4756	5764155
4757	5765296
4758	5766437
4759	-1
4760	5767578
4761	5768719
4762	5769860
4763	5771001
4764	5772142
4765	5773283
4766	5774424
4767	-1
4768	5775565
4769	5776706
4770	5777847
4771	5778988
4772	5780129
4773	5781270
4774	5782411
4775	-1
4776	5783552
4777	5784693
4778	5785834
4779	5786975
4780	5788116
4781	5789257
4782	5790398
4783	-1
4784	5791539
4785	5792680
4786	5793821
4787	5794962
4788	5796103
4789	5797244
4790	5798385
4791	-1
4792	5799526
4793	5800667
4794	5801808
4795	5802949
4796	5804090
4797	5805231
4798	5806372
4799	-1
4800	5807513
4801	5808654
4802	5809795
4803	5810936
4804	5812077
4805	5813218
4806	5814359
4807	-1
4808	5815500
4809	5816641
4810	5817782
4811	5818923
4812	5820064
4813	5821205
4814	5822346
4815	-1
4816	5823487
4817	5824628
4818	5825769
4819	5826910
4820	5828051
4821	5829192
4822	5830333
4823	-1
4824	5831474
4825	5832615
4826	5833756
4827	5834897
4828	5836038
4829	5837179
4830	5838320
4831	5839461
4832	-1
4833	5840602
4834	5841743
4835	5842884
4836	5844025
4837	5845166
4838	5846307
4839	5847448
4840	-1
4841	5848589
4842	5849730
4843	5850871
4844	5852012
4845	5853153
4846	5854294
4847	5855435
4848	-1
4849	5856576
4850	5857717
4851	5858858
4852	5859999
4853	5861140
4854	5862281
4855	5863422
4856	-1
4857	5864563
4858	5865704
4859	5866845
4860	5867986
4861	5869127
4862	5870268
4863	5871409
4864	-1
4865	5872550
4866	5873691
4867	5874832
4868	5875973
4869	5877114
4870	5878255
4871	5879396
4872	-1
4873	5880537
4874	5881678
4875	5882819
4876	5883960
4877	5885101
4878	5886242
4879	5887383
4880	-1
4881	5888524
4882	5889665
4883	5890806
4884	5891947
4885	5893088
4886	5894229
4887	5895370
4888	-1
4889	5896511
4890	5897652
4891	5898793
4892	5899934
4893	5901075
4894	5902216
4895	5903357
4896	-1
4897	5904498
4898	5905639
4899	5906780
4900	5907921
4901	5909062
4902	5910203
4903	5911344
4904	-1
4905	5912485
4906	5913626
4907	5914767
4908	5915908
4909	5917049
4910	5918190
4911	5919331
4912	-1
4913	5920472
4914	5921613
4915	5922754
4916	5923895
4917	5925036
4918	5926177
4919	5927318
4920	5928459
4921	-1
4922	5929600
4923	5930741
4924	5931882
4925	5933023
4926	5934164
4927	5935305
4928	5936446
4929	-1
4930	5937587
4931	5938728
4932	5939869
4933	5941010
4934	5942151
4935	5943292
4936	5944433
4937	-1
4938	5945574
4939	5946715
4940	5947856
4941	5948997
4942	5950138
4943	5951279
4944	5952420
4945	-1
4946	5953561
4947	5954702
4948	5955843
4949	5956984
4950	5958125
4951	5959266
4952	5960407
4953	-1
4954	5961548
4955	5962689
4956	5963830
4957	5964971
4958	5966112
4959	5967253
4960	5968394
4961	-1
4962	5969535
4963	5970676
4964	5971817
4965	5972958
4966	5974099
4967	5975240
4968	5976381
4969	-1
4970	5977522
4971	5978663
4972	5979804
4973	5980945
4974	5982086
4975	5983227
4976	5984368
4977	-1
4978	5985509
4979	5986650
4980	5987791
4981	5988932
4982	5990073
4983	5991214
4984	5992355
4985	-1
4986	5993496
4987	5994637
4988	5995778
4989	5996919
4990	5998060
4991	5999201
4992	6000342
4993	-1
4994	6001483
4995	6002624
4996	6003765
4997	6004906
4998	6006047
4999	6007188
5000	6008329
5001	-1
5002	6009470
5003	6010611
5004	6011752
5005	6012893
5006	6014034
5007	6015175
5008	6016316
5009	6017457
5010	-1
5011	6018598
5012	6019739
5013	6020880
5014	6022021
5015	6023162
5016	6024303
5017	6025444
5018	-1
5019	6026585
5020	6027726
5021	6028867
5022	6030008
5023	6031149
5024	6032290
5025	6033431
5026	-1
5027	6034572
5028	6035713
5029	6036854
5030	6037995
5031	6039136
5032	6040277
5033	6041418
5034	-1
5035	6042559
5036	6043700
5037	6044841
5038	6045982
5039	6047123
5040	6048264
5041	6049405
5042	-1
5043	6050546
5044	6051687
5045	6052828
5046	6053969
5047	6055110
5048	6056251
5049	6057392
5050	-1
5051	6058533
5052	6059674
5053	6060815
5054	6061956
5055	6063097
5056	6064238
5057	6065379
5058	-1
5059	6066520
5060	6067661
5061	6068802
5062	6069943
5063	6071084
5064	6072225
5065	6073366
5066	-1
5067	6074507
5068	6075648
5069	6076789
5070	6077930
5071	6079071
5072	6080212
5073	6081353
5074	-1
5075	6082494
5076	6083635
5077	6084776
5078	6085917
5079	6087058
5080	6088199
5081	6089340
5082	-1
5083	6090481
5084	6091622
5085	6092763
5086	6093904
5087	6095045
5088	6096186
5089	6097327
5090	-1
5091	6098468
5092	6099609
5093	6100750
5094	6101891
5095	6103032
5096	6104173
5097	6105314
5098	6106455
5099	-1
5100	6107596
5101	6108737
5102	6109878
5103	6111019
5104	6112160
5105	6113301
5106	6114442
5107	-1
5108	6115583
5109	6116724
5110	6117865
5111	6119006
5112	6120147
5113	6121288
5114	6122429
5115	-1
5116	6123570
5117	6124711
5118	6125852
5119	6126993
5120	6128134
5121	6129275
5122	6130416
5123	-1
5124	6131557
5125	6132698
5126	6133839
5127	6134980
5128	6136121
5129	6137262
5130	6138403
5131	-1
5132	6139544
5133	6140685
5134	6141826
5135	6142967
5136	6144108
5137	6145249
5138	6146390
5139	-1
5140	6147531
5141	6148672
5142	6149813
5143	6150954
5144	6152095
5145	6153236
5146	6154377
5147	-1
5148	6155518
5149	6156659
5150	6157800
5151	6158941
5152	6160082
5153	6161223
5154	6162364
5155	-1
5156	6163505
5157	6164646
5158	6165787
5159	6166928
5160	6168069
5161	6169210
5162	6170351
5163	-1
5164	6171492
5165	6172633
5166	6173774
5167	6174915
5168	6176056
5169	6177197
5170	6178338
5171	-1
5172	6179479
5173	6180620
5174	6181761
5175	6182902
5176	6184043
5177	6185184
5178	6186325
5179	-1
5180	6187466
5181	6188607
5182	6189748
5183	6190889
5184	6192030
5185	6193171
5186	6194312
5187	6195453
5188	-1
5189	6196594
5190	6197735
5191	6198876
5192	6200017
5193	6201158
5194	6202299
5195	6203440
5196	-1
5197	6204581
5198	6205722
5199	6206863
5200	6208004
5201	6209145
5202	6210286
5203	6211427
5204	-1
5205	6212568
5206	6213709
5207	6214850
5208	6215991
5209	6217132
5210	6218273
5211	6219414
5212	-1
5213	6220555
5214	6221696
5215	6222837
5216	6223978
5217	6225119
5218	6226260
5219	6227401
5220	-1
5221	6228542
5222	6229683
5223	6230824
5224	6231965
5225	6233106
5226	6234247
5227	6235388
5228	-1
5229	6236529
5230	6237670
5231	6238811
5232	6239952
5233	6241093
5234	6242234
5235	6243375
5236	-1
5237	6244516
5238	6245657
5239	6246798
5240	6247939
5241	6249080
5242	6250221
5243	6251362
5244	-1
5245	6252503
5246	6253644
5247	6254785
5248	6255926
5249	6257067
5250	6258208
5251	6259349
5252	-1
5253	6260490
5254	6261631
5255	6262772
5256	6263913
5257	6265054
5258	6266195
5259	6267336
5260	-1
5261	6268477
5262	6269618
5263	6270759
5264	6271900
5265	6273041
5266	6274182
5267	6275323
5268	-1
5269	6276464
5270	6277605
5271	6278746
5272	6279887
5273	6281028
5274	6282169
5275	6283310
5276	6284451
5277	-1
5278	6285592
5279	6286733
5280	6287874
5281	6289015
5282	6290156
5283	6291297
5284	6292438
5285	-1
5286	6293579
5287	6294720
5288	6295861
5289	6297002
5290	6298143
5291	6299284
5292	6300425
5293	-1
5294	6301566
5295	6302707
5296	6303848
5297	6304989
5298	6306130
5299	6307271
5300	6308412
5301	-1
5302	6309553
5303	6310694
5304	6311835
5305	6312976
5306	6314117
5307	6315258
5308	6316399
5309	-1
5310	6317540
5311	6318681
5312	6319822
5313	6320963
5314	6322104
5315	6323245
5316	6324386
5317	-1
5318	6325527
5319	6326668
5320	6327809
5321	6328950
5322	6330091
5323	6331232
5324	6332373
5325	-1
5326	6333514
5327	6334655
5328	6335796
5329	6336937
5330	6338078
5331	6339219
5332	6340360
5333	-1
5334	6341501
5335	6342642
5336	6343783
5337	6344924
5338	6346065
5339	6347206
5340	6348347
5341	-1
5342	6349488
5343	6350629
5344	6351770
5345	6352911
5346	6354052
5347	6355193
5348	6356334
5349	-1
5350	6357475
5351	6358616
5352	6359757
5353	6360898
5354	6362039
5355	6363180
5356	6364321
5357	6365462
5358	-1
5359	6366603
5360	6367744
5361	6368885
5362	6370026
5363	6371167
5364	6372308
5365	6373449
5366	-1
5367	6374590
5368	6375731
5369	6376872
5370	6378013
5371	6379154
5372	6380295
5373	6381436
5374	-1
5375	6382577
5376	6383718
5377	6384859
5378	6386000
5379	6387141
5380	6388282
5381	6389423
5382	-1
5383	6390564
5384	6391705
5385	6392846
5386	6393987
5387	6395128
5388	6396269
5389	6397410
5390	-1
5391	6398551
5392	6399692
5393	6400833
5394	6401974
5395	6403115
5396	6404256
5397	6405397
5398	-1
5399	6406538
5400	6407679
5401	6408820
5402	6409961
5403	6411102
5404	6412243
5405	6413384
5406	-1
5407	6414525
5408	6415666
5409	6416807
5410	6417948
5411	6419089
5412	6420230
5413	6421371
5414	-1
5415	6422512
5416	6423653
5417	6424794
5418	6425935
5419	6427076
5420	6428217
5421	6429358
5422	-1
5423	6430499
5424	6431640
5425	6432781
5426	6433922
5427	6435063
5428	6436204
5429	6437345
5430	-1
5431	6438486
5432	6439627
5433	6440768
5434	6441909
5435	6443050
5436	6444191
5437	6445332
5438	-1
5439	6446473
5440	6447614
5441	6448755
5442	6449896
5443	6451037
5444	6452178
5445	6453319
5446	6454460
5447	-1
5448	6455601
5449	6456742
5450	6457883
5451	6459024
5452	6460165
5453	6461306
5454	6462447
5455	-1
5456	6463588
5457	6464729
5458	6465870
5459	6467011
5460	6468152
5461	6469293
5462	6470434
5463	-1
5464	6471575
5465	6472716
5466	6473857
5467	6474998
5468	6476139
5469	6477280
5470	6478421
5471	-1
5472	6479562
5473	6480703
5474	6481844
5475	6482985
5476	6484126
5477	6485267
5478	6486408
5479	-1
5480	6487549
5481	6488690
5482	6489831
5483	6490972
5484	6492113
5485	6493254
5486	6494395
5487	-1
5488	6495536
5489	6496677
5490	6497818
5491	6498959
5492	6500100
5493	6501241
5494	6502382
5495	-1
5496	6503523
5497	6504664
5498	6505805
5499	6506946
5500	6508087
5501	6509228
5502	6510369
5503	-1
5504	6511510
5505	6512651
5506	6513792
5507	6514933
5508	6516074
5509	6517215
5510	6518356
5511	-1
5512	6519497
5513	6520638
5514	6521779
5515	6522920
5516	6524061
5517	6525202
5518	6526343
5519	-1
5520	6527484
5521	6528625
5522	6529766
5523	6530907
5524	6532048
5525	6533189
5526	6534330
5527	-1
5528	6535471
5529	6536612
5530	6537753
5531	6538894
5532	6540035
5533	6541176
5534	6542317
5535	6543458
5536	-1
5537	6544599
5538	6545740
5539	6546881
5540	6548022
5541	6549163
5542	6550304
5543	6551445
5544	-1
5545	6552586
5546	6553727
5547	6554868
5548	6556009
5549	6557150
5550	6558291
5551	6559432
5552	-1
5553	6560573
5554	6561714
5555	6562855
5556	6563996
5557	6565137
5558	6566278
5559	6567419
5560	-1
5561	6568560
5562	6569701
5563	6570842
5564	6571983
5565	6573124
5566	6574265
5567	6575406
5568	-1
5569	6576547
5570	6577688
5571	6578829
5572	6579970
5573	6581111
5574	6582252
5575	6583393
5576	-1
5577	6584534
5578	6585675
5579	6586816
5580	6587957
5581	6589098
5582	6590239
5583	6591380
5584	-1
5585	6592521
5586	6593662
5587	6594803
5588	6595944
5589	6597085
5590	6598226
5591	6599367
5592	-1
5593	6600508
5594	6601649
5595	6602790
5596	6603931
5597	6605072
5598	6606213
5599	6607354
5600	-1
5601	6608495
5602	6609636
5603	6610777
5604	6611918
5605	6613059
5606	6614200
5607	6615341
5608	-1
5609	6616482
5610	6617623
5611	6618764
5612	6619905
5613	6621046
5614	6622187
5615	6623328
5616	-1
5617	6624469
5618	6625610
5619	6626751
5620	6627892
5621	6629033
5622	6630174
5623	6631315
5624	6632456
5625	-1
5626	6633597
5627	6634738
5628	6635879
5629	6637020
5630	6638161
5631	6639302
5632	6640443
5633	-1
5634	6641584
5635	6642725
5636	6643866
5637	6645007
5638	6646148
5639	6647289
5640	6648430
5641	-1
5642	6649571
5643	6650712
5644	6651853
5645	6652994
5646	6654135
5647	6655276
5648	6656417
5649	-1
5650	6657558
5651	6658699
5652	6659840
5653	6660981
5654	6662122
5655	6663263
5656	6664404
5657	-1
5658	6665545
5659	6666686
5660	6667827
5661	6668968
5662	6670109
5663	6671250
5664	6672391
5665	-1
5666	6673532
5667	6674673
5668	6675814
5669	6676955
5670	6678096
5671	6679237
5672	6680378
5673	-1
5674	6681519
5675	6682660
5676	6683801
5677	6684942
5678	6686083
5679	6687224
5680	6688365
5681	-1
5682	6689506
5683	6690647
5684	6691788
5685	6692929
5686	6694070
5687	6695211
5688	6696352
5689	-1
5690	6697493
5691	6698634
5692	6699775
5693	6700916
5694	6702057
5695	6703198
5696	6704339
5697	-1
5698	6705480
5699	6706621
5700	6707762
5701	6708903
5702	6710044
5703	6711185
5704	6712326
5705	-1
5706	6713467
5707	6714608
5708	6715749
5709	6716890
5710	6718031
5711	6719172
5712	6720313
5713	6721454
5714	-1
5715	6722595
5716	6723736
5717	6724877
5718	6726018
5719	6727159
5720	6728300
5721	6729441
5722	-1
5723	6730582
5724	6731723
5725	6732864
5726	6734005
5727	6735146
5728	6736287
5729	6737428
5730	-1
5731	6738569
5732	6739710
5733	6740851
5734	6741992
5735	6743133
5736	6744274
5737	6745415
5738	-1
5739	6746556
5740	6747697
5741	6748838
5742	6749979
5743	6751120
5744	6752261
5745	6753402
5746	-1
5747	6754543
5748	6755684
5749	6756825
5750	6757966
5751	6759107
5752	6760248
5753	6761389
5754	-1
5755	6762530
5756	6763671
5757	6764812
5758	6765953
5759	6767094
5760	6768235
5761	6769376
5762	-1
5763	6770517
5764	6771658
5765	6772799
5766	6773940
5767	6775081
5768	6776222
5769	6777363
5770	-1
5771	6778504
5772	6779645
5773	6780786
5774	6781927
5775	6783068
5776	6784209
5777	6785350
5778	-1
5779	6786491
5780	6787632
5781	6788773
5782	6789914
5783	6791055
5784	6792196
5785	6793337
5786	-1
5787	6794478
5788	6795619
5789	6796760
5790	6797901
5791	6799042
5792	6800183
5793	6801324
5794	-1
5795	6802465
5796	6803606
5797	6804747
5798	6805888
5799	6807029
5800	6808170
5801	6809311
5802	6810452
5803	-1
5804	6811593
5805	6812734
5806	6813875
5807	6815016
5808	6816157
5809	6817298
5810	6818439
5811	-1
5812	6819580
5813	6820721
5814	6821862
5815	6823003
5816	6824144
5817	6825285
5818	6826426
5819	-1
5820	6827567
5821	6828708
5822	6829849
5823	6830990
5824	6832131
5825	6833272
5826	6834413
5827	-1
5828	6835554
5829	6836695
5830	6837836
5831	6838977
5832	6840118
5833	6841259
5834	6842400
5835	-1
5836	6843541
5837	6844682
5838	6845823
5839	6846964
5840	6848105
5841	6849246
5842	6850387
5843	-1
5844	6851528
5845	6852669
5846	6853810
5847	6854951
5848	6856092
5849	6857233
5850	6858374
5851	-1
5852	6859515
5853	6860656
5854	6861797
5855	6862938
5856	6864079
5857	6865220
5858	6866361
5859	-1
5860	6867502
5861	6868643
5862	6869784
5863	6870925
5864	6872066
5865	6873207
5866	6874348
5867	-1
5868	6875489
5869	6876630
5870	6877771
5871	6878912
5872	6880053
5873	6881194
5874	6882335
5875	-1
5876	6883476
5877	6884617
5878	6885758
5879	6886899
5880	6888040
5881	6889181
5882	6890322
5883	-1
5884	6891463
5885	6892604
5886	6893745
5887	6894886
5888	6896027
5889	6897168
5890	6898309
5891	6899450
5892	-1
5893	6900591
5894	6901732
5895	6902873
5896	6904014
5897	6905155
5898	6906296
5899	6907437
5900	-1
5901	6908578
5902	6909719
5903	6910860
5904	6912001
5905	6913142
5906	6914283
5907	6915424
5908	-1
5909	6916565
5910	6917706
5911	6918847
5912	6919988
5913	6921129
5914	6922270
5915	6923411
5916	-1
5917	6924552
5918	6925693
5919	6926834
5920	6927975
5921	6929116
5922	6930257
5923	6931398
5924	-1
5925	6932539
5926	6933680
5927	6934821
5928	6935962
5929	6937103
5930	6938244
5931	6939385
5932	-1
5933	6940526
5934	6941667
5935	6942808
5936	6943949
5937	6945090
5938	6946231
5939	6947372
5940	-1
5941	6948513
5942	6949654
5943	6950795
5944	6951936
5945	6953077
5946	6954218
5947	6955359
5948	-1
5949	6956500
5950	6957641
5951	6958782
5952	6959923
5953	6961064
5954	6962205
5955	6963346
5956	-1
5957	6964487
5958	6965628
5959	6966769
5960	6967910
5961	6969051
5962	6970192
5963	6971333
5964	-1
5965	6972474
5966	6973615
5967	6974756
5968	6975897
5969	6977038
5970	6978179
5971	6979320
5972	6980461
5973	-1
5974	6981602
5975	6982743
5976	6983884
5977	6985025
5978	6986166
5979	6987307
5980	6988448
5981	-1
5982	6989589
5983	6990730
5984	6991871
5985	6993012
5986	6994153
5987	6995294
5988	6996435
5989	-1
5990	6997576
5991	6998717
5992	6999858
5993	7000999
5994	7002140
5995	7003281
5996	7004422
5997	-1
5998	7005563
5999	7006704
