0	1006383
1	1007332
2	1008332
3	1009332
4	1010330
5	1011332
6	1012332
7	1013332
8	1014332
9	1015330
10	1016330
11	1017332
12	1018332
13	1019330
14	1020330
15	1021332
16	1022332
17	1023327
18	1024332
19	1025332
20	1026332
21	1027332
22	1028332
23	1029332
24	1030330
25	1031330
26	1032330
27	1033332
28	1034330
29	1035330
30	1036330
31	1037332
32	1038330
33	1039332
34	1040332
35	1041332
36	1042332
37	1043332
38	1044332
39	1045332
40	1046332
41	1047330
42	1048332
43	1049332
44	1050330
45	1051330
46	1052332
47	1053332
48	1054330
49	1055330
50	1056332
51	1057332
52	1058332
53	1059332
54	1060332
55	1061332
56	1062332
57	1063330
58	1064332
59	1065332
60	1066330
61	1067332
62	1068332
63	1069330
64	1070330
65	1071332
66	1072332
67	1073332
68	1074332
69	1075332
70	1076332
71	1077332
72	1078332
73	1079332
74	1080332
75	1081332
76	1082330
77	1083332
78	1084332
79	1085332
80	1086330
81	1087332
82	1088330
83	1089332
84	1090327
85	1091332
86	1092332
87	1093332
88	1094332
89	1095332
90	1096332
91	1097332
92	1098332
93	1099332
94	1100330
95	1101332
96	1102332
97	1103332
98	1104330
99	1105332
100	1106332
101	1107332
102	1108332
103	1109332
104	1110332
105	1111332
106	1112332
107	1113332
108	1114332
109	1115332
110	1116330
111	1117332
112	1118332
113	1119330
114	1120330
115	1121332
116	1122332
117	1123332
118	1124332
119	1125332
120	1126332
121	1127332
122	1128332
123	1129332
124	1130332
125	1131330
126	1132330
127	1133332
128	1134332
129	1135330
130	1136330
131	1137332
132	1138332
133	1139330
134	1140332
135	1141332
136	1142332
137	1143332
138	1144332
139	1145332
140	1146332
141	1147330
142	1148330
143	1149332
144	1150332
145	1151332
146	1152332
147	1153332
148	1154332
149	1155332
150	1156332
151	1157332
152	1158332
153	1159332
154	1160332
155	1161332
156	1162332
157	1163332
158	1164332
159	1165332
160	1166332
161	1167332
162	1168332
163	1169332
164	1170332
165	1171332
166	1172332
167	1173332
168	1174332
169	1175332
170	1176332
171	1177332
172	1178332
173	1179332
174	1180332
175	1181332
176	1182332
177	1183332
178	1184332
179	1185332
180	1186332
181	1187332
182	1188332
183	1189332
184	1190332
185	1191332
186	1192332
187	1193332
188	1194332
189	1195332
190	1196332
191	1197332
192	1198332
193	1199332
194	1200332
195	1201332
196	1202332
197	1203332
198	1204332
199	1205332
200	1206332
201	1207332
202	1208332
203	1209332
204	1210332
205	1211332
206	1212332
207	1213332
208	1214332
209	1215332
210	1216332
211	1217332
212	1218332
213	1219332
214	1220332
215	1221332
216	1222332
217	1223332
218	1224332
219	1225332
220	1226332
221	1227332
222	1228332
223	1229332
224	1230332
225	1231332
226	1232332
227	1233332
228	1234332
229	1235332
230	1236332
231	1237332
232	1238332
233	1239332
234	1240332
235	1241332
236	1242332
237	1243332
238	1244332
239	1245332
240	1246332
241	1247332
242	1248332
243	1249332
244	1250332
245	1251332
246	1252332
247	1253332
248	1254332
249	1255332
250	1256332
251	1257332
252	1258332
253	1259332
254	1260332
255	1261332
256	1262335
257	1263335
258	1264335
259	1265335
260	1266332
261	1267335
262	1268335
263	1269335
264	1270335
265	1271335
266	1272335
267	1273335
268	1274335
269	1275335
270	1276335
271	1277335
272	1278335
273	1279330
274	1280335
275	1281335
276	1282335
277	1283335
278	1284335
279	1285335
280	1286335
281	1287335
282	1288335
283	1289335
284	1290335
285	1291335
286	1292335
287	1293335
288	1294335
289	1295335
290	1296335
291	1297335
292	1298335
293	1299335
294	1300335
295	1301335
296	1302335
297	1303335
298	1304335
299	1305335
300	1306335
301	1307335
302	1308335
303	1309335
304	1310335
305	1311335
306	1312335
307	1313335
308	1314335
309	1315335
310	1316335
311	1317335
312	1318335
313	1319335
314	1320335
315	1321335
316	1322335
317	1323335
318	1324335
319	1325335
320	1326335
321	1327335
322	1328335
323	1329335
324	1330335
325	1331335
326	1332335
327	1333335
328	1334335
329	1335335
330	1336335
331	1337335
332	1338335
333	1339335
334	1340335
335	1341335
336	1342335
337	1343335
338	1344335
339	1345335
340	1346332
341	1347335
342	1348335
343	1349335
344	1350335
345	1351335
346	1352335
347	1353335
348	1354335
349	1355335
350	1356335
351	1357335
352	1358335
353	1359335
354	1360335
355	1361335
356	1362335
357	1363335
358	1364335
359	1365335
360	1366335
361	1367335
362	1368335
363	1369335
364	1370335
365	1371335
366	1372335
367	1373335
368	1374335
369	1375335
370	1376335
371	1377335
372	1378335
373	1379335
374	1380335
375	1381335
376	1382335
377	1383335
378	1384335
379	1385335
380	1386335
381	1387335
382	1388335
383	1389335
384	1390335
385	1391335
386	1392335
387	1393335
388	1394335
389	1395335
390	1396335
391	1397335
392	1398335
393	1399335
394	1400335
395	1401335
396	1402335
397	1403335
398	1404335
399	1405335
400	1406335
401	1407335
402	1408335
403	1409335
404	1410335
405	1411335
406	1412335
407	1413335
408	1414335
409	1415335
410	1416335
411	1417335
412	1418335
413	1419335
414	1420335
415	1421335
416	1422335
417	1423335
418	1424335
419	1425335
420	1426335
421	1427335
422	1428335
423	1429335
424	1430335
425	1431335
426	1432335
427	1433335
428	1434335
429	1435335
430	1436335
431	1437335
432	1438335
433	1439335
434	1440335
435	1441335
436	1442335
437	1443335
438	1444335
439	1445335
440	1446335
441	1447335
442	1448335
443	1449335
444	1450335
445	1451335
446	1452335
447	1453335
448	1454335
449	1455335
450	1456335
451	1457335
452	1458335
453	1459335
454	1460335
455	1461335
456	1462335
457	1463335
458	1464335
459	1465335
460	1466335
461	1467335
462	1468335
463	1469335
464	1470335
465	1471335
466	1472335
467	1473335
468	1474335
469	1475335
470	1476335
471	1477335
472	1478335
473	1479335
474	1480335
475	1481335
476	1482335
477	1483335
478	1484335
479	1485335
480	1486335
481	1487335
482	1488335
483	1489335
484	1490335
485	1491335
486	1492335
487	1493335
488	1494335
489	1495335
490	1496335
491	1497335
492	1498335
493	1499335
494	1500335
495	1501335
496	1502335
497	1503335
498	1504335
499	1505335
500	1506335
501	1507335
502	1508335
503	1509335
504	1510335
505	1511335
506	1512335
507	1513335
508	1514335
509	1515335
510	1516335
511	1517335
512	1518335
513	1519335
514	1520335
515	1521335
516	1522332
517	1523335
518	1524335
519	1525335
520	1526335
521	1527335
522	1528335
523	1529335
524	1530335
525	1531335
526	1532335
527	1533335
528	1534335
529	1535330
530	1536335
531	1537335
532	1538335
533	1539335
534	1540335
535	1541335
536	1542335
537	1543335
538	1544335
539	1545335
540	1546335
541	1547335
542	1548335
543	1549335
544	1550335
545	1551335
546	1552335
547	1553335
548	1554335
549	1555335
550	1556335
551	1557335
552	1558335
553	1559335
554	1560335
555	1561335
556	1562335
557	1563335
558	1564335
559	1565335
560	1566335
561	1567335
562	1568335
563	1569335
564	1570335
565	1571335
566	1572335
567	1573335
568	1574335
569	1575335
570	1576335
571	1577335
572	1578335
573	1579335
574	1580335
575	1581335
576	1582335
577	1583335
578	1584335
579	1585335
580	1586335
581	1587335
582	1588335
583	1589335
584	1590335
585	1591335
586	1592335
587	1593335
588	1594335
589	1595335
590	1596335
591	1597335
592	1598335
593	1599335
594	1600335
595	1601335
596	1602332
597	1603335
598	1604335
599	1605335
600	1606335
601	1607335
602	1608335
603	1609335
604	1610335
605	1611335
606	1612335
607	1613335
608	1614335
609	1615335
610	1616335
611	1617335
612	1618335
613	1619335
614	1620335
615	1621335
616	1622335
617	1623335
618	1624335
619	1625335
620	1626335
621	1627335
622	1628335
623	1629335
624	1630335
625	1631335
626	1632335
627	1633335
628	1634335
629	1635335
630	1636335
631	1637335
632	1638335
633	1639335
634	1640335
635	1641335
636	1642335
637	1643335
638	1644335
639	1645335
640	1646335
641	1647335
642	1648335
643	1649335
644	1650335
645	1651335
646	1652335
647	1653335
648	1654335
649	1655335
650	1656335
651	1657335
652	1658335
653	1659335
654	1660335
655	1661335
656	1662335
657	1663335
658	1664335
659	1665335
660	1666335
661	1667335
662	1668335
663	1669335
664	1670335
665	1671335
666	1672335
667	1673335
668	1674335
669	1675335
670	1676335
671	1677335
672	1678335
673	1679335
674	1680335
675	1681335
676	1682335
677	1683335
678	1684335
679	1685335
680	1686335
681	1687335
682	1688335
683	1689335
684	1690335
685	1691335
686	1692335
687	1693335
688	1694335
689	1695335
690	1696335
691	1697335
692	1698335
693	1699335
694	1700335
695	1701335
696	1702335
697	1703335
698	1704335
699	1705335
700	1706335
701	1707335
702	1708335
703	1709335
704	1710335
705	1711335
706	1712335
707	1713335
708	1714335
709	1715335
710	1716335
711	1717335
712	1718335
713	1719335
714	1720335
715	1721335
716	1722335
717	1723335
718	1724335
719	1725335
720	1726335
721	1727335
722	1728335
723	1729335
724	1730335
725	1731335
726	1732335
727	1733335
728	1734335
729	1735335
730	1736335
731	1737335
732	1738335
733	1739335
734	1740335
735	1741335
736	1742335
737	1743335
738	1744335
739	1745335
740	1746335
741	1747335
742	1748335
743	1749335
744	1750335
745	1751335
746	1752335
747	1753335
748	1754335
749	1755335
750	1756335
751	1757335
752	1758335
753	1759335
754	1760335
755	1761335
756	1762335
757	1763335
758	1764335
759	1765335
760	1766335
761	1767335
762	1768335
763	1769335
764	1770335
765	1771335
766	1772335
767	1773335
768	1774335
769	1775335
770	1776335
771	1777335
772	1778335
773	1779335
774	1780335
775	1781335
776	1782335
777	1783335
778	1784335
779	1785335
780	1786335
781	1787335
782	1788335
783	1789335
784	1790335
785	1791330
786	1792335
787	1793335
788	1794335
789	1795335
790	1796335
791	1797335
792	1798335
793	1799335
794	1800335
795	1801335
796	1802335
797	1803335
798	1804335
799	1805335
800	1806335
801	1807335
802	1808335
803	1809335
804	1810335
805	1811335
806	1812335
807	1813335
808	1814335
809	1815335
810	1816335
811	1817335
812	1818335
813	1819335
814	1820335
815	1821335
816	1822335
817	1823335
818	1824335
819	1825335
820	1826335
821	1827335
822	1828335
823	1829335
824	1830335
825	1831335
826	1832335
827	1833335
828	1834335
829	1835335
830	1836335
831	1837335
832	1838335
833	1839335
834	1840335
835	1841335
836	1842335
837	1843335
838	1844335
839	1845335
840	1846335
841	1847335
842	1848335
843	1849335
844	1850335
845	1851335
846	1852335
847	1853335
848	1854335
849	1855335
850	1856335
851	1857335
852	1858332
853	1859335
854	1860335
855	1861335
856	1862335
857	1863335
858	1864335
859	1865335
860	1866335
861	1867335
862	1868335
863	1869335
864	1870335
865	1871335
866	1872335
867	1873335
868	1874335
869	1875335
870	1876335
871	1877335
872	1878335
873	1879335
874	1880335
875	1881335
876	1882335
877	1883335
878	1884335
879	1885335
880	1886335
881	1887335
882	1888335
883	1889335
884	1890335
885	1891335
886	1892335
887	1893335
888	1894335
889	1895335
890	1896335
891	1897335
892	1898335
893	1899335
894	1900335
895	1901335
896	1902335
897	1903335
898	1904335
899	1905335
900	1906335
901	1907335
902	1908335
903	1909335
904	1910335
905	1911335
906	1912335
907	1913335
908	1914335
909	1915335
910	1916335
911	1917335
912	1918335
913	1919335
914	1920335
915	1921335
916	1922335
917	1923335
918	1924335
919	1925335
920	1926335
921	1927335
922	1928335
923	1929335
924	1930335
925	1931335
926	1932335
927	1933335
928	1934335
929	1935335
930	1936335
931	1937335
932	1938335
933	1939335
934	1940335
935	1941335
936	1942335
937	1943335
938	1944335
939	1945335
940	1946335
941	1947335
942	1948335
943	1949335
944	1950335
945	1951335
946	1952335
947	1953335
948	1954335
949	1955335
950	1956335
951	1957335
952	1958335
953	1959335
954	1960335
955	1961335
956	1962335
957	1963335
958	1964335
959	1965335
960	1966335
961	1967335
962	1968335
963	1969335
964	1970335
965	1971335
966	1972335
967	1973335
968	1974335
969	1975335
970	1976335
971	1977335
972	1978335
973	1979335
974	1980335
975	1981335
976	1982335
977	1983335
978	1984335
979	1985335
980	1986335
981	1987335
982	1988335
983	1989335
984	1990335
985	1991335
986	1992335
987	1993335
988	1994335
989	1995335
990	1996335
991	1997335
992	1998335
993	1999335
994	2000335
995	2001335
996	2002335
997	2003335
998	2004335
999	2005335
1000	2006335
1001	2007335
1002	2008335
1003	2009335
1004	2010335
1005	2011335
1006	2012335
1007	2013335
1008	2014335
1009	2015335
1010	2016335
1011	2017335
1012	2018335
1013	2019335
1014	2020335
1015	2021335
1016	2022335
1017	2023335
1018	2024335
1019	2025335
1020	2026335
1021	2027335
1022	2028335
1023	2029335
1024	2030335
1025	2031335
1026	2032335
1027	2033335
1028	2034335
1029	2035335
1030	2036335
1031	2037335
1032	2038335
1033	2039335
1034	2040335
1035	2041335
1036	2042335
1037	2043335
1038	2044335
1039	2045335
1040	2046335
1041	2047330
1042	2048335
1043	2049335
1044	2050335
1045	2051335
1046	2052335
1047	2053335
1048	2054335
1049	2055335
1050	2056335
1051	2057335
1052	2058335
1053	2059335
1054	2060335
1055	2061335
1056	2062335
1057	2063335
1058	2064335
1059	2065335
1060	2066335
1061	2067335
1062	2068335
1063	2069335
1064	2070335
1065	2071335
1066	2072335
1067	2073335
1068	2074335
1069	2075335
1070	2076335
1071	2077335
1072	2078335
1073	2079335
1074	2080335
1075	2081335
1076	2082335
1077	2083335
1078	2084335
1079	2085335
1080	2086335
1081	2087335
1082	2088335
1083	2089335
1084	2090335
1085	2091335
1086	2092335
1087	2093335
1088	2094335
1089	2095335
1090	2096335
1091	2097335
1092	2098335
1093	2099335
1094	2100335
1095	2101335
1096	2102335
1097	2103335
1098	2104335
1099	2105335
1100	2106335
1101	2107335
1102	2108335
1103	2109335
1104	2110335
1105	2111335
1106	2112335
1107	2113335
1108	2114327
1109	2115335
1110	2116335
1111	2117335
1112	2118335
1113	2119335
1114	2120335
1115	2121335
1116	2122335
1117	2123335
1118	2124335
1119	2125335
1120	2126335
1121	2127335
1122	2128335
1123	2129335
1124	2130335
1125	2131335
1126	2132335
1127	2133335
1128	2134335
1129	2135335
1130	2136335
1131	2137335
1132	2138335
1133	2139335
1134	2140335
1135	2141335
1136	2142335
1137	2143335
1138	2144335
1139	2145335
1140	2146335
1141	2147335
1142	2148335
1143	2149335
1144	2150335
1145	2151335
1146	2152335
1147	2153335
1148	2154335
1149	2155335
1150	2156335
1151	2157335
1152	2158335
1153	2159335
1154	2160335
1155	2161335
1156	2162335
1157	2163335
1158	2164335
1159	2165335
1160	2166335
1161	2167335
1162	2168335
1163	2169335
1164	2170335
1165	2171335
1166	2172335
1167	2173335
1168	2174335
1169	2175335
1170	2176335
1171	2177335
1172	2178335
1173	2179335
1174	2180335
1175	2181335
1176	2182335
1177	2183335
1178	2184335
1179	2185335
1180	2186335
1181	2187335
1182	2188335
1183	2189335
1184	2190335
1185	2191335
1186	2192335
1187	2193335
1188	2194335
1189	2195335
1190	2196335
1191	2197335
1192	2198335
1193	2199335
1194	2200335
1195	2201335
1196	2202335
1197	2203335
1198	2204335
1199	2205335
1200	2206335
1201	2207335
1202	2208335
1203	2209335
1204	2210335
1205	2211335
1206	2212335
1207	2213335
1208	2214335
1209	2215335
1210	2216335
1211	2217335
1212	2218335
1213	2219335
1214	2220335
1215	2221335
1216	2222335
1217	2223335
1218	2224335
1219	2225335
1220	2226335
1221	2227335
1222	2228335
1223	2229335
1224	2230335
1225	2231335
1226	2232335
1227	2233335
1228	2234335
1229	2235335
1230	2236335
1231	2237335
1232	2238335
1233	2239335
1234	2240335
1235	2241335
1236	2242335
1237	2243335
1238	2244335
1239	2245335
1240	2246335
1241	2247335
1242	2248335
1243	2249335
1244	2250335
1245	2251335
1246	2252335
1247	2253335
1248	2254335
1249	2255335
1250	2256335
1251	2257335
1252	2258335
1253	2259335
1254	2260335
1255	2261335
1256	2262335
1257	2263335
1258	2264335
1259	2265335
1260	2266335
1261	2267335
1262	2268335
1263	2269335
1264	2270335
1265	2271335
1266	2272335
1267	2273335
1268	2274335
1269	2275335
1270	2276335
1271	2277335
1272	2278335
1273	2279335
1274	2280335
1275	2281335
1276	2282335
1277	2283335
1278	2284335
1279	2285335
1280	2286335
1281	2287335
1282	2288335
1283	2289335
1284	2290332
1285	2291335
1286	2292335
1287	2293335
1288	2294335
1289	2295335
1290	2296335
1291	2297335
1292	2298335
1293	2299335
1294	2300335
1295	2301335
1296	2302335
1297	2303330
1298	2304335
1299	2305335
1300	2306335
1301	2307335
1302	2308335
1303	2309335
1304	2310335
1305	2311335
1306	2312335
1307	2313335
1308	2314335
1309	2315335
1310	2316335
1311	2317335
1312	2318335
1313	2319335
1314	2320335
1315	2321335
1316	2322335
1317	2323335
1318	2324335
1319	2325335
1320	2326335
1321	2327335
1322	2328335
1323	2329335
1324	2330335
1325	2331335
1326	2332335
1327	2333335
1328	2334335
1329	2335335
1330	2336335
1331	2337335
1332	2338335
1333	2339335
1334	2340335
1335	2341335
1336	2342335
1337	2343335
1338	2344335
1339	2345335
1340	2346335
1341	2347335
1342	2348335
1343	2349335
1344	2350335
1345	2351335
1346	2352335
1347	2353335
1348	2354335
1349	2355335
1350	2356335
1351	2357335
1352	2358335
1353	2359335
1354	2360335
1355	2361335
1356	2362335
1357	2363335
1358	2364335
1359	2365335
1360	2366335
1361	2367335
1362	2368335
1363	2369335
1364	2370332
1365	2371335
1366	2372335
1367	2373335
1368	2374335
1369	2375335
1370	2376335
1371	2377335
1372	2378335
1373	2379335
1374	2380335
1375	2381335
1376	2382335
1377	2383335
1378	2384335
1379	2385335
1380	2386335
1381	2387335
1382	2388335
1383	2389335
1384	2390335
1385	2391335
1386	2392335
1387	2393335
1388	2394335
1389	2395335
1390	2396335
1391	2397335
1392	2398335
1393	2399335
1394	2400335
1395	2401335
1396	2402335
1397	2403335
1398	2404335
1399	2405335
1400	2406335
1401	2407335
1402	2408335
1403	2409335
1404	2410335
1405	2411335
1406	2412335
1407	2413335
1408	2414335
1409	2415335
1410	2416335
1411	2417335
1412	2418335
1413	2419335
1414	2420335
1415	2421335
1416	2422335
1417	2423335
1418	2424335
1419	2425335
1420	2426335
1421	2427335
1422	2428335
1423	2429335
1424	2430335
1425	2431335
1426	2432335
1427	2433335
1428	2434335
1429	2435335
1430	2436335
1431	2437335
1432	2438335
1433	2439335
1434	2440335
1435	2441335
1436	2442335
1437	2443335
1438	2444335
1439	2445335
1440	2446335
1441	2447335
1442	2448335
1443	2449335
1444	2450335
1445	2451335
1446	2452335
1447	2453335
1448	2454335
1449	2455335
1450	2456335
1451	2457335
1452	2458335
1453	2459335
1454	2460335
1455	2461335
1456	2462335
1457	2463335
1458	2464335
1459	2465335
1460	2466335
1461	2467335
1462	2468335
1463	2469335
1464	2470335
1465	2471335
1466	2472335
1467	2473335
1468	2474335
1469	2475335
1470	2476335
1471	2477335
1472	2478335
1473	2479335
1474	2480335
1475	2481335
1476	2482335
1477	2483335
1478	2484335
1479	2485335
1480	2486335
1481	2487335
1482	2488335
1483	2489335
1484	2490335
1485	2491335
1486	2492335
1487	2493335
1488	2494335
1489	2495335
1490	2496335
1491	2497335
1492	2498335
1493	2499335
1494	2500335
1495	2501335
1496	2502335
1497	2503335
1498	2504335
1499	2505335
1500	2506335
1501	2507335
1502	2508335
1503	2509335
1504	2510335
1505	2511335
1506	2512335
1507	2513335
1508	2514335
1509	2515335
1510	2516335
1511	2517335
1512	2518335
1513	2519335
1514	2520335
1515	2521335
1516	2522335
1517	2523335
1518	2524335
1519	2525335
1520	2526335
1521	2527335
1522	2528335
1523	2529335
1524	2530335
1525	2531335
1526	2532335
1527	2533335
1528	2534335
1529	2535335
1530	2536335
1531	2537335
1532	2538335
1533	2539335
1534	2540335
1535	2541335
1536	2542335
1537	2543335
1538	2544335
1539	2545335
1540	2546335
1541	2547335
1542	2548335
1543	2549335
1544	2550335
1545	2551335
1546	2552335
1547	2553335
1548	2554335
1549	2555335
1550	2556335
1551	2557335
1552	2558335
1553	2559330
1554	2560335
1555	2561335
1556	2562335
1557	2563335
1558	2564335
1559	2565335
1560	2566335
1561	2567335
1562	2568335
1563	2569335
1564	2570335
1565	2571335
1566	2572335
1567	2573335
1568	2574335
1569	2575335
1570	2576335
1571	2577335
1572	2578335
1573	2579335
1574	2580335
1575	2581335
1576	2582335
1577	2583335
1578	2584335
1579	2585335
1580	2586335
1581	2587335
1582	2588335
1583	2589335
1584	2590335
1585	2591335
1586	2592335
1587	2593335
1588	2594335
1589	2595335
1590	2596335
1591	2597335
1592	2598335
1593	2599335
1594	2600335
1595	2601335
1596	2602335
1597	2603335
1598	2604335
1599	2605335
1600	2606335
1601	2607335
1602	2608335
1603	2609335
1604	2610335
1605	2611335
1606	2612335
1607	2613335
1608	2614335
1609	2615335
1610	2616335
1611	2617335
1612	2618335
1613	2619335
1614	2620335
1615	2621335
1616	2622335
1617	2623335
1618	2624335
1619	2625335
1620	2626332
1621	2627335
1622	2628335
1623	2629335
1624	2630335
1625	2631335
1626	2632335
1627	2633335
1628	2634335
1629	2635335
1630	2636335
1631	2637335
1632	2638335
1633	2639335
1634	2640335
1635	2641335
1636	2642335
1637	2643335
1638	2644335
1639	2645335
1640	2646335
1641	2647335
1642	2648335
1643	2649335
1644	2650335
1645	2651335
1646	2652335
1647	2653335
1648	2654335
1649	2655335
1650	2656335
1651	2657335
1652	2658335
1653	2659335
1654	2660335
1655	2661335
1656	2662335
1657	2663335
1658	2664335
1659	2665335
1660	2666335
1661	2667335
1662	2668335
1663	2669335
1664	2670335
1665	2671335
1666	2672335
1667	2673335
1668	2674335
1669	2675335
1670	2676335
1671	2677335
1672	2678335
1673	2679335
1674	2680335
1675	2681335
1676	2682335
1677	2683335
1678	2684335
1679	2685335
1680	2686335
1681	2687335
1682	2688335
1683	2689335
1684	2690335
1685	2691335
1686	2692335
1687	2693335
1688	2694335
1689	2695335
1690	2696335
1691	2697335
1692	2698335
1693	2699335
1694	2700335
1695	2701335
1696	2702335
1697	2703335
1698	2704335
1699	2705335
1700	2706335
1701	2707335
1702	2708335
1703	2709335
1704	2710335
1705	2711335
1706	2712335
1707	2713335
1708	2714335
1709	2715335
1710	2716335
1711	2717335
1712	2718335
1713	2719335
1714	2720335
1715	2721335
1716	2722335
1717	2723335
1718	2724335
1719	2725335
1720	2726335
1721	2727335
1722	2728335
1723	2729335
1724	2730335
1725	2731335
1726	2732335
1727	2733335
1728	2734335
1729	2735335
1730	2736335
1731	2737335
1732	2738335
1733	2739335
1734	2740335
1735	2741335
1736	2742335
1737	2743335
1738	2744335
1739	2745335
1740	2746335
1741	2747335
1742	2748335
1743	2749335
1744	2750335
1745	2751335
1746	2752335
1747	2753335
1748	2754335
1749	2755335
1750	2756335
1751	2757335
1752	2758335
1753	2759335
1754	2760335
1755	2761335
1756	2762335
1757	2763335
1758	2764335
1759	2765335
1760	2766335
1761	2767335
1762	2768335
1763	2769335
1764	2770335
1765	2771335
1766	2772335
1767	2773335
1768	2774335
1769	2775335
1770	2776335
1771	2777335
1772	2778335
1773	2779335
1774	2780335
1775	2781335
1776	2782335
1777	2783335
1778	2784335
1779	2785335
1780	2786335
1781	2787335
1782	2788335
1783	2789335
1784	2790335
1785	2791335
1786	2792335
1787	2793335
1788	2794335
1789	2795335
1790	2796335
1791	2797335
1792	2798335
1793	2799335
1794	2800335
1795	2801335
1796	2802335
1797	2803335
1798	2804335
1799	2805335
1800	2806335
1801	2807335
1802	2808335
1803	2809335
1804	2810335
1805	2811335
1806	2812335
1807	2813335
1808	2814335
1809	2815330
1810	2816335
1811	2817335
1812	2818335
1813	2819335
1814	2820335
1815	2821335
1816	2822335
1817	2823335
1818	2824335
1819	2825335
1820	2826335
1821	2827335
1822	2828335
1823	2829335
1824	2830335
1825	2831335
1826	2832335
1827	2833335
1828	2834335
1829	2835335
1830	2836335
1831	2837335
1832	2838335
1833	2839335
1834	2840335
1835	2841335
1836	2842335
1837	2843335
1838	2844335
1839	2845335
1840	2846335
1841	2847335
1842	2848335
1843	2849335
1844	2850335
1845	2851335
1846	2852335
1847	2853335
1848	2854335
1849	2855335
1850	2856335
1851	2857335
1852	2858332
1853	2859335
1854	2860335
1855	2861335
1856	2862335
1857	2863335
1858	2864335
1859	2865335
1860	2866335
1861	2867335
1862	2868335
1863	2869335
1864	2870335
1865	2871335
1866	2872335
1867	2873335
1868	2874335
1869	2875335
1870	2876335
1871	2877335
1872	2878335
1873	2879335
1874	2880335
1875	2881335
1876	2882332
1877	2883335
1878	2884335
1879	2885335
1880	2886335
1881	2887335
1882	2888335
1883	2889335
1884	2890335
1885	2891335
1886	2892335
1887	2893335
1888	2894335
1889	2895335
1890	2896335
1891	2897335
1892	2898335
1893	2899335
1894	2900335
1895	2901335
1896	2902335
1897	2903335
1898	2904335
1899	2905335
1900	2906335
1901	2907335
1902	2908335
1903	2909335
1904	2910335
1905	2911335
1906	2912335
1907	2913335
1908	2914335
1909	2915335
1910	2916335
1911	2917335
1912	2918335
1913	2919335
1914	2920335
1915	2921335
1916	2922335
1917	2923335
1918	2924335
1919	2925335
1920	2926335
1921	2927335
1922	2928335
1923	2929335
1924	2930335
1925	2931335
1926	2932335
1927	2933335
1928	2934335
1929	2935335
1930	2936335
1931	2937335
1932	2938335
1933	2939335
1934	2940335
1935	2941335
1936	2942335
1937	2943335
1938	2944335
1939	2945335
1940	2946335
1941	2947335
1942	2948335
1943	2949335
1944	2950335
1945	2951335
1946	2952335
1947	2953335
1948	2954335
1949	2955335
1950	2956335
1951	2957335
1952	2958335
1953	2959335
1954	2960335
1955	2961335
1956	2962335
1957	2963335
1958	2964335
1959	2965335
1960	2966335
1961	2967335
1962	2968335
1963	2969335
1964	2970335
1965	2971335
1966	2972335
1967	2973335
1968	2974335
1969	2975335
1970	2976335
1971	2977335
1972	2978335
1973	2979335
1974	2980335
1975	2981335
1976	2982335
1977	2983335
1978	2984335
1979	2985335
1980	2986335
1981	2987335
1982	2988335
1983	2989335
1984	2990335
1985	2991335
1986	2992335
1987	2993335
1988	2994335
1989	2995335
1990	2996335
1991	2997335
1992	2998335
1993	2999335
1994	3000335
1995	3001335
1996	3002335
1997	3003335
1998	3004335
1999	3005335
2000	3006335
2001	3007335
2002	3008335
2003	3009335
2004	3010335
2005	3011335
2006	3012335
2007	3013335
2008	3014335
2009	3015335
2010	3016335
2011	3017335
2012	3018335
2013	3019335
2014	3020335
2015	3021335
2016	3022335
2017	3023335
2018	3024335
2019	3025335
2020	3026335
2021	3027335
2022	3028335
2023	3029335
2024	3030335
2025	3031335
2026	3032335
2027	3033335
2028	3034335
2029	3035335
2030	3036335
2031	3037335
2032	3038335
2033	3039335
2034	3040335
2035	3041335
2036	3042335
2037	3043335
2038	3044335
2039	3045335
2040	3046335
2041	3047335
2042	3048335
2043	3049335
2044	3050335
2045	3051335
2046	3052335
2047	3053335
2048	3054335
2049	3055335
2050	3056335
2051	3057335
2052	3058335
2053	3059335
2054	3060335
2055	3061335
2056	3062335
2057	3063335
2058	3064335
2059	3065335
2060	3066335
2061	3067335
2062	3068335
2063	3069335
2064	3070335
2065	3071330
2066	3072335
2067	3073335
2068	3074335
2069	3075335
2070	3076335
2071	3077335
2072	3078335
2073	3079335
2074	3080335
2075	3081335
2076	3082335
2077	3083335
2078	3084335
2079	3085335
2080	3086335
2081	3087335
2082	3088335
2083	3089335
2084	3090335
2085	3091335
2086	3092335
2087	3093335
2088	3094335
2089	3095335
2090	3096335
2091	3097335
2092	3098335
2093	3099335
2094	3100335
2095	3101335
2096	3102335
2097	3103335
2098	3104335
2099	3105335
2100	3106335
2101	3107335
2102	3108335
2103	3109335
2104	3110335
2105	3111335
2106	3112335
2107	3113335
2108	3114335
2109	3115335
2110	3116335
2111	3117335
2112	3118335
2113	3119335
2114	3120335
2115	3121335
2116	3122335
2117	3123335
2118	3124335
2119	3125335
2120	3126335
2121	3127335
2122	3128335
2123	3129335
2124	3130335
2125	3131335
2126	3132335
2127	3133335
2128	3134335
2129	3135335
2130	3136335
2131	3137335
2132	3138332
2133	3139335
2134	3140335
2135	3141335
2136	3142335
2137	3143335
2138	3144335
2139	3145335
2140	3146335
2141	3147335
2142	3148335
2143	3149335
2144	3150335
2145	3151335
2146	3152335
2147	3153335
2148	3154335
2149	3155335
2150	3156335
2151	3157335
2152	3158335
2153	3159335
2154	3160335
2155	3161335
2156	3162335
2157	3163335
2158	3164335
2159	3165335
2160	3166335
2161	3167335
2162	3168335
2163	3169335
2164	3170335
2165	3171335
2166	3172335
2167	3173335
2168	3174335
2169	3175335
2170	3176335
2171	3177335
2172	3178335
2173	3179335
2174	3180335
2175	3181335
2176	3182335
2177	3183335
2178	3184335
2179	3185335
2180	3186335
2181	3187335
2182	3188335
2183	3189335
2184	3190335
2185	3191335
2186	3192335
2187	3193335
2188	3194335
2189	3195335
2190	3196335
2191	3197335
2192	3198335
2193	3199335
2194	3200335
2195	3201335
2196	3202335
2197	3203335
2198	3204335
2199	3205335
2200	3206335
2201	3207335
2202	3208335
2203	3209335
2204	3210335
2205	3211335
2206	3212335
2207	3213335
2208	3214335
2209	3215335
2210	3216335
2211	3217335
2212	3218335
2213	3219335
2214	3220335
2215	3221335
2216	3222335
2217	3223335
2218	3224335
2219	3225335
2220	3226335
2221	3227335
2222	3228335
2223	3229335
2224	3230335
2225	3231335
2226	3232335
2227	3233335
2228	3234335
2229	3235335
2230	3236335
2231	3237335
2232	3238335
2233	3239335
2234	3240335
2235	3241335
2236	3242335
2237	3243335
2238	3244335
2239	3245335
2240	3246335
2241	3247335
2242	3248335
2243	3249335
2244	3250335
2245	3251335
2246	3252335
2247	3253335
2248	3254335
2249	3255335
2250	3256335
2251	3257335
2252	3258335
2253	3259335
2254	3260335
2255	3261335
2256	3262335
2257	3263335
2258	3264335
2259	3265335
2260	3266335
2261	3267335
2262	3268335
2263	3269335
2264	3270335
2265	3271335
2266	3272335
2267	3273335
2268	3274335
2269	3275335
2270	3276335
2271	3277335
2272	3278335
2273	3279335
2274	3280335
2275	3281335
2276	3282335
2277	3283335
2278	3284335
2279	3285335
2280	3286335
2281	3287335
2282	3288335
2283	3289335
2284	3290335
2285	3291335
2286	3292335
2287	3293335
2288	3294335
2289	3295335
2290	3296335
2291	3297335
2292	3298335
2293	3299335
2294	3300335
2295	3301335
2296	3302335
2297	3303335
2298	3304335
2299	3305335
2300	3306335
2301	3307335
2302	3308335
2303	3309335
2304	3310335
2305	3311335
2306	3312335
2307	3313335
2308	3314335
2309	3315335
2310	3316335
2311	3317335
2312	3318335
2313	3319335
2314	3320335
2315	3321335
2316	3322335
2317	3323335
2318	3324335
2319	3325335
2320	3326335
2321	3327330
2322	3328335
2323	3329335
2324	3330335
2325	3331335
2326	3332335
2327	3333335
2328	3334335
2329	3335335
2330	3336335
2331	3337335
2332	3338335
2333	3339335
2334	3340335
2335	3341335
2336	3342335
2337	3343335
2338	3344335
2339	3345335
2340	3346335
2341	3347335
2342	3348335
2343	3349335
2344	3350335
2345	3351335
2346	3352335
2347	3353335
2348	3354335
2349	3355335
2350	3356335
2351	3357335
2352	3358335
2353	3359335
2354	3360335
2355	3361335
2356	3362335
2357	3363335
2358	3364335
2359	3365335
2360	3366335
2361	3367335
2362	3368335
2363	3369335
2364	3370335
2365	3371335
2366	3372335
2367	3373335
2368	3374335
2369	3375335
2370	3376335
2371	3377335
2372	3378335
2373	3379335
2374	3380335
2375	3381335
2376	3382335
2377	3383335
2378	3384335
2379	3385335
2380	3386335
2381	3387335
2382	3388335
2383	3389335
2384	3390335
2385	3391335
2386	3392335
2387	3393335
2388	3394332
2389	3395335
2390	3396335
2391	3397335
2392	3398335
2393	3399335
2394	3400335
2395	3401335
2396	3402335
2397	3403335
2398	3404335
2399	3405335
2400	3406335
2401	3407335
2402	3408335
2403	3409335
2404	3410335
2405	3411335
2406	3412335
2407	3413335
2408	3414335
2409	3415335
2410	3416335
2411	3417335
2412	3418335
2413	3419335
2414	3420335
2415	3421335
2416	3422335
2417	3423335
2418	3424335
2419	3425335
2420	3426335
2421	3427335
2422	3428335
2423	3429335
2424	3430335
2425	3431335
2426	3432335
2427	3433335
2428	3434335
2429	3435335
2430	3436335
2431	3437335
2432	3438335
2433	3439335
2434	3440335
2435	3441335
2436	3442335
2437	3443335
2438	3444335
2439	3445335
2440	3446335
2441	3447335
2442	3448335
2443	3449335
2444	3450335
2445	3451335
2446	3452335
2447	3453335
2448	3454335
2449	3455335
2450	3456335
2451	3457335
2452	3458335
2453	3459335
2454	3460335
2455	3461335
2456	3462335
2457	3463335
2458	3464335
2459	3465335
2460	3466335
2461	3467335
2462	3468335
2463	3469335
2464	3470335
2465	3471335
2466	3472335
2467	3473335
2468	3474335
2469	3475335
2470	3476335
2471	3477335
2472	3478335
2473	3479335
2474	3480335
2475	3481335
2476	3482335
2477	3483335
2478	3484335
2479	3485335
2480	3486335
2481	3487335
2482	3488335
2483	3489335
2484	3490335
2485	3491335
2486	3492335
2487	3493335
2488	3494335
2489	3495335
2490	3496335
2491	3497335
2492	3498335
2493	3499335
2494	3500335
2495	3501335
2496	3502335
2497	3503335
2498	3504335
2499	3505335
2500	3506335
2501	3507335
2502	3508335
2503	3509335
2504	3510335
2505	3511335
2506	3512335
2507	3513335
2508	3514335
2509	3515335
2510	3516335
2511	3517335
2512	3518335
2513	3519335
2514	3520335
2515	3521335
2516	3522335
2517	3523335
2518	3524335
2519	3525335
2520	3526335
2521	3527335
2522	3528335
2523	3529335
2524	3530335
2525	3531335
2526	3532335
2527	3533335
2528	3534335
2529	3535335
2530	3536335
2531	3537335
2532	3538335
2533	3539335
2534	3540335
2535	3541335
2536	3542335
2537	3543335
2538	3544335
2539	3545335
2540	3546335
2541	3547335
2542	3548335
2543	3549335
2544	3550335
2545	3551335
2546	3552335
2547	3553335
2548	3554335
2549	3555335
2550	3556335
2551	3557335
2552	3558335
2553	3559335
2554	3560335
2555	3561335
2556	3562335
2557	3563335
2558	3564335
2559	3565335
2560	3566335
2561	3567332
2562	3568335
2563	3569335
2564	3570335
2565	3571335
2566	3572335
2567	3573335
2568	3574335
2569	3575335
2570	3576335
2571	3577335
2572	3578335
2573	3579335
2574	3580335
2575	3581335
2576	3582335
2577	3583330
2578	3584335
2579	3585335
2580	3586335
2581	3587335
2582	3588335
2583	3589335
2584	3590335
2585	3591335
2586	3592335
2587	3593335
2588	3594335
2589	3595335
2590	3596335
2591	3597335
2592	3598335
2593	3599335
2594	3600335
2595	3601335
2596	3602335
2597	3603335
2598	3604335
2599	3605335
2600	3606335
2601	3607335
2602	3608335
2603	3609335
2604	3610335
2605	3611335
2606	3612335
2607	3613335
2608	3614335
2609	3615335
2610	3616335
2611	3617335
2612	3618335
2613	3619335
2614	3620335
2615	3621335
2616	3622335
2617	3623335
2618	3624335
2619	3625335
2620	3626335
2621	3627335
2622	3628335
2623	3629335
2624	3630335
2625	3631335
2626	3632335
2627	3633335
2628	3634335
2629	3635335
2630	3636335
2631	3637335
2632	3638335
2633	3639335
2634	3640335
2635	3641335
2636	3642335
2637	3643335
2638	3644335
2639	3645335
2640	3646335
2641	3647335
2642	3648335
2643	3649335
2644	3650330
2645	3651335
2646	3652335
2647	3653335
2648	3654335
2649	3655335
2650	3656335
2651	3657335
2652	3658335
2653	3659335
2654	3660335
2655	3661335
2656	3662335
2657	3663335
2658	3664335
2659	3665335
2660	3666335
2661	3667335
2662	3668335
2663	3669335
2664	3670335
2665	3671335
2666	3672335
2667	3673335
2668	3674335
2669	3675335
2670	3676335
2671	3677335
2672	3678335
2673	3679335
2674	3680335
2675	3681335
2676	3682335
2677	3683335
2678	3684335
2679	3685335
2680	3686335
2681	3687335
2682	3688335
2683	3689335
2684	3690335
2685	3691335
2686	3692335
2687	3693335
2688	3694335
2689	3695335
2690	3696335
2691	3697335
2692	3698335
2693	3699335
2694	3700335
2695	3701335
2696	3702335
2697	3703335
2698	3704335
2699	3705335
2700	3706335
2701	3707335
2702	3708335
2703	3709335
2704	3710335
2705	3711335
2706	3712335
2707	3713335
2708	3714335
2709	3715335
2710	3716335
2711	3717335
2712	3718335
2713	3719335
2714	3720335
2715	3721335
2716	3722335
2717	3723335
2718	3724335
2719	3725335
2720	3726335
2721	3727335
2722	3728335
2723	3729335
2724	3730335
2725	3731335
2726	3732335
2727	3733335
2728	3734335
2729	3735335
2730	3736335
2731	3737335
2732	3738335
2733	3739335
2734	3740335
2735	3741335
2736	3742335
2737	3743335
2738	3744335
2739	3745335
2740	3746335
2741	3747335
2742	3748335
2743	3749335
2744	3750335
2745	3751335
2746	3752335
2747	3753335
2748	3754335
2749	3755335
2750	3756335
2751	3757335
2752	3758335
2753	3759335
2754	3760335
2755	3761335
2756	3762335
2757	3763335
2758	3764335
2759	3765335
2760	3766335
2761	3767335
2762	3768335
2763	3769335
2764	3770335
2765	3771335
2766	3772335
2767	3773335
2768	3774335
2769	3775335
2770	3776335
2771	3777335
2772	3778335
2773	3779335
2774	3780335
2775	3781335
2776	3782335
2777	3783335
2778	3784335
2779	3785335
2780	3786335
2781	3787335
2782	3788335
2783	3789335
2784	3790335
2785	3791335
2786	3792335
2787	3793335
2788	3794335
2789	3795335
2790	3796335
2791	3797335
2792	3798335
2793	3799335
2794	3800335
2795	3801335
2796	3802335
2797	3803335
2798	3804335
2799	3805335
2800	3806380
2801	3807335
2802	3808335
2803	3809335
2804	3810335
2805	3811335
2806	3812335
2807	3813335
2808	3814335
2809	3815335
2810	3816335
2811	3817335
2812	3818335
2813	3819335
2814	3820335
2815	3821335
2816	3822335
2817	3823335
2818	3824335
2819	3825335
2820	3826335
2821	3827335
2822	3828335
2823	3829335
2824	3830335
2825	3831335
2826	3832335
2827	3833335
2828	3834335
2829	3835335
2830	3836335
2831	3837335
2832	3838335
2833	3839330
2834	3840335
2835	3841335
2836	3842335
2837	3843335
2838	3844335
2839	3845335
2840	3846335
2841	3847335
2842	3848335
2843	3849335
2844	3850335
2845	3851335
2846	3852335
2847	3853335
2848	3854335
2849	3855335
2850	3856335
2851	3857335
2852	3858335
2853	3859335
2854	3860335
2855	3861335
2856	3862335
2857	3863335
2858	3864335
2859	3865335
2860	3866335
2861	3867335
2862	3868335
2863	3869335
2864	3870335
2865	3871335
2866	3872335
2867	3873335
2868	3874335
2869	3875335
2870	3876335
2871	3877335
2872	3878335
2873	3879335
2874	3880335
2875	3881335
2876	3882335
2877	3883335
2878	3884335
2879	3885335
2880	3886335
2881	3887335
2882	3888335
2883	3889335
2884	3890335
2885	3891335
2886	3892335
2887	3893335
2888	3894335
2889	3895335
2890	3896335
2891	3897335
2892	3898335
2893	3899335
2894	3900335
2895	3901335
2896	3902335
2897	3903335
2898	3904335
2899	3905335
2900	3906332
2901	3907335
2902	3908335
2903	3909335
2904	3910335
2905	3911335
2906	3912335
2907	3913335
2908	3914335
2909	3915335
2910	3916335
2911	3917335
2912	3918335
2913	3919335
2914	3920335
2915	3921335
2916	3922335
2917	3923335
2918	3924335
2919	3925335
2920	3926335
2921	3927335
2922	3928335
2923	3929335
2924	3930335
2925	3931335
2926	3932335
2927	3933335
2928	3934335
2929	3935335
2930	3936335
2931	3937335
2932	3938335
2933	3939335
2934	3940335
2935	3941335
2936	3942335
2937	3943335
2938	3944335
2939	3945335
2940	3946335
2941	3947335
2942	3948335
2943	3949335
2944	3950335
2945	3951335
2946	3952335
2947	3953335
2948	3954335
2949	3955335
2950	3956335
2951	3957335
2952	3958335
2953	3959335
2954	3960335
2955	3961335
2956	3962335
2957	3963335
2958	3964335
2959	3965335
2960	3966335
2961	3967335
2962	3968335
2963	3969335
2964	3970335
2965	3971335
2966	3972335
2967	3973335
2968	3974335
2969	3975335
2970	3976335
2971	3977335
2972	3978335
2973	3979335
2974	3980335
2975	3981335
2976	3982335
2977	3983335
2978	3984335
2979	3985335
2980	3986335
2981	3987335
2982	3988335
2983	3989335
2984	3990335
2985	3991335
2986	3992335
2987	3993335
2988	3994335
2989	3995335
2990	3996335
2991	3997335
2992	3998335
2993	3999335
2994	4000335
2995	4001335
2996	4002335
2997	4003335
2998	4004335
2999	4005335
3000	4006335
3001	4007335
3002	4008335
3003	4009335
3004	4010335
3005	4011335
3006	4012335
3007	4013335
3008	4014335
3009	4015335
3010	4016335
3011	4017335
3012	4018335
3013	4019335
3014	4020335
3015	4021335
3016	4022335
3017	4023335
3018	4024335
3019	4025335
3020	4026335
3021	4027335
3022	4028335
3023	4029335
3024	4030335
3025	4031335
3026	4032335
3027	4033335
3028	4034335
3029	4035335
3030	4036335
3031	4037335
3032	4038335
3033	4039335
3034	4040335
3035	4041335
3036	4042335
3037	4043335
3038	4044335
3039	4045335
3040	4046335
3041	4047335
3042	4048335
3043	4049335
3044	4050335
3045	4051335
3046	4052335
3047	4053335
3048	4054335
3049	4055335
3050	4056335
3051	4057335
3052	4058335
3053	4059335
3054	4060335
3055	4061335
3056	4062335
3057	4063335
3058	4064335
3059	4065335
3060	4066335
3061	4067335
3062	4068335
3063	4069335
3064	4070335
3065	4071335
3066	4072335
3067	4073335
3068	4074335
3069	4075335
3070	4076335
3071	4077335
3072	4078335
3073	4079335
3074	4080335
3075	4081335
3076	4082335
3077	4083335
3078	4084335
3079	4085335
3080	4086335
3081	4087335
3082	4088335
3083	4089335
3084	4090335
3085	4091335
3086	4092335
3087	4093335
3088	4094335
3089	4095330
3090	4096335
3091	4097335
3092	4098335
3093	4099335
3094	4100335
3095	4101335
3096	4102335
3097	4103335
3098	4104335
3099	4105335
3100	4106335
3101	4107335
3102	4108335
3103	4109335
3104	4110335
3105	4111335
3106	4112335
3107	4113335
3108	4114335
3109	4115335
3110	4116335
3111	4117335
3112	4118335
3113	4119335
3114	4120335
3115	4121335
3116	4122335
3117	4123335
3118	4124335
3119	4125335
3120	4126335
3121	4127335
3122	4128335
3123	4129335
3124	4130335
3125	4131335
3126	4132335
3127	4133335
3128	4134335
3129	4135335
3130	4136335
3131	4137335
3132	4138335
3133	4139335
3134	4140335
3135	4141335
3136	4142335
3137	4143335
3138	4144335
3139	4145335
3140	4146335
3141	4147335
3142	4148335
3143	4149335
3144	4150335
3145	4151335
3146	4152335
3147	4153335
3148	4154335
3149	4155335
3150	4156335
3151	4157335
3152	4158335
3153	4159335
3154	4160335
3155	4161335
3156	4162332
3157	4163335
3158	4164335
3159	4165335
3160	4166335
3161	4167335
3162	4168335
3163	4169335
3164	4170335
3165	4171335
3166	4172335
3167	4173335
3168	4174335
3169	4175335
3170	4176335
3171	4177335
3172	4178335
3173	4179335
3174	4180335
3175	4181335
3176	4182335
3177	4183335
3178	4184335
3179	4185335
3180	4186335
3181	4187335
3182	4188335
3183	4189335
3184	4190335
3185	4191335
3186	4192335
3187	4193335
3188	4194335
3189	4195335
3190	4196335
3191	4197335
3192	4198335
3193	4199335
3194	4200335
3195	4201335
3196	4202335
3197	4203335
3198	4204335
3199	4205335
3200	4206335
3201	4207335
3202	4208335
3203	4209335
3204	4210335
3205	4211335
3206	4212335
3207	4213335
3208	4214335
3209	4215335
3210	4216335
3211	4217335
3212	4218335
3213	4219335
3214	4220335
3215	4221335
3216	4222335
3217	4223335
3218	4224335
3219	4225335
3220	4226335
3221	4227335
3222	4228335
3223	4229335
3224	4230335
3225	4231335
3226	4232335
3227	4233335
3228	4234335
3229	4235335
3230	4236335
3231	4237335
3232	4238335
3233	4239335
3234	4240335
3235	4241335
3236	4242335
3237	4243335
3238	4244335
3239	4245335
3240	4246335
3241	4247335
3242	4248335
3243	4249335
3244	4250335
3245	4251335
3246	4252335
3247	4253335
3248	4254335
3249	4255335
3250	4256335
3251	4257335
3252	4258335
3253	4259335
3254	4260335
3255	4261335
3256	4262335
3257	4263335
3258	4264335
3259	4265335
3260	4266335
3261	4267335
3262	4268332
3263	4269332
3264	4270332
3265	4271332
3266	4272332
3267	4273332
3268	4274332
3269	4275332
3270	4276332
3271	4277332
3272	4278332
3273	4279332
3274	4280332
3275	4281332
3276	4282332
3277	4283332
3278	4284332
3279	4285335
3280	4286335
3281	4287335
3282	4288335
3283	4289335
3284	4290335
3285	4291335
3286	4292335
3287	4293335
3288	4294335
3289	4295335
3290	4296335
3291	4297335
3292	4298335
3293	4299335
3294	4300335
3295	4301335
3296	4302335
3297	4303335
3298	4304335
3299	4305335
3300	4306335
3301	4307335
3302	4308335
3303	4309335
3304	4310335
3305	4311335
3306	4312335
3307	4313335
3308	4314335
3309	4315335
3310	4316335
3311	4317335
3312	4318335
3313	4319335
3314	4320335
3315	4321335
3316	4322335
3317	4323335
3318	4324335
3319	4325335
3320	4326335
3321	4327335
3322	4328335
3323	4329335
3324	4330335
3325	4331335
3326	4332335
3327	4333335
3328	4334335
3329	4335335
3330	4336335
3331	4337335
3332	4338332
3333	4339335
3334	4340335
3335	4341335
3336	4342335
3337	4343335
3338	4344335
3339	4345335
3340	4346335
3341	4347335
3342	4348335
3343	4349335
3344	4350335
3345	4351330
3346	4352335
3347	4353335
3348	4354335
3349	4355335
3350	4356335
3351	4357335
3352	4358335
3353	4359335
3354	4360335
3355	4361335
3356	4362335
3357	4363335
3358	4364335
3359	4365335
3360	4366335
3361	4367335
3362	4368335
3363	4369335
3364	4370335
3365	4371335
3366	4372335
3367	4373335
3368	4374335
3369	4375335
3370	4376335
3371	4377335
3372	4378335
3373	4379335
3374	4380335
3375	4381335
3376	4382335
3377	4383335
3378	4384335
3379	4385335
3380	4386335
3381	4387335
3382	4388335
3383	4389335
3384	4390335
3385	4391335
3386	4392335
3387	4393335
3388	4394335
3389	4395335
3390	4396335
3391	4397335
3392	4398335
3393	4399335
3394	4400335
3395	4401335
3396	4402335
3397	4403335
3398	4404335
3399	4405335
3400	4406335
3401	4407335
3402	4408335
3403	4409335
3404	4410335
3405	4411335
3406	4412335
3407	4413335
3408	4414335
3409	4415335
3410	4416335
3411	4417335
3412	4418335
3413	4419335
3414	4420335
3415	4421335
3416	4422335
3417	4423335
3418	4424335
3419	4425335
3420	4426335
3421	4427335
3422	4428335
3423	4429335
3424	4430335
3425	4431335
3426	4432335
3427	4433335
3428	4434335
3429	4435335
3430	4436335
3431	4437335
3432	4438335
3433	4439335
3434	4440335
3435	4441335
3436	4442335
3437	4443335
3438	4444335
3439	4445335
3440	4446335
3441	4447335
3442	4448335
3443	4449335
3444	4450335
3445	4451335
3446	4452335
3447	4453335
3448	4454335
3449	4455335
3450	4456335
3451	4457335
3452	4458335
3453	4459335
3454	4460335
3455	4461335
3456	4462335
3457	4463335
3458	4464335
3459	4465335
3460	4466335
3461	4467335
3462	4468335
3463	4469335
3464	4470335
3465	4471335
3466	4472335
3467	4473335
3468	4474335
3469	4475335
3470	4476335
3471	4477335
3472	4478335
3473	4479335
3474	4480335
3475	4481335
3476	4482335
3477	4483335
3478	4484335
3479	4485335
3480	4486335
3481	4487335
3482	4488335
3483	4489335
3484	4490335
3485	4491335
3486	4492335
3487	4493335
3488	4494335
3489	4495335
3490	4496335
3491	4497335
3492	4498335
3493	4499335
3494	4500335
3495	4501335
3496	4502335
3497	4503335
3498	4504335
3499	4505335
3500	4506335
3501	4507335
3502	4508335
3503	4509335
3504	4510335
3505	4511335
3506	4512335
3507	4513335
3508	4514335
3509	4515335
3510	4516335
3511	4517335
3512	4518335
3513	4519335
3514	4520335
3515	4521335
3516	4522335
3517	4523335
3518	4524335
3519	4525335
3520	4526335
3521	4527335
3522	4528335
3523	4529335
3524	4530335
3525	4531335
3526	4532335
3527	4533335
3528	4534335
3529	4535335
3530	4536335
3531	4537335
3532	4538335
3533	4539335
3534	4540335
3535	4541335
3536	4542335
3537	4543335
3538	4544335
3539	4545335
3540	4546335
3541	4547335
3542	4548335
3543	4549335
3544	4550335
3545	4551335
3546	4552335
3547	4553335
3548	4554335
3549	4555335
3550	4556335
3551	4557335
3552	4558335
3553	4559335
3554	4560335
3555	4561335
3556	4562335
3557	4563335
3558	4564335
3559	4565335
3560	4566335
3561	4567335
3562	4568335
3563	4569335
3564	4570335
3565	4571335
3566	4572335
3567	4573335
3568	4574335
3569	4575335
3570	4576335
3571	4577335
3572	4578335
3573	4579335
3574	4580335
3575	4581335
3576	4582335
3577	4583335
3578	4584335
3579	4585335
3580	4586335
3581	4587335
3582	4588335
3583	4589335
3584	4590335
3585	4591335
3586	4592335
3587	4593335
3588	4594332
3589	4595335
3590	4596335
3591	4597335
3592	4598335
3593	4599335
3594	4600335
3595	4601335
3596	4602335
3597	4603335
3598	4604335
3599	4605335
3600	4606335
3601	4607330
3602	4608335
3603	4609335
3604	4610335
3605	4611335
3606	4612335
3607	4613335
3608	4614335
3609	4615335
3610	4616335
3611	4617335
3612	4618335
3613	4619335
3614	4620335
3615	4621335
3616	4622335
3617	4623335
3618	4624335
3619	4625335
3620	4626335
3621	4627335
3622	4628335
3623	4629335
3624	4630335
3625	4631335
3626	4632335
3627	4633335
3628	4634335
3629	4635335
3630	4636335
3631	4637335
3632	4638335
3633	4639335
3634	4640335
3635	4641335
3636	4642335
3637	4643335
3638	4644335
3639	4645335
3640	4646335
3641	4647335
3642	4648335
3643	4649335
3644	4650335
3645	4651335
3646	4652335
3647	4653335
3648	4654335
3649	4655335
3650	4656335
3651	4657335
3652	4658335
3653	4659335
3654	4660335
3655	4661335
3656	4662335
3657	4663335
3658	4664335
3659	4665335
3660	4666335
3661	4667335
3662	4668335
3663	4669335
3664	4670335
3665	4671335
3666	4672335
3667	4673335
3668	4674335
3669	4675335
3670	4676335
3671	4677335
3672	4678335
3673	4679335
3674	4680335
3675	4681335
3676	4682335
3677	4683335
3678	4684335
3679	4685335
3680	4686335
3681	4687335
3682	4688335
3683	4689335
3684	4690335
3685	4691335
3686	4692335
3687	4693335
3688	4694335
3689	4695335
3690	4696335
3691	4697335
3692	4698335
3693	4699335
3694	4700335
3695	4701335
3696	4702335
3697	4703335
3698	4704335
3699	4705335
3700	4706335
3701	4707335
3702	4708335
3703	4709335
3704	4710335
3705	4711335
3706	4712335
3707	4713335
3708	4714335
3709	4715335
3710	4716335
3711	4717335
3712	4718335
3713	4719335
3714	4720335
3715	4721335
3716	4722335
3717	4723335
3718	4724335
3719	4725335
3720	4726335
3721	4727335
3722	4728335
3723	4729335
3724	4730335
3725	4731335
3726	4732335
3727	4733335
3728	4734335
3729	4735335
3730	4736335
3731	4737335
3732	4738335
3733	4739335
3734	4740335
3735	4741335
3736	4742335
3737	4743335
3738	4744335
3739	4745335
3740	4746335
3741	4747335
3742	4748335
3743	4749335
3744	4750335
3745	4751335
3746	4752335
3747	4753335
3748	4754335
3749	4755335
3750	4756335
3751	4757335
3752	4758335
3753	4759335
3754	4760335
3755	4761335
3756	4762335
3757	4763335
3758	4764335
3759	4765335
3760	4766335
3761	4767335
3762	4768335
3763	4769335
3764	4770335
3765	4771335
3766	4772335
3767	4773335
3768	4774335
3769	4775335
3770	4776335
3771	4777335
3772	4778335
3773	4779335
3774	4780335
3775	4781335
3776	4782335
3777	4783335
3778	4784335
3779	4785335
3780	4786335
3781	4787335
3782	4788335
3783	4789335
3784	4790335
3785	4791335
3786	4792335
3787	4793335
3788	4794335
3789	4795335
3790	4796335
3791	4797335
3792	4798335
3793	4799335
3794	4800335
3795	4801335
3796	4802335
3797	4803335
3798	4804335
3799	4805335
3800	4806335
3801	4807335
3802	4808335
3803	4809335
3804	4810335
3805	4811335
3806	4812335
3807	4813335
3808	4814335
3809	4815335
3810	4816335
3811	4817335
3812	4818335
3813	4819335
3814	4820335
3815	4821335
3816	4822335
3817	4823335
3818	4824335
3819	4825335
3820	4826335
3821	4827335
3822	4828335
3823	4829335
3824	4830335
3825	4831335
3826	4832335
3827	4833335
3828	4834335
3829	4835335
3830	4836335
3831	4837335
3832	4838335
3833	4839335
3834	4840335
3835	4841335
3836	4842335
3837	4843335
3838	4844335
3839	4845335
3840	4846335
3841	4847335
3842	4848335
3843	4849335
3844	4850335
3845	4851335
3846	4852335
3847	4853335
3848	4854335
3849	4855335
3850	4856335
3851	4857335
3852	4858335
3853	4859335
3854	4860335
3855	4861335
3856	4862335
3857	4863330
3858	4864335
3859	4865335
3860	4866335
3861	4867335
3862	4868335
3863	4869335
3864	4870335
3865	4871335
3866	4872335
3867	4873335
3868	4874335
3869	4875335
3870	4876335
3871	4877335
3872	4878335
3873	4879335
3874	4880335
3875	4881335
3876	4882335
3877	4883335
3878	4884335
3879	4885335
3880	4886335
3881	4887335
3882	4888335
3883	4889335
3884	4890335
3885	4891335
3886	4892335
3887	4893335
3888	4894335
3889	4895335
3890	4896335
3891	4897335
3892	4898335
3893	4899335
3894	4900335
3895	4901335
3896	4902335
3897	4903335
3898	4904335
3899	4905335
3900	4906335
3901	4907335
3902	4908335
3903	4909335
3904	4910335
3905	4911335
3906	4912335
3907	4913335
3908	4914335
3909	4915335
3910	4916335
3911	4917335
3912	4918335
3913	4919335
3914	4920335
3915	4921335
3916	4922335
3917	4923335
3918	4924335
3919	4925335
3920	4926335
3921	4927335
3922	4928335
3923	4929335
3924	4930335
3925	4931335
3926	4932335
3927	4933335
3928	4934335
3929	4935335
3930	4936335
3931	4937335
3932	4938335
3933	4939335
3934	4940335
3935	4941335
3936	4942335
3937	4943335
3938	4944335
3939	4945335
3940	4946335
3941	4947335
3942	4948335
3943	4949335
3944	4950335
3945	4951335
3946	4952335
3947	4953335
3948	4954335
3949	4955335
3950	4956335
3951	4957335
3952	4958335
3953	4959335
3954	4960335
3955	4961335
3956	4962335
3957	4963335
3958	4964335
3959	4965335
3960	4966335
3961	4967335
3962	4968335
3963	4969335
3964	4970335
3965	4971335
3966	4972335
3967	4973335
3968	4974335
3969	4975335
3970	4976335
3971	4977335
3972	4978335
3973	4979335
3974	4980335
3975	4981335
3976	4982335
3977	4983335
3978	4984335
3979	4985335
3980	4986335
3981	4987335
3982	4988335
3983	4989335
3984	4990335
3985	4991335
3986	4992335
3987	4993335
3988	4994335
3989	4995335
3990	4996335
3991	4997335
3992	4998335
3993	4999335
3994	5000335
3995	5001335
3996	5002335
3997	5003335
3998	5004335
3999	5005335
4000	5006335
4001	5007335
4002	5008335
4003	5009335
4004	5010335
4005	5011335
4006	5012335
4007	5013335
4008	5014335
4009	5015335
4010	5016335
4011	5017335
4012	5018335
4013	5019335
4014	5020335
4015	5021335
4016	5022335
4017	5023335
4018	5024335
4019	5025335
4020	5026335
4021	5027335
4022	5028335
4023	5029335
4024	5030335
4025	5031335
4026	5032335
4027	5033335
4028	5034335
4029	5035335
4030	5036335
4031	5037335
4032	5038335
4033	5039335
4034	5040335
4035	5041335
4036	5042335
4037	5043335
4038	5044335
4039	5045335
4040	5046335
4041	5047335
4042	5048335
4043	5049335
4044	5050335
4045	5051335
4046	5052335
4047	5053335
4048	5054335
4049	5055335
4050	5056335
4051	5057335
4052	5058335
4053	5059335
4054	5060335
4055	5061335
4056	5062335
4057	5063335
4058	5064335
4059	5065335
4060	5066335
4061	5067335
4062	5068335
4063	5069335
4064	5070335
4065	5071335
4066	5072335
4067	5073335
4068	5074335
4069	5075335
4070	5076335
4071	5077335
4072	5078335
4073	5079335
4074	5080335
4075	5081335
4076	5082335
4077	5083335
4078	5084335
4079	5085335
4080	5086335
4081	5087335
4082	5088335
4083	5089335
4084	5090335
4085	5091335
4086	5092335
4087	5093335
4088	5094335
4089	5095335
4090	5096335
4091	5097335
4092	5098335
4093	5099335
4094	5100335
4095	5101335
4096	5102335
4097	5103335
4098	5104335
4099	5105335
4100	5106335
4101	5107335
4102	5108335
4103	5109335
4104	5110335
4105	5111335
4106	5112335
4107	5113335
4108	5114335
4109	5115335
4110	5116335
4111	5117335
4112	5118335
4113	5119330
4114	5120335
4115	5121335
4116	5122335
4117	5123335
4118	5124335
4119	5125335
4120	5126335
4121	5127335
4122	5128335
4123	5129335
4124	5130335
4125	5131335
4126	5132335
4127	5133335
4128	5134335
4129	5135335
4130	5136335
4131	5137335
4132	5138335
4133	5139335
4134	5140335
4135	5141335
4136	5142335
4137	5143335
4138	5144335
4139	5145335
4140	5146335
4141	5147335
4142	5148335
4143	5149335
4144	5150335
4145	5151335
4146	5152335
4147	5153335
4148	5154335
4149	5155335
4150	5156335
4151	5157335
4152	5158335
4153	5159335
4154	5160335
4155	5161335
4156	5162335
4157	5163335
4158	5164335
4159	5165335
4160	5166335
4161	5167335
4162	5168335
4163	5169335
4164	5170335
4165	5171335
4166	5172335
4167	5173335
4168	5174335
4169	5175335
4170	5176335
4171	5177335
4172	5178335
4173	5179335
4174	5180335
4175	5181335
4176	5182335
4177	5183335
4178	5184335
4179	5185335
4180	5186335
4181	5187335
4182	5188335
4183	5189335
4184	5190335
4185	5191335
4186	5192335
4187	5193335
4188	5194335
4189	5195335
4190	5196335
4191	5197335
4192	5198335
4193	5199335
4194	5200335
4195	5201335
4196	5202335
4197	5203335
4198	5204335
4199	5205335
4200	5206335
4201	5207335
4202	5208335
4203	5209335
4204	5210335
4205	5211335
4206	5212335
4207	5213335
4208	5214335
4209	5215335
4210	5216335
4211	5217335
4212	5218335
4213	5219335
4214	5220335
4215	5221335
4216	5222335
4217	5223335
4218	5224335
4219	5225335
4220	5226335
4221	5227335
4222	5228335
4223	5229335
4224	5230335
4225	5231335
4226	5232335
4227	5233335
4228	5234335
4229	5235335
4230	5236335
4231	5237335
4232	5238335
4233	5239335
4234	5240335
4235	5241335
4236	5242335
4237	5243335
4238	5244335
4239	5245335
4240	5246335
4241	5247335
4242	5248335
4243	5249335
4244	5250335
4245	5251335
4246	5252335
4247	5253335
4248	5254335
4249	5255335
4250	5256335
4251	5257335
4252	5258335
4253	5259335
4254	5260335
4255	5261335
4256	5262335
4257	5263335
4258	5264335
4259	5265335
4260	5266335
4261	5267335
4262	5268335
4263	5269335
4264	5270335
4265	5271335
4266	5272335
4267	5273335
4268	5274335
4269	5275335
4270	5276335
4271	5277335
4272	5278335
4273	5279335
4274	5280335
4275	5281335
4276	5282335
4277	5283335
4278	5284335
4279	5285335
4280	5286335
4281	5287335
4282	5288335
4283	5289335
4284	5290335
4285	5291335
4286	5292335
4287	5293335
4288	5294335
4289	5295335
4290	5296335
4291	5297335
4292	5298335
4293	5299335
4294	5300335
4295	5301335
4296	5302335
4297	5303335
4298	5304335
4299	5305335
4300	5306335
4301	5307335
4302	5308335
4303	5309335
4304	5310335
4305	5311335
4306	5312335
4307	5313335
4308	5314335
4309	5315335
4310	5316335
4311	5317335
4312	5318335
4313	5319335
4314	5320335
4315	5321335
4316	5322335
4317	5323335
4318	5324335
4319	5325335
4320	5326335
4321	5327335
4322	5328335
4323	5329335
4324	5330335
4325	5331335
4326	5332335
4327	5333335
4328	5334335
4329	5335335
4330	5336335
4331	5337335
4332	5338335
4333	5339335
4334	5340335
4335	5341335
4336	5342335
4337	5343335
4338	5344335
4339	5345335
4340	5346335
4341	5347335
4342	5348335
4343	5349335
4344	5350335
4345	5351335
4346	5352335
4347	5353335
4348	5354335
4349	5355335
4350	5356335
4351	5357335
4352	5358332
4353	5359335
4354	5360335
4355	5361335
4356	5362332
4357	5363335
4358	5364335
4359	5365335
4360	5366335
4361	5367335
4362	5368335
4363	5369335
4364	5370335
4365	5371335
4366	5372335
4367	5373335
4368	5374335
4369	5375330
4370	5376335
4371	5377335
4372	5378335
4373	5379335
4374	5380335
4375	5381335
4376	5382335
4377	5383335
4378	5384335
4379	5385335
4380	5386335
4381	5387335
4382	5388335
4383	5389335
4384	5390335
4385	5391335
4386	5392335
4387	5393335
4388	5394335
4389	5395335
4390	5396335
4391	5397335
4392	5398335
4393	5399335
4394	5400335
4395	5401335
4396	5402335
4397	5403335
4398	5404335
4399	5405335
4400	5406335
4401	5407335
4402	5408335
4403	5409335
4404	5410335
4405	5411335
4406	5412335
4407	5413335
4408	5414335
4409	5415335
4410	5416335
4411	5417335
4412	5418335
4413	5419335
4414	5420335
4415	5421335
4416	5422335
4417	5423335
4418	5424335
4419	5425335
4420	5426335
4421	5427335
4422	5428335
4423	5429335
4424	5430335
4425	5431335
4426	5432335
4427	5433335
4428	5434335
4429	5435335
4430	5436335
4431	5437335
4432	5438335
4433	5439335
4434	5440335
4435	5441335
4436	5442335
4437	5443335
4438	5444335
4439	5445335
4440	5446335
4441	5447335
4442	5448335
4443	5449335
4444	5450335
4445	5451335
4446	5452335
4447	5453335
4448	5454335
4449	5455335
4450	5456335
4451	5457335
4452	5458335
4453	5459335
4454	5460335
4455	5461335
4456	5462335
4457	5463335
4458	5464335
4459	5465335
4460	5466335
4461	5467335
4462	5468335
4463	5469335
4464	5470335
4465	5471335
4466	5472335
4467	5473335
4468	5474335
4469	5475335
4470	5476335
4471	5477335
4472	5478335
4473	5479335
4474	5480335
4475	5481335
4476	5482335
4477	5483335
4478	5484335
4479	5485335
4480	5486335
4481	5487335
4482	5488335
4483	5489335
4484	5490335
4485	5491335
4486	5492335
4487	5493335
4488	5494335
4489	5495335
4490	5496335
4491	5497335
4492	5498335
4493	5499335
4494	5500335
4495	5501335
4496	5502335
4497	5503335
4498	5504335
4499	5505335
4500	5506335
4501	5507335
4502	5508335
4503	5509335
4504	5510335
4505	5511335
4506	5512335
4507	5513335
4508	5514335
4509	5515335
4510	5516335
4511	5517335
4512	5518335
4513	5519335
4514	5520335
4515	5521335
4516	5522335
4517	5523335
4518	5524335
4519	5525335
4520	5526335
4521	5527335
4522	5528335
4523	5529335
4524	5530335
4525	5531335
4526	5532335
4527	5533335
4528	5534335
4529	5535335
4530	5536335
4531	5537335
4532	5538335
4533	5539335
4534	5540335
4535	5541335
4536	5542335
4537	5543335
4538	5544335
4539	5545335
4540	5546335
4541	5547335
4542	5548335
4543	5549335
4544	5550335
4545	5551335
4546	5552335
4547	5553335
4548	5554335
4549	5555335
4550	5556335
4551	5557335
4552	5558335
4553	5559335
4554	5560335
4555	5561335
4556	5562335
4557	5563335
4558	5564335
4559	5565335
4560	5566335
4561	5567335
4562	5568335
4563	5569335
4564	5570335
4565	5571335
4566	5572335
4567	5573335
4568	5574335
4569	5575335
4570	5576335
4571	5577335
4572	5578335
4573	5579335
4574	5580335
4575	5581335
4576	5582335
4577	5583335
4578	5584335
4579	5585335
4580	5586335
4581	5587335
4582	5588335
4583	5589335
4584	5590335
4585	5591335
4586	5592335
4587	5593335
4588	5594335
4589	5595335
4590	5596335
4591	5597335
4592	5598335
4593	5599335
4594	5600335
4595	5601335
4596	5602335
4597	5603335
4598	5604335
4599	5605335
4600	5606335
4601	5607335
4602	5608335
4603	5609335
4604	5610335
4605	5611335
4606	5612335
4607	5613335
4608	5614335
4609	5615335
4610	5616335
4611	5617335
4612	5618332
4613	5619335
4614	5620335
4615	5621335
4616	5622335
4617	5623335
4618	5624335
4619	5625335
4620	5626335
4621	5627335
4622	5628335
4623	5629335
4624	5630335
4625	5631330
4626	5632335
4627	5633335
4628	5634335
4629	5635335
4630	5636335
4631	5637335
4632	5638335
4633	5639335
4634	5640335
4635	5641335
4636	5642335
4637	5643335
4638	5644335
4639	5645335
4640	5646335
4641	5647335
4642	5648335
4643	5649335
4644	5650335
4645	5651335
4646	5652335
4647	5653335
4648	5654335
4649	5655335
4650	5656335
4651	5657335
4652	5658335
4653	5659335
4654	5660335
4655	5661335
4656	5662335
4657	5663335
4658	5664335
4659	5665335
4660	5666335
4661	5667335
4662	5668335
4663	5669335
4664	5670335
4665	5671335
4666	5672335
4667	5673335
4668	5674335
4669	5675335
4670	5676335
4671	5677335
4672	5678335
4673	5679335
4674	5680335
4675	5681335
4676	5682335
4677	5683335
4678	5684335
4679	5685335
4680	5686335
4681	5687335
4682	5688335
4683	5689335
4684	5690335
4685	5691335
4686	5692335
4687	5693335
4688	5694335
4689	5695335
4690	5696335
4691	5697335
4692	5698335
4693	5699335
4694	5700335
4695	5701335
4696	5702335
4697	5703335
4698	5704335
4699	5705335
4700	5706335
4701	5707335
4702	5708335
4703	5709335
4704	5710335
4705	5711335
4706	5712335
4707	5713335
4708	5714335
4709	5715335
4710	5716335
4711	5717335
4712	5718335
4713	5719335
4714	5720335
4715	5721335
4716	5722335
4717	5723335
4718	5724335
4719	5725335
4720	5726335
4721	5727335
4722	5728335
4723	5729335
4724	5730335
4725	5731335
4726	5732335
4727	5733335
4728	5734335
4729	5735335
4730	5736335
4731	5737335
4732	5738335
4733	5739335
4734	5740335
4735	5741335
4736	5742335
4737	5743335
4738	5744335
4739	5745335
4740	5746335
4741	5747335
4742	5748335
4743	5749335
4744	5750335
4745	5751335
4746	5752335
4747	5753335
4748	5754335
4749	5755335
4750	5756335
4751	5757335
4752	5758335
4753	5759335
4754	5760335
4755	5761335
4756	5762335
4757	5763335
4758	5764335
4759	5765335
4760	5766335
4761	5767335
4762	5768335
4763	5769335
4764	5770335
4765	5771335
4766	5772335
4767	5773335
4768	5774335
4769	5775335
4770	5776335
4771	5777335
4772	5778335
4773	5779335
4774	5780335
4775	5781335
4776	5782335
4777	5783335
4778	5784335
4779	5785335
4780	5786335
4781	5787335
4782	5788335
4783	5789335
4784	5790335
4785	5791335
4786	5792335
4787	5793335
4788	5794335
4789	5795335
4790	5796335
4791	5797335
4792	5798335
4793	5799335
4794	5800335
4795	5801335
4796	5802335
4797	5803335
4798	5804335
4799	5805335
4800	5806335
4801	5807335
4802	5808335
4803	5809335
4804	5810335
4805	5811335
4806	5812335
4807	5813335
4808	5814335
4809	5815335
4810	5816335
4811	5817335
4812	5818335
4813	5819335
4814	5820335
4815	5821335
4816	5822335
4817	5823335
4818	5824335
4819	5825335
4820	5826335
4821	5827335
4822	5828335
4823	5829335
4824	5830335
4825	5831335
4826	5832335
4827	5833335
4828	5834335
4829	5835335
4830	5836335
4831	5837335
4832	5838335
4833	5839335
4834	5840335
4835	5841335
4836	5842335
4837	5843335
4838	5844335
4839	5845335
4840	5846335
4841	5847335
4842	5848335
4843	5849335
4844	5850335
4845	5851335
4846	5852335
4847	5853335
4848	5854335
4849	5855335
4850	5856335
4851	5857335
4852	5858335
4853	5859335
4854	5860335
4855	5861335
4856	5862335
4857	5863335
4858	5864335
4859	5865335
4860	5866335
4861	5867335
4862	5868335
4863	5869335
4864	5870335
4865	5871335
4866	5872335
4867	5873335
4868	5874335
4869	5875335
4870	5876335
4871	5877335
4872	5878335
4873	5879335
4874	5880335
4875	5881335
4876	5882335
4877	5883335
4878	5884335
4879	5885335
4880	5886335
4881	5887330
4882	5888335
4883	5889335
4884	5890335
4885	5891335
4886	5892335
4887	5893335
4888	5894335
4889	5895335
4890	5896335
4891	5897335
4892	5898335
4893	5899335
4894	5900335
4895	5901335
4896	5902335
4897	5903335
4898	5904335
4899	5905335
4900	5906335
4901	5907335
4902	5908335
4903	5909335
4904	5910335
4905	5911335
4906	5912335
4907	5913335
4908	5914335
4909	5915335
4910	5916335
4911	5917335
4912	5918335
4913	5919335
4914	5920335
4915	5921335
4916	5922335
4917	5923335
4918	5924335
4919	5925335
4920	5926335
4921	5927335
4922	5928335
4923	5929335
4924	5930335
4925	5931335
4926	5932335
4927	5933335
4928	5934335
4929	5935335
4930	5936335
4931	5937335
4932	5938335
4933	5939335
4934	5940335
4935	5941335
4936	5942335
4937	5943335
4938	5944335
4939	5945335
4940	5946335
4941	5947335
4942	5948335
4943	5949335
4944	5950335
4945	5951335
4946	5952335
4947	5953335
4948	5954335
4949	5955335
4950	5956335
4951	5957335
4952	5958335
4953	5959335
4954	5960335
4955	5961335
4956	5962335
4957	5963335
4958	5964335
4959	5965335
4960	5966335
4961	5967335
4962	5968335
4963	5969335
4964	5970335
4965	5971335
4966	5972335
4967	5973335
4968	5974335
4969	5975335
4970	5976335
4971	5977335
4972	5978335
4973	5979335
4974	5980335
4975	5981335
4976	5982335
4977	5983335
4978	5984335
4979	5985335
4980	5986335
4981	5987335
4982	5988335
4983	5989335
4984	5990335
4985	5991335
4986	5992335
4987	5993335
4988	5994335
4989	5995335
4990	5996335
4991	5997335
4992	5998335
4993	5999335
4994	6000335
4995	6001335
4996	6002335
4997	6003335
4998	6004335
4999	6005335
5000	6006335
5001	6007335
5002	6008335
5003	6009335
5004	6010335
5005	6011335
5006	6012335
5007	6013335
5008	6014335
5009	6015335
5010	6016335
5011	6017335
5012	6018335
5013	6019335
5014	6020335
5015	6021335
5016	6022335
5017	6023335
5018	6024335
5019	6025335
5020	6026335
5021	6027335
5022	6028335
5023	6029335
5024	6030335
5025	6031335
5026	6032335
5027	6033335
5028	6034335
5029	6035335
5030	6036335
5031	6037335
5032	6038335
5033	6039335
5034	6040335
5035	6041335
5036	6042335
5037	6043335
5038	6044335
5039	6045335
5040	6046335
5041	6047335
5042	6048335
5043	6049335
5044	6050335
5045	6051335
5046	6052335
5047	6053335
5048	6054335
5049	6055335
5050	6056335
5051	6057335
5052	6058335
5053	6059335
5054	6060335
5055	6061335
5056	6062335
5057	6063335
5058	6064335
5059	6065335
5060	6066335
5061	6067335
5062	6068335
5063	6069335
5064	6070335
5065	6071335
5066	6072335
5067	6073335
5068	6074335
5069	6075335
5070	6076335
5071	6077335
5072	6078335
5073	6079335
5074	6080335
5075	6081335
5076	6082335
5077	6083335
5078	6084335
5079	6085335
5080	6086335
5081	6087335
5082	6088335
5083	6089335
5084	6090335
5085	6091335
5086	6092335
5087	6093335
5088	6094335
5089	6095335
5090	6096335
5091	6097335
5092	6098335
5093	6099335
5094	6100335
5095	6101335
5096	6102335
5097	6103335
5098	6104335
5099	6105335
5100	6106335
5101	6107335
5102	6108335
5103	6109335
5104	6110335
5105	6111335
5106	6112335
5107	6113335
5108	6114335
5109	6115335
5110	6116335
5111	6117335
5112	6118335
5113	6119335
5114	6120335
5115	6121335
5116	6122335
5117	6123335
5118	6124335
5119	6125335
5120	6126335
5121	6127335
5122	6128335
5123	6129335
5124	6130335
5125	6131335
5126	6132335
5127	6133335
5128	6134335
5129	6135335
5130	6136335
5131	6137335
5132	6138335
5133	6139335
5134	6140335
5135	6141335
5136	6142335
5137	6143330
5138	6144335
5139	6145335
5140	6146335
5141	6147335
5142	6148335
5143	6149335
5144	6150335
5145	6151335
5146	6152335
5147	6153335
5148	6154335
5149	6155335
5150	6156335
5151	6157335
5152	6158335
5153	6159335
5154	6160335
5155	6161335
5156	6162335
5157	6163335
5158	6164335
5159	6165335
5160	6166335
5161	6167335
5162	6168335
5163	6169335
5164	6170335
5165	6171335
5166	6172335
5167	6173335
5168	6174335
5169	6175335
5170	6176335
5171	6177335
5172	6178335
5173	6179335
5174	6180335
5175	6181335
5176	6182335
5177	6183335
5178	6184335
5179	6185335
5180	6186335
5181	6187335
5182	6188335
5183	6189335
5184	6190335
5185	6191335
5186	6192335
5187	6193335
5188	6194335
5189	6195335
5190	6196335
5191	6197335
5192	6198335
5193	6199335
5194	6200335
5195	6201335
5196	6202335
5197	6203335
5198	6204335
5199	6205335
5200	6206335
5201	6207335
5202	6208335
5203	6209335
5204	6210335
5205	6211335
5206	6212335
5207	6213335
5208	6214335
5209	6215335
5210	6216335
5211	6217335
5212	6218335
5213	6219335
5214	6220335
5215	6221335
5216	6222335
5217	6223335
5218	6224335
5219	6225335
5220	6226335
5221	6227335
5222	6228335
5223	6229335
5224	6230335
5225	6231335
5226	6232335
5227	6233335
5228	6234335
5229	6235335
5230	6236335
5231	6237335
5232	6238335
5233	6239335
5234	6240335
5235	6241335
5236	6242335
5237	6243335
5238	6244335
5239	6245335
5240	6246335
5241	6247335
5242	6248335
5243	6249335
5244	6250335
5245	6251335
5246	6252335
5247	6253335
5248	6254335
5249	6255335
5250	6256335
5251	6257335
5252	6258335
5253	6259335
5254	6260335
5255	6261335
5256	6262335
5257	6263335
5258	6264335
5259	6265335
5260	6266335
5261	6267335
5262	6268335
5263	6269335
5264	6270335
5265	6271335
5266	6272335
5267	6273335
5268	6274335
5269	6275335
5270	6276335
5271	6277335
5272	6278335
5273	6279335
5274	6280335
5275	6281335
5276	6282335
5277	6283335
5278	6284335
5279	6285335
5280	6286335
5281	6287335
5282	6288335
5283	6289335
5284	6290335
5285	6291335
5286	6292335
5287	6293335
5288	6294335
5289	6295335
5290	6296335
5291	6297335
5292	6298335
5293	6299335
5294	6300335
5295	6301335
5296	6302335
5297	6303335
5298	6304335
5299	6305335
5300	6306335
5301	6307335
5302	6308335
5303	6309335
5304	6310335
5305	6311335
5306	6312335
5307	6313335
5308	6314335
5309	6315335
5310	6316335
5311	6317335
5312	6318335
5313	6319335
5314	6320335
5315	6321335
5316	6322335
5317	6323335
5318	6324335
5319	6325335
5320	6326335
5321	6327335
5322	6328335
5323	6329335
5324	6330335
5325	6331335
5326	6332335
5327	6333335
5328	6334335
5329	6335335
5330	6336335
5331	6337335
5332	6338335
5333	6339335
5334	6340335
5335	6341335
5336	6342335
5337	6343335
5338	6344335
5339	6345335
5340	6346335
5341	6347335
5342	6348335
5343	6349335
5344	6350335
5345	6351335
5346	6352335
5347	6353335
5348	6354335
5349	6355335
5350	6356335
5351	6357335
5352	6358335
5353	6359335
5354	6360335
5355	6361335
5356	6362335
5357	6363335
5358	6364335
5359	6365335
5360	6366335
5361	6367335
5362	6368335
5363	6369335
5364	6370335
5365	6371335
5366	6372335
5367	6373335
5368	6374335
5369	6375335
5370	6376335
5371	6377335
5372	6378335
5373	6379335
5374	6380335
5375	6381335
5376	6382335
5377	6383335
5378	6384335
5379	6385335
5380	6386332
5381	6387335
5382	6388335
5383	6389335
5384	6390335
5385	6391335
5386	6392335
5387	6393335
5388	6394335
5389	6395335
5390	6396335
5391	6397335
5392	6398335
5393	6399330
5394	6400335
5395	6401335
5396	6402335
5397	6403335
5398	6404335
5399	6405335
5400	6406335
5401	6407335
5402	6408335
5403	6409335
5404	6410335
5405	6411335
5406	6412335
5407	6413335
5408	6414335
5409	6415335
5410	6416335
5411	6417335
5412	6418335
5413	6419335
5414	6420335
5415	6421335
5416	6422335
5417	6423335
5418	6424335
5419	6425335
5420	6426335
5421	6427335
5422	6428335
5423	6429335
5424	6430335
5425	6431335
5426	6432335
5427	6433335
5428	6434335
5429	6435335
5430	6436335
5431	6437335
5432	6438335
5433	6439335
5434	6440335
5435	6441335
5436	6442335
5437	6443335
5438	6444335
5439	6445335
5440	6446335
5441	6447335
5442	6448335
5443	6449335
5444	6450335
5445	6451335
5446	6452335
5447	6453335
5448	6454335
5449	6455335
5450	6456335
5451	6457335
5452	6458335
5453	6459335
5454	6460335
5455	6461335
5456	6462335
5457	6463335
5458	6464335
5459	6465335
5460	6466335
5461	6467335
5462	6468335
5463	6469335
5464	6470335
5465	6471335
5466	6472335
5467	6473335
5468	6474335
5469	6475335
5470	6476335
5471	6477335
5472	6478335
5473	6479335
5474	6480335
5475	6481335
5476	6482335
5477	6483335
5478	6484335
5479	6485335
5480	6486335
5481	6487335
5482	6488335
5483	6489335
5484	6490335
5485	6491335
5486	6492335
5487	6493335
5488	6494335
5489	6495335
5490	6496335
5491	6497335
5492	6498335
5493	6499335
5494	6500335
5495	6501335
5496	6502335
5497	6503335
5498	6504335
5499	6505335
5500	6506335
5501	6507335
5502	6508335
5503	6509335
5504	6510335
5505	6511335
5506	6512335
5507	6513335
5508	6514335
5509	6515335
5510	6516335
5511	6517335
5512	6518335
5513	6519335
5514	6520335
5515	6521335
5516	6522335
5517	6523335
5518	6524335
5519	6525335
5520	6526335
5521	6527335
5522	6528335
5523	6529335
5524	6530335
5525	6531335
5526	6532335
5527	6533335
5528	6534335
5529	6535335
5530	6536335
5531	6537335
5532	6538335
5533	6539335
5534	6540335
5535	6541335
5536	6542335
5537	6543335
5538	6544335
5539	6545335
5540	6546335
5541	6547335
5542	6548335
5543	6549335
5544	6550335
5545	6551335
5546	6552335
5547	6553335
5548	6554335
5549	6555335
5550	6556335
5551	6557335
5552	6558335
5553	6559335
5554	6560335
5555	6561335
5556	6562335
5557	6563335
5558	6564335
5559	6565335
5560	6566335
5561	6567335
5562	6568335
5563	6569335
5564	6570335
5565	6571335
5566	6572335
5567	6573335
5568	6574335
5569	6575335
5570	6576335
5571	6577335
5572	6578335
5573	6579335
5574	6580335
5575	6581335
5576	6582335
5577	6583335
5578	6584335
5579	6585335
5580	6586335
5581	6587335
5582	6588335
5583	6589335
5584	6590335
5585	6591335
5586	6592335
5587	6593335
5588	6594335
5589	6595335
5590	6596335
5591	6597335
5592	6598335
5593	6599335
5594	6600335
5595	6601335
5596	6602335
5597	6603335
5598	6604335
5599	6605335
5600	6606335
5601	6607335
5602	6608335
5603	6609335
5604	6610335
5605	6611335
5606	6612335
5607	6613335
5608	6614335
5609	6615335
5610	6616335
5611	6617335
5612	6618335
5613	6619335
5614	6620335
5615	6621335
5616	6622335
5617	6623335
5618	6624335
5619	6625335
5620	6626335
5621	6627335
5622	6628335
5623	6629335
5624	6630335
5625	6631335
5626	6632335
5627	6633335
5628	6634335
5629	6635335
5630	6636335
5631	6637335
5632	6638335
5633	6639335
5634	6640335
5635	6641335
5636	6642332
5637	6643335
5638	6644335
5639	6645335
5640	6646335
5641	6647335
5642	6648335
5643	6649335
5644	6650335
5645	6651335
5646	6652335
5647	6653335
5648	6654335
5649	6655330
5650	6656335
5651	6657335
5652	6658335
5653	6659335
5654	6660335
5655	6661335
5656	6662335
5657	6663335
5658	6664335
5659	6665335
5660	6666335
5661	6667335
5662	6668335
5663	6669335
5664	6670335
5665	6671335
5666	6672335
5667	6673335
5668	6674335
5669	6675335
5670	6676335
5671	6677335
5672	6678335
5673	6679335
5674	6680335
5675	6681335
5676	6682335
5677	6683335
5678	6684335
5679	6685335
5680	6686335
5681	6687335
5682	6688335
5683	6689335
5684	6690335
5685	6691335
5686	6692335
5687	6693335
5688	6694335
5689	6695335
5690	6696335
5691	6697335
5692	6698335
5693	6699335
5694	6700335
5695	6701335
5696	6702335
5697	6703335
5698	6704335
5699	6705335
5700	6706335
5701	6707335
5702	6708335
5703	6709335
5704	6710335
5705	6711335
5706	6712335
5707	6713335
5708	6714335
5709	6715335
5710	6716335
5711	6717335
5712	6718335
5713	6719335
5714	6720335
5715	6721335
5716	6722335
5717	6723335
5718	6724335
5719	6725335
5720	6726335
5721	6727335
5722	6728335
5723	6729335
5724	6730335
5725	6731335
5726	6732335
5727	6733335
5728	6734335
5729	6735335
5730	6736335
5731	6737335
5732	6738335
5733	6739335
5734	6740335
5735	6741335
5736	6742335
5737	6743335
5738	6744335
5739	6745335
5740	6746335
5741	6747335
5742	6748335
5743	6749335
5744	6750335
5745	6751335
5746	6752335
5747	6753335
5748	6754335
5749	6755335
5750	6756335
5751	6757335
5752	6758335
5753	6759335
5754	6760335
5755	6761335
5756	6762335
5757	6763335
5758	6764335
5759	6765335
5760	6766335
5761	6767335
5762	6768335
5763	6769335
5764	6770335
5765	6771335
5766	6772335
5767	6773335
5768	6774335
5769	6775335
5770	6776335
5771	6777335
5772	6778335
5773	6779335
5774	6780335
5775	6781335
5776	6782335
5777	6783335
5778	6784335
5779	6785335
5780	6786335
5781	6787335
5782	6788335
5783	6789335
5784	6790335
5785	6791335
5786	6792335
5787	6793335
5788	6794335
5789	6795335
5790	6796335
5791	6797335
5792	6798335
5793	6799335
5794	6800335
5795	6801335
5796	6802335
5797	6803335
5798	6804335
5799	6805335
5800	6806335
5801	6807335
5802	6808335
5803	6809335
5804	6810335
5805	6811335
5806	6812335
5807	6813335
5808	6814335
5809	6815335
5810	6816335
5811	6817335
5812	6818335
5813	6819335
5814	6820335
5815	6821335
5816	6822335
5817	6823335
5818	6824335
5819	6825335
5820	6826335
5821	6827335
5822	6828335
5823	6829335
5824	6830335
5825	6831335
5826	6832335
5827	6833335
5828	6834335
5829	6835335
5830	6836335
5831	6837335
5832	6838335
5833	6839335
5834	6840335
5835	6841335
5836	6842335
5837	6843335
5838	6844335
5839	6845335
5840	6846335
5841	6847335
5842	6848335
5843	6849335
5844	6850335
5845	6851335
5846	6852335
5847	6853335
5848	6854335
5849	6855335
5850	6856335
5851	6857335
5852	6858335
5853	6859335
5854	6860335
5855	6861335
5856	6862335
5857	6863335
5858	6864335
5859	6865335
5860	6866335
5861	6867335
5862	6868335
5863	6869335
5864	6870335
5865	6871335
5866	6872335
5867	6873335
5868	6874335
5869	6875335
5870	6876335
5871	6877335
5872	6878335
5873	6879335
5874	6880335
5875	6881335
5876	6882335
5877	6883335
5878	6884335
5879	6885335
5880	6886335
5881	6887335
5882	6888335
5883	6889335
5884	6890335
5885	6891335
5886	6892335
5887	6893335
5888	6894335
5889	6895335
5890	6896335
5891	6897335
5892	6898335
5893	6899335
5894	6900335
5895	6901335
5896	6902335
5897	6903335
5898	6904335
5899	6905335
5900	6906335
5901	6907335
5902	6908335
5903	6909335
5904	6910335
5905	6911332
5906	6912335
5907	6913335
5908	6914335
5909	6915335
5910	6916335
5911	6917335
5912	6918335
5913	6919335
5914	6920335
5915	6921335
5916	6922335
5917	6923335
5918	6924335
5919	6925335
5920	6926335
5921	6927335
5922	6928335
5923	6929335
5924	6930335
5925	6931335
5926	6932335
5927	6933335
5928	6934335
5929	6935335
5930	6936335
5931	6937335
5932	6938335
5933	6939335
5934	6940335
5935	6941335
5936	6942335
5937	6943335
5938	6944335
5939	6945335
5940	6946335
5941	6947335
5942	6948335
5943	6949335
5944	6950335
5945	6951335
5946	6952335
5947	6953335
5948	6954335
5949	6955335
5950	6956335
5951	6957335
5952	6958335
5953	6959335
5954	6960335
5955	6961335
5956	6962335
5957	6963335
5958	6964335
5959	6965335
5960	6966335
5961	6967335
5962	6968335
5963	6969335
5964	6970335
5965	6971335
5966	6972335
5967	6973335
5968	6974335
5969	6975335
5970	6976335
5971	6977335
5972	6978335
5973	6979335
5974	6980335
5975	6981335
5976	6982335
5977	6983335
5978	6984335
5979	6985335
5980	6986335
5981	6987335
5982	6988335
5983	6989335
5984	6990335
5985	6991335
5986	6992335
5987	6993335
5988	6994335
5989	6995335
5990	6996335
5991	6997335
5992	6998335
5993	6999335
5994	7000335
5995	7001335
5996	7002335
5997	7003335
5998	7004335
5999	7005335
