0	1007489
1	1008793
2	1010097
3	1011401
4	1012705
5	-1
6	1014009
7	1015313
8	1016617
9	-1
10	1017921
11	1019225
12	1020529
13	-1
14	1021833
15	1023137
16	1024441
17	1025745
18	-1
19	1027049
20	1028353
21	1029657
22	-1
23	1030961
24	1032265
25	1033569
26	-1
27	1034873
28	1036177
29	1037481
30	1038785
31	-1
32	1040089
33	1041393
34	1042697
35	-1
36	1044001
37	1045305
38	1046609
39	-1
40	1047913
41	1049217
42	1050521
43	-1
44	1051825
45	1053129
46	1054433
47	1055737
48	-1
49	1057041
50	1058345
51	1059649
52	-1
53	1060953
54	1062257
55	1063561
56	-1
57	1064865
58	1066169
59	1067473
60	1068777
61	-1
62	1070081
63	1071385
64	1072689
65	-1
66	1073993
67	1075297
68	1076601
69	-1
70	1077905
71	1079209
72	1080513
73	-1
74	1081817
75	1083121
76	1084425
77	1085729
78	-1
79	1087033
80	1088337
81	1089641
82	-1
83	1090945
84	1092249
85	1093553
86	-1
87	1094857
88	1096161
89	1097465
90	1098769
91	-1
92	1100073
93	1101377
94	1102681
95	-1
96	1103985
97	1105289
98	1106593
99	-1
100	1107897
101	1109201
102	1110505
103	-1
104	1111809
105	1113113
106	1114417
107	1115721
108	-1
109	1117025
110	1118329
111	1119633
112	-1
113	1120937
114	1122241
115	1123545
116	-1
117	1124849
118	1126153
119	1127457
120	1128761
121	-1
122	1130065
123	1131369
124	1132673
125	-1
126	1133977
127	1135281
128	1136585
129	-1
130	1137889
131	1139193
132	1140497
133	-1
134	1141801
135	1143105
136	1144409
137	1145713
138	-1
139	1147017
140	1148321
141	1149625
142	-1
143	1150929
144	1152233
145	1153537
146	-1
147	1154841
148	1156145
149	1157449
150	1158753
151	-1
152	1160057
153	1161361
154	1162665
155	-1
156	1163969
157	1165273
158	1166577
159	-1
160	1167881
161	1169185
162	1170489
163	-1
164	1171793
165	1173097
166	1174401
167	1175705
168	-1
169	1177009
170	1178313
171	1179617
172	-1
173	1180921
174	1182225
175	1183529
176	-1
177	1184833
178	1186137
179	1187441
180	1188745
181	-1
182	1190049
183	1191353
184	1192657
185	-1
186	1193961
187	1195265
188	1196569
189	-1
190	1197873
191	1199177
192	1200481
193	1201785
194	-1
195	1203089
196	1204393
197	1205697
198	-1
199	1207001
200	1208305
201	1209609
202	-1
203	1210913
204	1212217
205	1213521
206	-1
207	1214825
208	1216129
209	1217433
210	1218737
211	-1
212	1220041
213	1221345
214	1222649
215	-1
216	1223953
217	1225257
218	1226561
219	-1
220	1227865
221	1229169
222	1230473
223	1231777
224	-1
225	1233081
226	1234385
227	1235689
228	-1
229	1236993
230	1238297
231	1239601
232	-1
233	1240905
234	1242209
235	1243513
236	-1
237	1244817
238	1246121
239	1247425
240	1248729
241	-1
242	1250033
243	1251337
244	1252641
245	-1
246	1253945
247	1255249
248	1256553
249	-1
250	1257857
251	1259161
252	1260465
253	1261769
254	-1
255	1263073
256	1264377
257	1265681
258	-1
259	1266985
260	1268289
261	1269593
262	-1
263	1270897
264	1272201
265	1273505
266	-1
267	1274809
268	1276113
269	1277417
270	1278721
271	-1
272	1280025
273	1281329
274	1282633
275	-1
276	1283937
277	1285241
278	1286545
279	-1
280	1287849
281	1289153
282	1290457
283	1291761
284	-1
285	1293065
286	1294369
287	1295673
288	-1
289	1296977
290	1298281
291	1299585
292	-1
293	1300889
294	1302193
295	1303497
296	-1
297	1304801
298	1306105
299	1307409
300	1308713
301	-1
302	1310017
303	1311321
304	1312625
305	-1
306	1313929
307	1315233
308	1316537
309	-1
310	1317841
311	1319145
312	1320449
313	1321753
314	-1
315	1323057
316	1324361
317	1325665
318	-1
319	1326969
320	1328273
321	1329577
322	-1
323	1330881
324	1332185
325	1333489
326	-1
327	1334793
328	1336097
329	1337401
330	1338705
331	-1
332	1340009
333	1341313
334	1342617
335	-1
336	1343921
337	1345225
338	1346529
339	-1
340	1347833
341	1349137
342	1350441
343	1351745
344	-1
345	1353049
346	1354353
347	1355657
348	-1
349	1356961
350	1358265
351	1359569
352	-1
353	1360873
354	1362177
355	1363481
356	1364785
357	-1
358	1366089
359	1367393
360	1368697
361	-1
362	1370001
363	1371305
364	1372609
365	-1
366	1373913
367	1375217
368	1376521
369	-1
370	1377825
371	1379129
372	1380433
373	1381737
374	-1
375	1383041
376	1384345
377	1385649
378	-1
379	1386953
380	1388257
381	1389561
382	-1
383	1390865
384	1392169
385	1393473
386	1394777
387	-1
388	1396081
389	1397385
390	1398689
391	-1
392	1399993
393	1401297
394	1402601
395	-1
396	1403905
397	1405209
398	1406513
399	-1
400	1407817
401	1409121
402	1410425
403	1411729
404	-1
405	1413033
406	1414337
407	1415641
408	-1
409	1416945
410	1418249
411	1419553
412	-1
413	1420857
414	1422161
415	1423465
416	1424769
417	-1
418	1426073
419	1427377
420	1428681
421	-1
422	1429985
423	1431289
424	1432593
425	-1
426	1433897
427	1435201
428	1436505
429	-1
430	1437809
431	1439113
432	1440417
433	1441721
434	-1
435	1443025
436	1444329
437	1445633
438	-1
439	1446937
440	1448241
441	1449545
442	-1
443	1450849
444	1452153
445	1453457
446	1454761
447	-1
448	1456065
449	1457369
450	1458673
451	-1
452	1459977
453	1461281
454	1462585
455	-1
456	1463889
457	1465193
458	1466497
459	-1
460	1467801
461	1469105
462	1470409
463	1471713
464	-1
465	1473017
466	1474321
467	1475625
468	-1
469	1476929
470	1478233
471	1479537
472	-1
473	1480841
474	1482145
475	1483449
476	1484753
477	-1
478	1486057
479	1487361
480	1488665
481	-1
482	1489969
483	1491273
484	1492577
485	-1
486	1493881
487	1495185
488	1496489
489	-1
490	1497793
491	1499097
492	1500401
493	1501705
494	-1
495	1503009
496	1504313
497	1505617
498	-1
499	1506921
500	1508225
501	1509529
502	-1
503	1510833
504	1512137
505	1513441
506	1514745
507	-1
508	1516049
509	1517353
510	1518657
511	-1
512	1519961
513	1521265
514	1522569
515	-1
516	1523873
517	1525177
518	1526481
519	1527785
520	-1
521	1529089
522	1530393
523	1531697
524	-1
525	1533001
526	1534305
527	1535609
528	-1
529	1536913
530	1538217
531	1539521
532	-1
533	1540825
534	1542129
535	1543433
536	1544737
537	-1
538	1546041
539	1547345
540	1548649
541	-1
542	1549953
543	1551257
544	1552561
545	-1
546	1553865
547	1555169
548	1556473
549	1557777
550	-1
551	1559081
552	1560385
553	1561689
554	-1
555	1562993
556	1564297
557	1565601
558	-1
559	1566905
560	1568209
561	1569513
562	-1
563	1570817
564	1572121
565	1573425
566	1574729
567	-1
568	1576033
569	1577337
570	1578641
571	-1
572	1579945
573	1581249
574	1582553
575	-1
576	1583857
577	1585161
578	1586465
579	1587769
580	-1
581	1589073
582	1590377
583	1591681
584	-1
585	1592985
586	1594289
587	1595593
588	-1
589	1596897
590	1598201
591	1599505
592	-1
593	1600809
594	1602113
595	1603417
596	1604721
597	-1
598	1606025
599	1607329
600	1608633
601	-1
602	1609937
603	1611241
604	1612545
605	-1
606	1613849
607	1615153
608	1616457
609	1617761
610	-1
611	1619065
612	1620369
613	1621673
614	-1
615	1622977
616	1624281
617	1625585
618	-1
619	1626889
620	1628193
621	1629497
622	-1
623	1630801
624	1632105
625	1633409
626	1634713
627	-1
628	1636017
629	1637321
630	1638625
631	-1
632	1639929
633	1641233
634	1642537
635	-1
636	1643841
637	1645145
638	1646449
639	1647753
640	-1
641	1649057
642	1650361
643	1651665
644	-1
645	1652969
646	1654273
647	1655577
648	-1
649	1656881
650	1658185
651	1659489
652	-1
653	1660793
654	1662097
655	1663401
656	1664705
657	-1
658	1666009
659	1667313
660	1668617
661	-1
662	1669921
663	1671225
664	1672529
665	-1
666	1673833
667	1675137
668	1676441
669	1677745
670	-1
671	1679049
672	1680353
673	1681657
674	-1
675	1682961
676	1684265
677	1685569
678	-1
679	1686873
680	1688177
681	1689481
682	1690785
683	-1
684	1692089
685	1693393
686	1694697
687	-1
688	1696001
689	1697305
690	1698609
691	-1
692	1699913
693	1701217
694	1702521
695	-1
696	1703825
697	1705129
698	1706433
699	1707737
700	-1
701	1709041
702	1710345
703	1711649
704	-1
705	1712953
706	1714257
707	1715561
708	-1
709	1716865
710	1718169
711	1719473
712	1720777
713	-1
714	1722081
715	1723385
716	1724689
717	-1
718	1725993
719	1727297
720	1728601
721	-1
722	1729905
723	1731209
724	1732513
725	-1
726	1733817
727	1735121
728	1736425
729	1737729
730	-1
731	1739033
732	1740337
733	1741641
734	-1
735	1742945
736	1744249
737	1745553
738	-1
739	1746857
740	1748161
741	1749465
742	1750769
743	-1
744	1752073
745	1753377
746	1754681
747	-1
748	1755985
749	1757289
750	1758593
751	-1
752	1759897
753	1761201
754	1762505
755	-1
756	1763809
757	1765113
758	1766417
759	1767721
760	-1
761	1769025
762	1770329
763	1771633
764	-1
765	1772937
766	1774241
767	1775545
768	-1
769	1776849
770	1778153
771	1779457
772	1780761
773	-1
774	1782065
775	1783369
776	1784673
777	-1
778	1785977
779	1787281
780	1788585
781	-1
782	1789889
783	1791193
784	1792497
785	-1
786	1793801
787	1795105
788	1796409
789	1797713
790	-1
791	1799017
792	1800321
793	1801625
794	-1
795	1802929
796	1804233
797	1805537
798	-1
799	1806841
800	1808145
801	1809449
802	1810753
803	-1
804	1812057
805	1813361
806	1814665
807	-1
808	1815969
809	1817273
810	1818577
811	-1
812	1819881
813	1821185
814	1822489
815	-1
816	1823793
817	1825097
818	1826401
819	1827705
820	-1
821	1829009
822	1830313
823	1831617
824	-1
825	1832921
826	1834225
827	1835529
828	-1
829	1836833
830	1838137
831	1839441
832	1840745
833	-1
834	1842049
835	1843353
836	1844657
837	-1
838	1845961
839	1847265
840	1848569
841	-1
842	1849873
843	1851177
844	1852481
845	1853785
846	-1
847	1855089
848	1856393
849	1857697
850	-1
851	1859001
852	1860305
853	1861609
854	-1
855	1862913
856	1864217
857	1865521
858	-1
859	1866825
860	1868129
861	1869433
862	1870737
863	-1
864	1872041
865	1873345
866	1874649
867	-1
868	1875953
869	1877257
870	1878561
871	-1
872	1879865
873	1881169
874	1882473
875	1883777
876	-1
877	1885081
878	1886385
879	1887689
880	-1
881	1888993
882	1890297
883	1891601
884	-1
885	1892905
886	1894209
887	1895513
888	-1
889	1896817
890	1898121
891	1899425
892	1900729
893	-1
894	1902033
895	1903337
896	1904641
897	-1
898	1905945
899	1907249
900	1908553
901	-1
902	1909857
903	1911161
904	1912465
905	1913769
906	-1
907	1915073
908	1916377
909	1917681
910	-1
911	1918985
912	1920289
913	1921593
914	-1
915	1922897
916	1924201
917	1925505
918	-1
919	1926809
920	1928113
921	1929417
922	1930721
923	-1
924	1932025
925	1933329
926	1934633
927	-1
928	1935937
929	1937241
930	1938545
931	-1
932	1939849
933	1941153
934	1942457
935	1943761
936	-1
937	1945065
938	1946369
939	1947673
940	-1
941	1948977
942	1950281
943	1951585
944	-1
945	1952889
946	1954193
947	1955497
948	-1
949	1956801
950	1958105
951	1959409
952	1960713
953	-1
954	1962017
955	1963321
956	1964625
957	-1
958	1965929
959	1967233
960	1968537
961	-1
962	1969841
963	1971145
964	1972449
965	1973753
966	-1
967	1975057
968	1976361
969	1977665
970	-1
971	1978969
972	1980273
973	1981577
974	-1
975	1982881
976	1984185
977	1985489
978	-1
979	1986793
980	1988097
981	1989401
982	1990705
983	-1
984	1992009
985	1993313
986	1994617
987	-1
988	1995921
989	1997225
990	1998529
991	-1
992	1999833
993	2001137
994	2002441
995	2003745
996	-1
997	2005049
998	2006353
999	2007657
1000	-1
1001	2008961
1002	2010265
1003	2011569
1004	-1
1005	2012873
1006	2014177
1007	2015481
1008	2016785
1009	-1
1010	2018089
1011	2019393
1012	2020697
1013	-1
1014	2022001
1015	2023305
1016	2024609
1017	-1
1018	2025913
1019	2027217
1020	2028521
1021	-1
1022	2029825
1023	2031129
1024	2032433
1025	2033737
1026	-1
1027	2035041
1028	2036345
1029	2037649
1030	-1
1031	2038953
1032	2040257
1033	2041561
1034	-1
1035	2042865
1036	2044169
1037	2045473
1038	2046777
1039	-1
1040	2048081
1041	2049385
1042	2050689
1043	-1
1044	2051993
1045	2053297
1046	2054601
1047	-1
1048	2055905
1049	2057209
1050	2058513
1051	-1
1052	2059817
1053	2061121
1054	2062425
1055	2063729
1056	-1
1057	2065033
1058	2066337
1059	2067641
1060	-1
1061	2068945
1062	2070249
1063	2071553
1064	-1
1065	2072857
1066	2074161
1067	2075465
1068	2076769
1069	-1
1070	2078073
1071	2079377
1072	2080681
1073	-1
1074	2081985
1075	2083289
1076	2084593
1077	-1
1078	2085897
1079	2087201
1080	2088505
1081	-1
1082	2089809
1083	2091113
1084	2092417
1085	2093721
1086	-1
1087	2095025
1088	2096329
1089	2097633
1090	-1
1091	2098937
1092	2100241
1093	2101545
1094	-1
1095	2102849
1096	2104153
1097	2105457
1098	2106761
1099	-1
1100	2108065
1101	2109369
1102	2110673
1103	-1
1104	2111977
1105	2113281
1106	2114585
1107	-1
1108	2115889
1109	2117193
1110	2118497
1111	-1
1112	2119801
1113	2121105
1114	2122409
1115	2123713
1116	-1
1117	2125017
1118	2126321
1119	2127625
1120	-1
1121	2128929
1122	2130233
1123	2131537
1124	-1
1125	2132841
1126	2134145
1127	2135449
1128	2136753
1129	-1
1130	2138057
1131	2139361
1132	2140665
1133	-1
1134	2141969
1135	2143273
1136	2144577
1137	-1
1138	2145881
1139	2147185
1140	2148489
1141	-1
1142	2149793
1143	2151097
1144	2152401
1145	2153705
1146	-1
1147	2155009
1148	2156313
1149	2157617
1150	-1
1151	2158921
1152	2160225
1153	2161529
1154	-1
1155	2162833
1156	2164137
1157	2165441
1158	2166745
1159	-1
1160	2168049
1161	2169353
1162	2170657
1163	-1
1164	2171961
1165	2173265
1166	2174569
1167	-1
1168	2175873
1169	2177177
1170	2178481
1171	2179785
1172	-1
1173	2181089
1174	2182393
1175	2183697
1176	-1
1177	2185001
1178	2186305
1179	2187609
1180	-1
1181	2188913
1182	2190217
1183	2191521
1184	-1
1185	2192825
1186	2194129
1187	2195433
1188	2196737
1189	-1
1190	2198041
1191	2199345
1192	2200649
1193	-1
1194	2201953
1195	2203257
1196	2204561
1197	-1
1198	2205865
1199	2207169
1200	2208473
1201	2209777
1202	-1
1203	2211081
1204	2212385
1205	2213689
1206	-1
1207	2214993
1208	2216297
1209	2217601
1210	-1
1211	2218905
1212	2220209
1213	2221513
1214	-1
1215	2222817
1216	2224121
1217	2225425
1218	2226729
1219	-1
1220	2228033
1221	2229337
1222	2230641
1223	-1
1224	2231945
1225	2233249
1226	2234553
1227	-1
1228	2235857
1229	2237161
1230	2238465
1231	2239769
1232	-1
1233	2241073
1234	2242377
1235	2243681
1236	-1
1237	2244985
1238	2246289
1239	2247593
1240	-1
1241	2248897
1242	2250201
1243	2251505
1244	-1
1245	2252809
1246	2254113
1247	2255417
1248	2256721
1249	-1
1250	2258025
1251	2259329
1252	2260633
1253	-1
1254	2261937
1255	2263241
1256	2264545
1257	-1
1258	2265849
1259	2267153
1260	2268457
1261	2269761
1262	-1
1263	2271065
1264	2272369
1265	2273673
1266	-1
1267	2274977
1268	2276281
1269	2277585
1270	-1
1271	2278889
1272	2280193
1273	2281497
1274	-1
1275	2282801
1276	2284105
1277	2285409
1278	2286713
1279	-1
1280	2288017
1281	2289321
1282	2290625
1283	-1
1284	2291929
1285	2293233
1286	2294537
1287	-1
1288	2295841
1289	2297145
1290	2298449
1291	2299753
1292	-1
1293	2301057
1294	2302361
1295	2303665
1296	-1
1297	2304969
1298	2306273
1299	2307577
1300	-1
1301	2308881
1302	2310185
1303	2311489
1304	-1
1305	2312793
1306	2314097
1307	2315401
1308	2316705
1309	-1
1310	2318009
1311	2319313
1312	2320617
1313	-1
1314	2321921
1315	2323225
1316	2324529
1317	-1
1318	2325833
1319	2327137
1320	2328441
1321	2329745
1322	-1
1323	2331049
1324	2332353
1325	2333657
1326	-1
1327	2334961
1328	2336265
1329	2337569
1330	-1
1331	2338873
1332	2340177
1333	2341481
1334	2342785
1335	-1
1336	2344089
1337	2345393
1338	2346697
1339	-1
1340	2348001
1341	2349305
1342	2350609
1343	-1
1344	2351913
1345	2353217
1346	2354521
1347	-1
1348	2355825
1349	2357129
1350	2358433
1351	2359737
1352	-1
1353	2361041
1354	2362345
1355	2363649
1356	-1
1357	2364953
1358	2366257
1359	2367561
1360	-1
1361	2368865
1362	2370169
1363	2371473
1364	2372777
1365	-1
1366	2374081
1367	2375385
1368	2376689
1369	-1
1370	2377993
1371	2379297
1372	2380601
1373	-1
1374	2381905
1375	2383209
1376	2384513
1377	-1
1378	2385817
1379	2387121
1380	2388425
1381	2389729
1382	-1
1383	2391033
1384	2392337
1385	2393641
1386	-1
1387	2394945
1388	2396249
1389	2397553
1390	-1
1391	2398857
1392	2400161
1393	2401465
1394	2402769
1395	-1
1396	2404073
1397	2405377
1398	2406681
1399	-1
1400	2407985
1401	2409289
1402	2410593
1403	-1
1404	2411897
1405	2413201
1406	2414505
1407	-1
1408	2415809
1409	2417113
1410	2418417
1411	2419721
1412	-1
1413	2421025
1414	2422329
1415	2423633
1416	-1
1417	2424937
1418	2426241
1419	2427545
1420	-1
1421	2428849
1422	2430153
1423	2431457
1424	2432761
1425	-1
1426	2434065
1427	2435369
1428	2436673
1429	-1
1430	2437977
1431	2439281
1432	2440585
1433	-1
1434	2441889
1435	2443193
1436	2444497
1437	-1
1438	2445801
1439	2447105
1440	2448409
1441	2449713
1442	-1
1443	2451017
1444	2452321
1445	2453625
1446	-1
1447	2454929
1448	2456233
1449	2457537
1450	-1
1451	2458841
1452	2460145
1453	2461449
1454	2462753
1455	-1
1456	2464057
1457	2465361
1458	2466665
1459	-1
1460	2467969
1461	2469273
1462	2470577
1463	-1
1464	2471881
1465	2473185
1466	2474489
1467	-1
1468	2475793
1469	2477097
1470	2478401
1471	2479705
1472	-1
1473	2481009
1474	2482313
1475	2483617
1476	-1
1477	2484921
1478	2486225
1479	2487529
1480	-1
1481	2488833
1482	2490137
1483	2491441
1484	2492745
1485	-1
1486	2494049
1487	2495353
1488	2496657
1489	-1
1490	2497961
1491	2499265
1492	2500569
1493	-1
1494	2501873
1495	2503177
1496	2504481
1497	2505785
1498	-1
1499	2507089
1500	2508393
1501	2509697
1502	-1
1503	2511001
1504	2512305
1505	2513609
1506	-1
1507	2514913
1508	2516217
1509	2517521
1510	-1
1511	2518825
1512	2520129
1513	2521433
1514	2522737
1515	-1
1516	2524041
1517	2525345
1518	2526649
1519	-1
1520	2527953
1521	2529257
1522	2530561
1523	-1
1524	2531865
1525	2533169
1526	2534473
1527	2535777
1528	-1
1529	2537081
1530	2538385
1531	2539689
1532	-1
1533	2540993
1534	2542297
1535	2543601
1536	-1
1537	2544905
1538	2546209
1539	2547513
1540	-1
1541	2548817
1542	2550121
1543	2551425
1544	2552729
1545	-1
1546	2554033
1547	2555337
1548	2556641
1549	-1
1550	2557945
1551	2559249
1552	2560553
1553	-1
1554	2561857
1555	2563161
1556	2564465
1557	2565769
1558	-1
1559	2567073
1560	2568377
1561	2569681
1562	-1
1563	2570985
1564	2572289
1565	2573593
1566	-1
1567	2574897
1568	2576201
1569	2577505
1570	-1
1571	2578809
1572	2580113
1573	2581417
1574	2582721
1575	-1
1576	2584025
1577	2585329
1578	2586633
1579	-1
1580	2587937
1581	2589241
1582	2590545
1583	-1
1584	2591849
1585	2593153
1586	2594457
1587	2595761
1588	-1
1589	2597065
1590	2598369
1591	2599673
1592	-1
1593	2600977
1594	2602281
1595	2603585
1596	-1
1597	2604889
1598	2606193
1599	2607497
1600	-1
1601	2608801
1602	2610105
1603	2611409
1604	2612713
1605	-1
1606	2614017
1607	2615321
1608	2616625
1609	-1
1610	2617929
1611	2619233
1612	2620537
1613	-1
1614	2621841
1615	2623145
1616	2624449
1617	2625753
1618	-1
1619	2627057
1620	2628361
1621	2629665
1622	-1
1623	2630969
1624	2632273
1625	2633577
1626	-1
1627	2634881
1628	2636185
1629	2637489
1630	-1
1631	2638793
1632	2640097
1633	2641401
1634	2642705
1635	-1
1636	2644009
1637	2645313
1638	2646617
1639	-1
1640	2647921
1641	2649225
1642	2650529
1643	-1
1644	2651833
1645	2653137
1646	2654441
1647	2655745
1648	-1
1649	2657049
1650	2658353
1651	2659657
1652	-1
1653	2660961
1654	2662265
1655	2663569
1656	-1
1657	2664873
1658	2666177
1659	2667481
1660	2668785
1661	-1
1662	2670089
1663	2671393
1664	2672697
1665	-1
1666	2674001
1667	2675305
1668	2676609
1669	-1
1670	2677913
1671	2679217
1672	2680521
1673	-1
1674	2681825
1675	2683129
1676	2684433
1677	2685737
1678	-1
1679	2687041
1680	2688345
1681	2689649
1682	-1
1683	2690953
1684	2692257
1685	2693561
1686	-1
1687	2694865
1688	2696169
1689	2697473
1690	2698777
1691	-1
1692	2700081
1693	2701385
1694	2702689
1695	-1
1696	2703993
1697	2705297
1698	2706601
1699	-1
1700	2707905
1701	2709209
1702	2710513
1703	-1
1704	2711817
1705	2713121
1706	2714425
1707	2715729
1708	-1
1709	2717033
1710	2718337
1711	2719641
1712	-1
1713	2720945
1714	2722249
1715	2723553
1716	-1
1717	2724857
1718	2726161
1719	2727465
1720	2728769
1721	-1
1722	2730073
1723	2731377
1724	2732681
1725	-1
1726	2733985
1727	2735289
1728	2736593
1729	-1
1730	2737897
1731	2739201
1732	2740505
1733	-1
1734	2741809
1735	2743113
1736	2744417
1737	2745721
1738	-1
1739	2747025
1740	2748329
1741	2749633
1742	-1
1743	2750937
1744	2752241
1745	2753545
1746	-1
1747	2754849
1748	2756153
1749	2757457
1750	2758761
1751	-1
1752	2760065
1753	2761369
1754	2762673
1755	-1
1756	2763977
1757	2765281
1758	2766585
1759	-1
1760	2767889
1761	2769193
1762	2770497
1763	-1
1764	2771801
1765	2773105
1766	2774409
1767	2775713
1768	-1
1769	2777017
1770	2778321
1771	2779625
1772	-1
1773	2780929
1774	2782233
1775	2783537
1776	-1
1777	2784841
1778	2786145
1779	2787449
1780	2788753
1781	-1
1782	2790057
1783	2791361
1784	2792665
1785	-1
1786	2793969
1787	2795273
1788	2796577
1789	-1
1790	2797881
1791	2799185
1792	2800489
1793	-1
1794	2801793
1795	2803097
1796	2804401
1797	2805705
1798	-1
1799	2807009
1800	2808313
1801	2809617
1802	-1
1803	2810921
1804	2812225
1805	2813529
1806	-1
1807	2814833
1808	2816137
1809	2817441
1810	2818745
1811	-1
1812	2820049
1813	2821353
1814	2822657
1815	-1
1816	2823961
1817	2825265
1818	2826569
1819	-1
1820	2827873
1821	2829177
1822	2830481
1823	2831785
1824	-1
1825	2833089
1826	2834393
1827	2835697
1828	-1
1829	2837001
1830	2838305
1831	2839609
1832	-1
1833	2840913
1834	2842217
1835	2843521
1836	-1
1837	2844825
1838	2846129
1839	2847433
1840	2848737
1841	-1
1842	2850041
1843	2851345
1844	2852649
1845	-1
1846	2853953
1847	2855257
1848	2856561
1849	-1
1850	2857865
1851	2859169
1852	2860473
1853	2861777
1854	-1
1855	2863081
1856	2864385
1857	2865689
1858	-1
1859	2866993
1860	2868297
1861	2869601
1862	-1
1863	2870905
1864	2872209
1865	2873513
1866	-1
1867	2874817
1868	2876121
1869	2877425
1870	2878729
1871	-1
1872	2880033
1873	2881337
1874	2882641
1875	-1
1876	2883945
1877	2885249
1878	2886553
1879	-1
1880	2887857
1881	2889161
1882	2890465
1883	2891769
1884	-1
1885	2893073
1886	2894377
1887	2895681
1888	-1
1889	2896985
1890	2898289
1891	2899593
1892	-1
1893	2900897
1894	2902201
1895	2903505
1896	-1
1897	2904809
1898	2906113
1899	2907417
1900	2908721
1901	-1
1902	2910025
1903	2911329
1904	2912633
1905	-1
1906	2913937
1907	2915241
1908	2916545
1909	-1
1910	2917849
1911	2919153
1912	2920457
1913	2921761
1914	-1
1915	2923065
1916	2924369
1917	2925673
1918	-1
1919	2926977
1920	2928281
1921	2929585
1922	-1
1923	2930889
1924	2932193
1925	2933497
1926	-1
1927	2934801
1928	2936105
1929	2937409
1930	2938713
1931	-1
1932	2940017
1933	2941321
1934	2942625
1935	-1
1936	2943929
1937	2945233
1938	2946537
1939	-1
1940	2947841
1941	2949145
1942	2950449
1943	2951753
1944	-1
1945	2953057
1946	2954361
1947	2955665
1948	-1
1949	2956969
1950	2958273
1951	2959577
1952	-1
1953	2960881
1954	2962185
1955	2963489
1956	-1
1957	2964793
1958	2966097
1959	2967401
1960	2968705
1961	-1
1962	2970009
1963	2971313
1964	2972617
1965	-1
1966	2973921
1967	2975225
1968	2976529
1969	-1
1970	2977833
1971	2979137
1972	2980441
1973	2981745
1974	-1
1975	2983049
1976	2984353
1977	2985657
1978	-1
1979	2986961
1980	2988265
1981	2989569
1982	-1
1983	2990873
1984	2992177
1985	2993481
1986	2994785
1987	-1
1988	2996089
1989	2997393
1990	2998697
1991	-1
1992	3000001
1993	3001305
1994	3002609
1995	-1
1996	3003913
1997	3005217
1998	3006521
1999	-1
2000	3007825
2001	3009129
2002	3010433
2003	3011737
2004	-1
2005	3013041
2006	3014345
2007	3015649
2008	-1
2009	3016953
2010	3018257
2011	3019561
2012	-1
2013	3020865
2014	3022169
2015	3023473
2016	3024777
2017	-1
2018	3026081
2019	3027385
2020	3028689
2021	-1
2022	3029993
2023	3031297
2024	3032601
2025	-1
2026	3033905
2027	3035209
2028	3036513
2029	-1
2030	3037817
2031	3039121
2032	3040425
2033	3041729
2034	-1
2035	3043033
2036	3044337
2037	3045641
2038	-1
2039	3046945
2040	3048249
2041	3049553
2042	-1
2043	3050857
2044	3052161
2045	3053465
2046	3054769
2047	-1
2048	3056073
2049	3057377
2050	3058681
2051	-1
2052	3059985
2053	3061289
2054	3062593
2055	-1
2056	3063897
2057	3065201
2058	3066505
2059	-1
2060	3067809
2061	3069113
2062	3070417
2063	3071721
2064	-1
2065	3073025
2066	3074329
2067	3075633
2068	-1
2069	3076937
2070	3078241
2071	3079545
2072	-1
2073	3080849
2074	3082153
2075	3083457
2076	3084761
2077	-1
2078	3086065
2079	3087369
2080	3088673
2081	-1
2082	3089977
2083	3091281
2084	3092585
2085	-1
2086	3093889
2087	3095193
2088	3096497
2089	-1
2090	3097801
2091	3099105
2092	3100409
2093	3101713
2094	-1
2095	3103017
2096	3104321
2097	3105625
2098	-1
2099	3106929
2100	3108233
2101	3109537
2102	-1
2103	3110841
2104	3112145
2105	3113449
2106	3114753
2107	-1
2108	3116057
2109	3117361
2110	3118665
2111	-1
2112	3119969
2113	3121273
2114	3122577
2115	-1
2116	3123881
2117	3125185
2118	3126489
2119	-1
2120	3127793
2121	3129097
2122	3130401
2123	3131705
2124	-1
2125	3133009
2126	3134313
2127	3135617
2128	-1
2129	3136921
2130	3138225
2131	3139529
2132	-1
2133	3140833
2134	3142137
2135	3143441
2136	3144745
2137	-1
2138	3146049
2139	3147353
2140	3148657
2141	-1
2142	3149961
2143	3151265
2144	3152569
2145	-1
2146	3153873
2147	3155177
2148	3156481
2149	3157785
2150	-1
2151	3159089
2152	3160393
2153	3161697
2154	-1
2155	3163001
2156	3164305
2157	3165609
2158	-1
2159	3166913
2160	3168217
2161	3169521
2162	-1
2163	3170825
2164	3172129
2165	3173433
2166	3174737
2167	-1
2168	3176041
2169	3177345
2170	3178649
2171	-1
2172	3179953
2173	3181257
2174	3182561
2175	-1
2176	3183865
2177	3185169
2178	3186473
2179	3187777
2180	-1
2181	3189081
2182	3190385
2183	3191689
2184	-1
2185	3192993
2186	3194297
2187	3195601
2188	-1
2189	3196905
2190	3198209
2191	3199513
2192	-1
2193	3200817
2194	3202121
2195	3203425
2196	3204729
2197	-1
2198	3206033
2199	3207337
2200	3208641
2201	-1
2202	3209945
2203	3211249
2204	3212553
2205	-1
2206	3213857
2207	3215161
2208	3216465
2209	3217769
2210	-1
2211	3219073
2212	3220377
2213	3221681
2214	-1
2215	3222985
2216	3224289
2217	3225593
2218	-1
2219	3226897
2220	3228201
2221	3229505
2222	-1
2223	3230809
2224	3232113
2225	3233417
2226	3234721
2227	-1
2228	3236025
2229	3237329
2230	3238633
2231	-1
2232	3239937
2233	3241241
2234	3242545
2235	-1
2236	3243849
2237	3245153
2238	3246457
2239	3247761
2240	-1
2241	3249065
2242	3250369
2243	3251673
2244	-1
2245	3252977
2246	3254281
2247	3255585
2248	-1
2249	3256889
2250	3258193
2251	3259497
2252	-1
2253	3260801
2254	3262105
2255	3263409
2256	3264713
2257	-1
2258	3266017
2259	3267321
2260	3268625
2261	-1
2262	3269929
2263	3271233
2264	3272537
2265	-1
2266	3273841
2267	3275145
2268	3276449
2269	3277753
2270	-1
2271	3279057
2272	3280361
2273	3281665
2274	-1
2275	3282969
2276	3284273
2277	3285577
2278	-1
2279	3286881
2280	3288185
2281	3289489
2282	-1
2283	3290793
2284	3292097
2285	3293401
2286	3294705
2287	-1
2288	3296009
2289	3297313
2290	3298617
2291	-1
2292	3299921
2293	3301225
2294	3302529
2295	-1
2296	3303833
2297	3305137
2298	3306441
2299	3307745
2300	-1
2301	3309049
2302	3310353
2303	3311657
2304	-1
2305	3312961
2306	3314265
2307	3315569
2308	-1
2309	3316873
2310	3318177
2311	3319481
2312	3320785
2313	-1
2314	3322089
2315	3323393
2316	3324697
2317	-1
2318	3326001
2319	3327305
2320	3328609
2321	-1
2322	3329913
2323	3331217
2324	3332521
2325	-1
2326	3333825
2327	3335129
2328	3336433
2329	3337737
2330	-1
2331	3339041
2332	3340345
2333	3341649
2334	-1
2335	3342953
2336	3344257
2337	3345561
2338	-1
2339	3346865
2340	3348169
2341	3349473
2342	3350777
2343	-1
2344	3352081
2345	3353385
2346	3354689
2347	-1
2348	3355993
2349	3357297
2350	3358601
2351	-1
2352	3359905
2353	3361209
2354	3362513
2355	-1
2356	3363817
2357	3365121
2358	3366425
2359	3367729
2360	-1
2361	3369033
2362	3370337
2363	3371641
2364	-1
2365	3372945
2366	3374249
2367	3375553
2368	-1
2369	3376857
2370	3378161
2371	3379465
2372	3380769
2373	-1
2374	3382073
2375	3383377
2376	3384681
2377	-1
2378	3385985
2379	3387289
2380	3388593
2381	-1
2382	3389897
2383	3391201
2384	3392505
2385	-1
2386	3393809
2387	3395113
2388	3396417
2389	3397721
2390	-1
2391	3399025
2392	3400329
2393	3401633
2394	-1
2395	3402937
2396	3404241
2397	3405545
2398	-1
2399	3406849
2400	3408153
2401	3409457
2402	3410761
2403	-1
2404	3412065
2405	3413369
2406	3414673
2407	-1
2408	3415977
2409	3417281
2410	3418585
2411	-1
2412	3419889
2413	3421193
2414	3422497
2415	-1
2416	3423801
2417	3425105
2418	3426409
2419	3427713
2420	-1
2421	3429017
2422	3430321
2423	3431625
2424	-1
2425	3432929
2426	3434233
2427	3435537
2428	-1
2429	3436841
2430	3438145
2431	3439449
2432	3440753
2433	-1
2434	3442057
2435	3443361
2436	3444665
2437	-1
2438	3445969
2439	3447273
2440	3448577
2441	-1
2442	3449881
2443	3451185
2444	3452489
2445	-1
2446	3453793
2447	3455097
2448	3456401
2449	3457705
2450	-1
2451	3459009
2452	3460313
2453	3461617
2454	-1
2455	3462921
2456	3464225
2457	3465529
2458	-1
2459	3466833
2460	3468137
2461	3469441
2462	3470745
2463	-1
2464	3472049
2465	3473353
2466	3474657
2467	-1
2468	3475961
2469	3477265
2470	3478569
2471	-1
2472	3479873
2473	3481177
2474	3482481
2475	3483785
2476	-1
2477	3485089
2478	3486393
2479	3487697
2480	-1
2481	3489001
2482	3490305
2483	3491609
2484	-1
2485	3492913
2486	3494217
2487	3495521
2488	-1
2489	3496825
2490	3498129
2491	3499433
2492	3500737
2493	-1
2494	3502041
2495	3503345
2496	3504649
2497	-1
2498	3505953
2499	3507257
2500	3508561
2501	-1
2502	3509865
2503	3511169
2504	3512473
2505	3513777
2506	-1
2507	3515081
2508	3516385
2509	3517689
2510	-1
2511	3518993
2512	3520297
2513	3521601
2514	-1
2515	3522905
2516	3524209
2517	3525513
2518	-1
2519	3526817
2520	3528121
2521	3529425
2522	3530729
2523	-1
2524	3532033
2525	3533337
2526	3534641
2527	-1
2528	3535945
2529	3537249
2530	3538553
2531	-1
2532	3539857
2533	3541161
2534	3542465
2535	3543769
2536	-1
2537	3545073
2538	3546377
2539	3547681
2540	-1
2541	3548985
2542	3550289
2543	3551593
2544	-1
2545	3552897
2546	3554201
2547	3555505
2548	-1
2549	3556809
2550	3558113
2551	3559417
2552	3560721
2553	-1
2554	3562025
2555	3563329
2556	3564633
2557	-1
2558	3565937
2559	3567241
2560	3568545
2561	-1
2562	3569849
2563	3571153
2564	3572457
2565	3573761
2566	-1
2567	3575065
2568	3576369
2569	3577673
2570	-1
2571	3578977
2572	3580281
2573	3581585
2574	-1
2575	3582889
2576	3584193
2577	3585497
2578	-1
2579	3586801
2580	3588105
2581	3589409
2582	3590713
2583	-1
2584	3592017
2585	3593321
2586	3594625
2587	-1
2588	3595929
2589	3597233
2590	3598537
2591	-1
2592	3599841
2593	3601145
2594	3602449
2595	3603753
2596	-1
2597	3605057
2598	3606361
2599	3607665
2600	-1
2601	3608969
2602	3610273
2603	3611577
2604	-1
2605	3612881
2606	3614185
2607	3615489
2608	-1
2609	3616793
2610	3618097
2611	3619401
2612	3620705
2613	-1
2614	3622009
2615	3623313
2616	3624617
2617	-1
2618	3625921
2619	3627225
2620	3628529
2621	-1
2622	3629833
2623	3631137
2624	3632441
2625	3633745
2626	-1
2627	3635049
2628	3636353
2629	3637657
2630	-1
2631	3638961
2632	3640265
2633	3641569
2634	-1
2635	3642873
2636	3644177
2637	3645481
2638	3646785
2639	-1
2640	3648089
2641	3649393
2642	3650697
2643	-1
2644	3652001
2645	3653305
2646	3654609
2647	-1
2648	3655913
2649	3657217
2650	3658521
2651	-1
2652	3659825
2653	3661129
2654	3662433
2655	3663737
2656	-1
2657	3665041
2658	3666345
2659	3667649
2660	-1
2661	3668953
2662	3670257
2663	3671561
2664	-1
2665	3672865
2666	3674169
2667	3675473
2668	3676777
2669	-1
2670	3678081
2671	3679385
2672	3680689
2673	-1
2674	3681993
2675	3683297
2676	3684601
2677	-1
2678	3685905
2679	3687209
2680	3688513
2681	-1
2682	3689817
2683	3691121
2684	3692425
2685	3693729
2686	-1
2687	3695033
2688	3696337
2689	3697641
2690	-1
2691	3698945
2692	3700249
2693	3701553
2694	-1
2695	3702857
2696	3704161
2697	3705465
2698	3706769
2699	-1
2700	3708073
2701	3709377
2702	3710681
2703	-1
2704	3711985
2705	3713289
2706	3714593
2707	-1
2708	3715897
2709	3717201
2710	3718505
2711	-1
2712	3719809
2713	3721113
2714	3722417
2715	3723721
2716	-1
2717	3725025
2718	3726329
2719	3727633
2720	-1
2721	3728937
2722	3730241
2723	3731545
2724	-1
2725	3732849
2726	3734153
2727	3735457
2728	3736761
2729	-1
2730	3738065
2731	3739369
2732	3740673
2733	-1
2734	3741977
2735	3743281
2736	3744585
2737	-1
2738	3745889
2739	3747193
2740	3748497
2741	-1
2742	3749801
2743	3751105
2744	3752409
2745	3753713
2746	-1
2747	3755017
2748	3756321
2749	3757625
2750	-1
2751	3758929
2752	3760233
2753	3761537
2754	-1
2755	3762841
2756	3764145
2757	3765449
2758	3766753
2759	-1
2760	3768057
2761	3769361
2762	3770665
2763	-1
2764	3771969
2765	3773273
2766	3774577
2767	-1
2768	3775881
2769	3777185
2770	3778489
2771	-1
2772	3779793
2773	3781097
2774	3782401
2775	3783705
2776	-1
2777	3785009
2778	3786313
2779	3787617
2780	-1
2781	3788921
2782	3790225
2783	3791529
2784	-1
2785	3792833
2786	3794137
2787	3795441
2788	3796745
2789	-1
2790	3798049
2791	3799353
2792	3800657
2793	-1
2794	3801961
2795	3803265
2796	3804569
2797	-1
2798	3805873
2799	3807177
2800	-1
2801	3808537
2802	3809841
2803	3811145
2804	3812449
2805	3813753
2806	-1
2807	3815057
2808	3816361
2809	3817665
2810	-1
2811	3818969
2812	3820273
2813	3821577
2814	-1
2815	3822881
2816	3824185
2817	3825489
2818	-1
2819	3826793
2820	3828097
2821	3829401
2822	3830705
2823	-1
2824	3832009
2825	3833313
2826	3834617
2827	-1
2828	3835921
2829	3837225
2830	3838529
2831	-1
2832	3839833
2833	3841137
2834	3842441
2835	3843745
2836	-1
2837	3845049
2838	3846353
2839	3847657
2840	-1
2841	3848961
2842	3850265
2843	3851569
2844	-1
2845	3852873
2846	3854177
2847	3855481
2848	3856785
2849	-1
2850	3858089
2851	3859393
2852	3860697
2853	-1
2854	3862001
2855	3863305
2856	3864609
2857	-1
2858	3865913
2859	3867217
2860	3868521
2861	-1
2862	3869825
2863	3871129
2864	3872433
2865	3873737
2866	-1
2867	3875041
2868	3876345
2869	3877649
2870	-1
2871	3878953
2872	3880257
2873	3881561
2874	-1
2875	3882865
2876	3884169
2877	3885473
2878	3886777
2879	-1
2880	3888081
2881	3889385
2882	3890689
2883	-1
2884	3891993
2885	3893297
2886	3894601
2887	-1
2888	3895905
2889	3897209
2890	3898513
2891	-1
2892	3899817
2893	3901121
2894	3902425
2895	3903729
2896	-1
2897	3905033
2898	3906337
2899	3907641
2900	-1
2901	3908945
2902	3910249
2903	3911553
2904	-1
2905	3912857
2906	3914161
2907	3915465
2908	3916769
2909	-1
2910	3918073
2911	3919377
2912	3920681
2913	-1
2914	3921985
2915	3923289
2916	3924593
2917	-1
2918	3925897
2919	3927201
2920	3928505
2921	-1
2922	3929809
2923	3931113
2924	3932417
2925	3933721
2926	-1
2927	3935025
2928	3936329
2929	3937633
2930	-1
2931	3938937
2932	3940241
2933	3941545
2934	-1
2935	3942849
2936	3944153
2937	3945457
2938	3946761
2939	-1
2940	3948065
2941	3949369
2942	3950673
2943	-1
2944	3951977
2945	3953281
2946	3954585
2947	-1
2948	3955889
2949	3957193
2950	3958497
2951	-1
2952	3959801
2953	3961105
2954	3962409
2955	3963713
2956	-1
2957	3965017
2958	3966321
2959	3967625
2960	-1
2961	3968929
2962	3970233
2963	3971537
2964	-1
2965	3972841
2966	3974145
2967	3975449
2968	3976753
2969	-1
2970	3978057
2971	3979361
2972	3980665
2973	-1
2974	3981969
2975	3983273
2976	3984577
2977	-1
2978	3985881
2979	3987185
2980	3988489
2981	-1
2982	3989793
2983	3991097
2984	3992401
2985	3993705
2986	-1
2987	3995009
2988	3996313
2989	3997617
2990	-1
2991	3998921
2992	4000225
2993	4001529
2994	-1
2995	4002833
2996	4004137
2997	4005441
2998	4006745
2999	-1
3000	4008049
3001	4009353
3002	4010657
3003	-1
3004	4011961
3005	4013265
3006	4014569
3007	-1
3008	4015873
3009	4017177
3010	4018481
3011	4019785
3012	-1
3013	4021089
3014	4022393
3015	4023697
3016	-1
3017	4025001
3018	4026305
3019	4027609
3020	-1
3021	4028913
3022	4030217
3023	4031521
3024	-1
3025	4032825
3026	4034129
3027	4035433
3028	4036737
3029	-1
3030	4038041
3031	4039345
3032	4040649
3033	-1
3034	4041953
3035	4043257
3036	4044561
3037	-1
3038	4045865
3039	4047169
3040	4048473
3041	4049777
3042	-1
3043	4051081
3044	4052385
3045	4053689
3046	-1
3047	4054993
3048	4056297
3049	4057601
3050	-1
3051	4058905
3052	4060209
3053	4061513
3054	-1
3055	4062817
3056	4064121
3057	4065425
3058	4066729
3059	-1
3060	4068033
3061	4069337
3062	4070641
3063	-1
3064	4071945
3065	4073249
3066	4074553
3067	-1
3068	4075857
3069	4077161
3070	4078465
3071	4079769
3072	-1
3073	4081073
3074	4082377
3075	4083681
3076	-1
3077	4084985
3078	4086289
3079	4087593
3080	-1
3081	4088897
3082	4090201
3083	4091505
3084	-1
3085	4092809
3086	4094113
3087	4095417
3088	4096721
3089	-1
3090	4098025
3091	4099329
3092	4100633
3093	-1
3094	4101937
3095	4103241
3096	4104545
3097	-1
3098	4105849
3099	4107153
3100	4108457
3101	4109761
3102	-1
3103	4111065
3104	4112369
3105	4113673
3106	-1
3107	4114977
3108	4116281
3109	4117585
3110	-1
3111	4118889
3112	4120193
3113	4121497
3114	-1
3115	4122801
3116	4124105
3117	4125409
3118	4126713
3119	-1
3120	4128017
3121	4129321
3122	4130625
3123	-1
3124	4131929
3125	4133233
3126	4134537
3127	-1
3128	4135841
3129	4137145
3130	4138449
3131	4139753
3132	-1
3133	4141057
3134	4142361
3135	4143665
3136	-1
3137	4144969
3138	4146273
3139	4147577
3140	-1
3141	4148881
3142	4150185
3143	4151489
3144	-1
3145	4152793
3146	4154097
3147	4155401
3148	4156705
3149	-1
3150	4158009
3151	4159313
3152	4160617
3153	-1
3154	4161921
3155	4163225
3156	4164529
3157	-1
3158	4165833
3159	4167137
3160	4168441
3161	4169745
3162	-1
3163	4171049
3164	4172353
3165	4173657
3166	-1
3167	4174961
3168	4176265
3169	4177569
3170	-1
3171	4178873
3172	4180177
3173	4181481
3174	4182785
3175	-1
3176	4184089
3177	4185393
3178	4186697
3179	-1
3180	4188001
3181	4189305
3182	4190609
3183	-1
3184	4191913
3185	4193217
3186	4194521
3187	-1
3188	4195825
3189	4197129
3190	4198433
3191	4199737
3192	-1
3193	4201041
3194	4202345
3195	4203649
3196	-1
3197	4204953
3198	4206257
3199	4207561
3200	-1
3201	4208865
3202	4210169
3203	4211473
3204	4212777
3205	-1
3206	4214081
3207	4215385
3208	4216689
3209	-1
3210	4217993
3211	4219297
3212	4220601
3213	-1
3214	4221905
3215	4223209
3216	4224513
3217	-1
3218	4225817
3219	4227121
3220	4228425
3221	4229729
3222	-1
3223	4231033
3224	4232337
3225	4233641
3226	-1
3227	4234945
3228	4236249
3229	4237553
3230	-1
3231	4238857
3232	4240161
3233	4241465
3234	4242769
3235	-1
3236	4244073
3237	4245377
3238	4246681
3239	-1
3240	4247985
3241	4249289
3242	4250593
3243	-1
3244	4251897
3245	4253201
3246	4254505
3247	-1
3248	4255809
3249	4257113
3250	4258417
3251	4259721
3252	-1
3253	4261025
3254	4262329
3255	4263633
3256	-1
3257	4264937
3258	4266241
3259	4267545
3260	-1
3261	4268849
3262	4270153
3263	4271457
3264	4272761
3265	-1
3266	4274065
3267	4275369
3268	4276673
3269	-1
3270	4277977
3271	4279281
3272	4280585
3273	-1
3274	4281889
3275	4283193
3276	4284497
3277	-1
3278	4285801
3279	4287105
3280	4288409
3281	4289713
3282	-1
3283	4291017
3284	4292321
3285	4293625
3286	-1
3287	4294929
3288	4296233
3289	4297537
3290	-1
3291	4298841
3292	4300145
3293	4301449
3294	4302753
3295	-1
3296	4304057
3297	4305361
3298	4306665
3299	-1
3300	4307969
3301	4309273
3302	4310577
3303	-1
3304	4311881
3305	4313185
3306	4314489
3307	-1
3308	4315793
3309	4317097
3310	4318401
3311	4319705
3312	-1
3313	4321009
3314	4322313
3315	4323617
3316	-1
3317	4324921
3318	4326225
3319	4327529
3320	-1
3321	4328833
3322	4330137
3323	4331441
3324	4332745
3325	-1
3326	4334049
3327	4335353
3328	4336657
3329	-1
3330	4337961
3331	4339265
3332	4340569
3333	-1
3334	4341873
3335	4343177
3336	4344481
3337	4345785
3338	-1
3339	4347089
3340	4348393
3341	4349697
3342	-1
3343	4351001
3344	4352305
3345	4353609
3346	-1
3347	4354913
3348	4356217
3349	4357521
3350	-1
3351	4358825
3352	4360129
3353	4361433
3354	4362737
3355	-1
3356	4364041
3357	4365345
3358	4366649
3359	-1
3360	4367953
3361	4369257
3362	4370561
3363	-1
3364	4371865
3365	4373169
3366	4374473
3367	4375777
3368	-1
3369	4377081
3370	4378385
3371	4379689
3372	-1
3373	4380993
3374	4382297
3375	4383601
3376	-1
3377	4384905
3378	4386209
3379	4387513
3380	-1
3381	4388817
3382	4390121
3383	4391425
3384	4392729
3385	-1
3386	4394033
3387	4395337
3388	4396641
3389	-1
3390	4397945
3391	4399249
3392	4400553
3393	-1
3394	4401857
3395	4403161
3396	4404465
3397	4405769
3398	-1
3399	4407073
3400	4408377
3401	4409681
3402	-1
3403	4410985
3404	4412289
3405	4413593
3406	-1
3407	4414897
3408	4416201
3409	4417505
3410	-1
3411	4418809
3412	4420113
3413	4421417
3414	4422721
3415	-1
3416	4424025
3417	4425329
3418	4426633
3419	-1
3420	4427937
3421	4429241
3422	4430545
3423	-1
3424	4431849
3425	4433153
3426	4434457
3427	4435761
3428	-1
3429	4437065
3430	4438369
3431	4439673
3432	-1
3433	4440977
3434	4442281
3435	4443585
3436	-1
3437	4444889
3438	4446193
3439	4447497
3440	-1
3441	4448801
3442	4450105
3443	4451409
3444	4452713
3445	-1
3446	4454017
3447	4455321
3448	4456625
3449	-1
3450	4457929
3451	4459233
3452	4460537
3453	-1
3454	4461841
3455	4463145
3456	4464449
3457	4465753
3458	-1
3459	4467057
3460	4468361
3461	4469665
3462	-1
3463	4470969
3464	4472273
3465	4473577
3466	-1
3467	4474881
3468	4476185
3469	4477489
3470	-1
3471	4478793
3472	4480097
3473	4481401
3474	4482705
3475	-1
3476	4484009
3477	4485313
3478	4486617
3479	-1
3480	4487921
3481	4489225
3482	4490529
3483	-1
3484	4491833
3485	4493137
3486	4494441
3487	4495745
3488	-1
3489	4497049
3490	4498353
3491	4499657
3492	-1
3493	4500961
3494	4502265
3495	4503569
3496	-1
3497	4504873
3498	4506177
3499	4507481
3500	4508785
3501	-1
3502	4510089
3503	4511393
3504	4512697
3505	-1
3506	4514001
3507	4515305
3508	4516609
3509	-1
3510	4517913
3511	4519217
3512	4520521
3513	-1
3514	4521825
3515	4523129
3516	4524433
3517	4525737
3518	-1
3519	4527041
3520	4528345
3521	4529649
3522	-1
3523	4530953
3524	4532257
3525	4533561
3526	-1
3527	4534865
3528	4536169
3529	4537473
3530	4538777
3531	-1
3532	4540081
3533	4541385
3534	4542689
3535	-1
3536	4543993
3537	4545297
3538	4546601
3539	-1
3540	4547905
3541	4549209
3542	4550513
3543	-1
3544	4551817
3545	4553121
3546	4554425
3547	4555729
3548	-1
3549	4557033
3550	4558337
3551	4559641
3552	-1
3553	4560945
3554	4562249
3555	4563553
3556	-1
3557	4564857
3558	4566161
3559	4567465
3560	4568769
3561	-1
3562	4570073
3563	4571377
3564	4572681
3565	-1
3566	4573985
3567	4575289
3568	4576593
3569	-1
3570	4577897
3571	4579201
3572	4580505
3573	-1
3574	4581809
3575	4583113
3576	4584417
3577	4585721
3578	-1
3579	4587025
3580	4588329
3581	4589633
3582	-1
3583	4590937
3584	4592241
3585	4593545
3586	-1
3587	4594849
3588	4596153
3589	4597457
3590	4598761
3591	-1
3592	4600065
3593	4601369
3594	4602673
3595	-1
3596	4603977
3597	4605281
3598	4606585
3599	-1
3600	4607889
3601	4609193
3602	4610497
3603	-1
3604	4611801
3605	4613105
3606	4614409
3607	4615713
3608	-1
3609	4617017
3610	4618321
3611	4619625
3612	-1
3613	4620929
3614	4622233
3615	4623537
3616	-1
3617	4624841
3618	4626145
3619	4627449
3620	4628753
3621	-1
3622	4630057
3623	4631361
3624	4632665
3625	-1
3626	4633969
3627	4635273
3628	4636577
3629	-1
3630	4637881
3631	4639185
3632	4640489
3633	-1
3634	4641793
3635	4643097
3636	4644401
3637	4645705
3638	-1
3639	4647009
3640	4648313
3641	4649617
3642	-1
3643	4650921
3644	4652225
3645	4653529
3646	-1
3647	4654833
3648	4656137
3649	4657441
3650	4658745
3651	-1
3652	4660049
3653	4661353
3654	4662657
3655	-1
3656	4663961
3657	4665265
3658	4666569
3659	-1
3660	4667873
3661	4669177
3662	4670481
3663	4671785
3664	-1
3665	4673089
3666	4674393
3667	4675697
3668	-1
3669	4677001
3670	4678305
3671	4679609
3672	-1
3673	4680913
3674	4682217
3675	4683521
3676	-1
3677	4684825
3678	4686129
3679	4687433
3680	4688737
3681	-1
3682	4690041
3683	4691345
3684	4692649
3685	-1
3686	4693953
3687	4695257
3688	4696561
3689	-1
3690	4697865
3691	4699169
3692	4700473
3693	4701777
3694	-1
3695	4703081
3696	4704385
3697	4705689
3698	-1
3699	4706993
3700	4708297
3701	4709601
3702	-1
3703	4710905
3704	4712209
3705	4713513
3706	-1
3707	4714817
3708	4716121
3709	4717425
3710	4718729
3711	-1
3712	4720033
3713	4721337
3714	4722641
3715	-1
3716	4723945
3717	4725249
3718	4726553
3719	-1
3720	4727857
3721	4729161
3722	4730465
3723	4731769
3724	-1
3725	4733073
3726	4734377
3727	4735681
3728	-1
3729	4736985
3730	4738289
3731	4739593
3732	-1
3733	4740897
3734	4742201
3735	4743505
3736	-1
3737	4744809
3738	4746113
3739	4747417
3740	4748721
3741	-1
3742	4750025
3743	4751329
3744	4752633
3745	-1
3746	4753937
3747	4755241
3748	4756545
3749	-1
3750	4757849
3751	4759153
3752	4760457
3753	4761761
3754	-1
3755	4763065
3756	4764369
3757	4765673
3758	-1
3759	4766977
3760	4768281
3761	4769585
3762	-1
3763	4770889
3764	4772193
3765	4773497
3766	-1
3767	4774801
3768	4776105
3769	4777409
3770	4778713
3771	-1
3772	4780017
3773	4781321
3774	4782625
3775	-1
3776	4783929
3777	4785233
3778	4786537
3779	-1
3780	4787841
3781	4789145
3782	4790449
3783	4791753
3784	-1
3785	4793057
3786	4794361
3787	4795665
3788	-1
3789	4796969
3790	4798273
3791	4799577
3792	-1
3793	4800881
3794	4802185
3795	4803489
3796	-1
3797	4804793
3798	4806097
3799	4807401
3800	4808705
3801	-1
3802	4810009
3803	4811313
3804	4812617
3805	-1
3806	4813921
3807	4815225
3808	4816529
3809	-1
3810	4817833
3811	4819137
3812	4820441
3813	4821745
3814	-1
3815	4823049
3816	4824353
3817	4825657
3818	-1
3819	4826961
3820	4828265
3821	4829569
3822	-1
3823	4830873
3824	4832177
3825	4833481
3826	4834785
3827	-1
3828	4836089
3829	4837393
3830	4838697
3831	-1
3832	4840001
3833	4841305
3834	4842609
3835	-1
3836	4843913
3837	4845217
3838	4846521
3839	-1
3840	4847825
3841	4849129
3842	4850433
3843	4851737
3844	-1
3845	4853041
3846	4854345
3847	4855649
3848	-1
3849	4856953
3850	4858257
3851	4859561
3852	-1
3853	4860865
3854	4862169
3855	4863473
3856	4864777
3857	-1
3858	4866081
3859	4867385
3860	4868689
3861	-1
3862	4869993
3863	4871297
3864	4872601
3865	-1
3866	4873905
3867	4875209
3868	4876513
3869	-1
3870	4877817
3871	4879121
3872	4880425
3873	4881729
3874	-1
3875	4883033
3876	4884337
3877	4885641
3878	-1
3879	4886945
3880	4888249
3881	4889553
3882	-1
3883	4890857
3884	4892161
3885	4893465
3886	4894769
3887	-1
3888	4896073
3889	4897377
3890	4898681
3891	-1
3892	4899985
3893	4901289
3894	4902593
3895	-1
3896	4903897
3897	4905201
3898	4906505
3899	-1
3900	4907809
3901	4909113
3902	4910417
3903	4911721
3904	-1
3905	4913025
3906	4914329
3907	4915633
3908	-1
3909	4916937
3910	4918241
3911	4919545
3912	-1
3913	4920849
3914	4922153
3915	4923457
3916	4924761
3917	-1
3918	4926065
3919	4927369
3920	4928673
3921	-1
3922	4929977
3923	4931281
3924	4932585
3925	-1
3926	4933889
3927	4935193
3928	4936497
3929	-1
3930	4937801
3931	4939105
3932	4940409
3933	4941713
3934	-1
3935	4943017
3936	4944321
3937	4945625
3938	-1
3939	4946929
3940	4948233
3941	4949537
3942	-1
3943	4950841
3944	4952145
3945	4953449
3946	4954753
3947	-1
3948	4956057
3949	4957361
3950	4958665
3951	-1
3952	4959969
3953	4961273
3954	4962577
3955	-1
3956	4963881
3957	4965185
3958	4966489
3959	-1
3960	4967793
3961	4969097
3962	4970401
3963	4971705
3964	-1
3965	4973009
3966	4974313
3967	4975617
3968	-1
3969	4976921
3970	4978225
3971	4979529
3972	-1
3973	4980833
3974	4982137
3975	4983441
3976	4984745
3977	-1
3978	4986049
3979	4987353
3980	4988657
3981	-1
3982	4989961
3983	4991265
3984	4992569
3985	-1
3986	4993873
3987	4995177
3988	4996481
3989	4997785
3990	-1
3991	4999089
3992	5000393
3993	5001697
3994	-1
3995	5003001
3996	5004305
3997	5005609
3998	-1
3999	5006913
4000	5008217
4001	5009521
4002	-1
4003	5010825
4004	5012129
4005	5013433
4006	5014737
4007	-1
4008	5016041
4009	5017345
4010	5018649
4011	-1
4012	5019953
4013	5021257
4014	5022561
4015	-1
4016	5023865
4017	5025169
4018	5026473
4019	5027777
4020	-1
4021	5029081
4022	5030385
4023	5031689
4024	-1
4025	5032993
4026	5034297
4027	5035601
4028	-1
4029	5036905
4030	5038209
4031	5039513
4032	-1
4033	5040817
4034	5042121
4035	5043425
4036	5044729
4037	-1
4038	5046033
4039	5047337
4040	5048641
4041	-1
4042	5049945
4043	5051249
4044	5052553
4045	-1
4046	5053857
4047	5055161
4048	5056465
4049	5057769
4050	-1
4051	5059073
4052	5060377
4053	5061681
4054	-1
4055	5062985
4056	5064289
4057	5065593
4058	-1
4059	5066897
4060	5068201
4061	5069505
4062	-1
4063	5070809
4064	5072113
4065	5073417
4066	5074721
4067	-1
4068	5076025
4069	5077329
4070	5078633
4071	-1
4072	5079937
4073	5081241
4074	5082545
4075	-1
4076	5083849
4077	5085153
4078	5086457
4079	5087761
4080	-1
4081	5089065
4082	5090369
4083	5091673
4084	-1
4085	5092977
4086	5094281
4087	5095585
4088	-1
4089	5096889
4090	5098193
4091	5099497
4092	-1
4093	5100801
4094	5102105
4095	5103409
4096	5104713
4097	-1
4098	5106017
4099	5107321
4100	5108625
4101	-1
4102	5109929
4103	5111233
4104	5112537
4105	-1
4106	5113841
4107	5115145
4108	5116449
4109	5117753
4110	-1
4111	5119057
4112	5120361
4113	5121665
4114	-1
4115	5122969
4116	5124273
4117	5125577
4118	-1
4119	5126881
4120	5128185
4121	5129489
4122	-1
4123	5130793
4124	5132097
4125	5133401
4126	5134705
4127	-1
4128	5136009
4129	5137313
4130	5138617
4131	-1
4132	5139921
4133	5141225
4134	5142529
4135	-1
4136	5143833
4137	5145137
4138	5146441
4139	5147745
4140	-1
4141	5149049
4142	5150353
4143	5151657
4144	-1
4145	5152961
4146	5154265
4147	5155569
4148	-1
4149	5156873
4150	5158177
4151	5159481
4152	5160785
4153	-1
4154	5162089
4155	5163393
4156	5164697
4157	-1
4158	5166001
4159	5167305
4160	5168609
4161	-1
4162	5169913
4163	5171217
4164	5172521
4165	-1
4166	5173825
4167	5175129
4168	5176433
4169	5177737
4170	-1
4171	5179041
4172	5180345
4173	5181649
4174	-1
4175	5182953
4176	5184257
4177	5185561
4178	-1
4179	5186865
4180	5188169
4181	5189473
4182	5190777
4183	-1
4184	5192081
4185	5193385
4186	5194689
4187	-1
4188	5195993
4189	5197297
4190	5198601
4191	-1
4192	5199905
4193	5201209
4194	5202513
4195	-1
4196	5203817
4197	5205121
4198	5206425
4199	5207729
4200	-1
4201	5209033
4202	5210337
4203	5211641
4204	-1
4205	5212945
4206	5214249
4207	5215553
4208	-1
4209	5216857
4210	5218161
4211	5219465
4212	5220769
4213	-1
4214	5222073
4215	5223377
4216	5224681
4217	-1
4218	5225985
4219	5227289
4220	5228593
4221	-1
4222	5229897
4223	5231201
4224	5232505
4225	-1
4226	5233809
4227	5235113
4228	5236417
4229	5237721
4230	-1
4231	5239025
4232	5240329
4233	5241633
4234	-1
4235	5242937
4236	5244241
4237	5245545
4238	-1
4239	5246849
4240	5248153
4241	5249457
4242	5250761
4243	-1
4244	5252065
4245	5253369
4246	5254673
4247	-1
4248	5255977
4249	5257281
4250	5258585
4251	-1
4252	5259889
4253	5261193
4254	5262497
4255	-1
4256	5263801
4257	5265105
4258	5266409
4259	5267713
4260	-1
4261	5269017
4262	5270321
4263	5271625
4264	-1
4265	5272929
4266	5274233
4267	5275537
4268	-1
4269	5276841
4270	5278145
4271	5279449
4272	5280753
4273	-1
4274	5282057
4275	5283361
4276	5284665
4277	-1
4278	5285969
4279	5287273
4280	5288577
4281	-1
4282	5289881
4283	5291185
4284	5292489
4285	-1
4286	5293793
4287	5295097
4288	5296401
4289	5297705
4290	-1
4291	5299009
4292	5300313
4293	5301617
4294	-1
4295	5302921
4296	5304225
4297	5305529
4298	-1
4299	5306833
4300	5308137
4301	5309441
4302	5310745
4303	-1
4304	5312049
4305	5313353
4306	5314657
4307	-1
4308	5315961
4309	5317265
4310	5318569
4311	-1
4312	5319873
4313	5321177
4314	5322481
4315	5323785
4316	-1
4317	5325089
4318	5326393
4319	5327697
4320	-1
4321	5329001
4322	5330305
4323	5331609
4324	-1
4325	5332913
4326	5334217
4327	5335521
4328	-1
4329	5336825
4330	5338129
4331	5339433
4332	5340737
4333	-1
4334	5342041
4335	5343345
4336	5344649
4337	-1
4338	5345953
4339	5347257
4340	5348561
4341	-1
4342	5349865
4343	5351169
4344	5352473
4345	5353777
4346	-1
4347	5355081
4348	5356385
4349	5357689
4350	-1
4351	5358993
4352	5360297
4353	5361601
4354	-1
4355	5362905
4356	5364209
4357	5365513
4358	-1
4359	5366817
4360	5368121
4361	5369425
4362	5370729
4363	-1
4364	5372033
4365	5373337
4366	5374641
4367	-1
4368	5375945
4369	5377249
4370	5378553
4371	-1
4372	5379857
4373	5381161
4374	5382465
4375	5383769
4376	-1
4377	5385073
4378	5386377
4379	5387681
4380	-1
4381	5388985
4382	5390289
4383	5391593
4384	-1
4385	5392897
4386	5394201
4387	5395505
4388	-1
4389	5396809
4390	5398113
4391	5399417
4392	5400721
4393	-1
4394	5402025
4395	5403329
4396	5404633
4397	-1
4398	5405937
4399	5407241
4400	5408545
4401	-1
4402	5409849
4403	5411153
4404	5412457
4405	5413761
4406	-1
4407	5415065
4408	5416369
4409	5417673
4410	-1
4411	5418977
4412	5420281
4413	5421585
4414	-1
4415	5422889
4416	5424193
4417	5425497
4418	-1
4419	5426801
4420	5428105
4421	5429409
4422	5430713
4423	-1
4424	5432017
4425	5433321
4426	5434625
4427	-1
4428	5435929
4429	5437233
4430	5438537
4431	-1
4432	5439841
4433	5441145
4434	5442449
4435	5443753
4436	-1
4437	5445057
4438	5446361
4439	5447665
4440	-1
4441	5448969
4442	5450273
4443	5451577
4444	-1
4445	5452881
4446	5454185
4447	5455489
4448	-1
4449	5456793
4450	5458097
4451	5459401
4452	5460705
4453	-1
4454	5462009
4455	5463313
4456	5464617
4457	-1
4458	5465921
4459	5467225
4460	5468529
4461	-1
4462	5469833
4463	5471137
4464	5472441
4465	5473745
4466	-1
4467	5475049
4468	5476353
4469	5477657
4470	-1
4471	5478961
4472	5480265
4473	5481569
4474	-1
4475	5482873
4476	5484177
4477	5485481
4478	5486785
4479	-1
4480	5488089
4481	5489393
4482	5490697
4483	-1
4484	5492001
4485	5493305
4486	5494609
4487	-1
4488	5495913
4489	5497217
4490	5498521
4491	-1
4492	5499825
4493	5501129
4494	5502433
4495	5503737
4496	-1
4497	5505041
4498	5506345
4499	5507649
4500	-1
4501	5508953
4502	5510257
4503	5511561
4504	-1
4505	5512865
4506	5514169
4507	5515473
4508	5516777
4509	-1
4510	5518081
4511	5519385
4512	5520689
4513	-1
4514	5521993
4515	5523297
4516	5524601
4517	-1
4518	5525905
4519	5527209
4520	5528513
4521	-1
4522	5529817
4523	5531121
4524	5532425
4525	5533729
4526	-1
4527	5535033
4528	5536337
4529	5537641
4530	-1
4531	5538945
4532	5540249
4533	5541553
4534	-1
4535	5542857
4536	5544161
4537	5545465
4538	5546769
4539	-1
4540	5548073
4541	5549377
4542	5550681
4543	-1
4544	5551985
4545	5553289
4546	5554593
4547	-1
4548	5555897
4549	5557201
4550	5558505
4551	-1
4552	5559809
4553	5561113
4554	5562417
4555	5563721
4556	-1
4557	5565025
4558	5566329
4559	5567633
4560	-1
4561	5568937
4562	5570241
4563	5571545
4564	-1
4565	5572849
4566	5574153
4567	5575457
4568	5576761
4569	-1
4570	5578065
4571	5579369
4572	5580673
4573	-1
4574	5581977
4575	5583281
4576	5584585
4577	-1
4578	5585889
4579	5587193
4580	5588497
4581	-1
4582	5589801
4583	5591105
4584	5592409
4585	5593713
4586	-1
4587	5595017
4588	5596321
4589	5597625
4590	-1
4591	5598929
4592	5600233
4593	5601537
4594	-1
4595	5602841
4596	5604145
4597	5605449
4598	5606753
4599	-1
4600	5608057
4601	5609361
4602	5610665
4603	-1
4604	5611969
4605	5613273
4606	5614577
4607	-1
4608	5615881
4609	5617185
4610	5618489
4611	-1
4612	5619793
4613	5621097
4614	5622401
4615	5623705
4616	-1
4617	5625009
4618	5626313
4619	5627617
4620	-1
4621	5628921
4622	5630225
4623	5631529
4624	-1
4625	5632833
4626	5634137
4627	5635441
4628	5636745
4629	-1
4630	5638049
4631	5639353
4632	5640657
4633	-1
4634	5641961
4635	5643265
4636	5644569
4637	-1
4638	5645873
4639	5647177
4640	5648481
4641	5649785
4642	-1
4643	5651089
4644	5652393
4645	5653697
4646	-1
4647	5655001
4648	5656305
4649	5657609
4650	-1
4651	5658913
4652	5660217
4653	5661521
4654	-1
4655	5662825
4656	5664129
4657	5665433
4658	5666737
4659	-1
4660	5668041
4661	5669345
4662	5670649
4663	-1
4664	5671953
4665	5673257
4666	5674561
4667	-1
4668	5675865
4669	5677169
4670	5678473
4671	5679777
4672	-1
4673	5681081
4674	5682385
4675	5683689
4676	-1
4677	5684993
4678	5686297
4679	5687601
4680	-1
4681	5688905
4682	5690209
4683	5691513
4684	-1
4685	5692817
4686	5694121
4687	5695425
4688	5696729
4689	-1
4690	5698033
4691	5699337
4692	5700641
4693	-1
4694	5701945
4695	5703249
4696	5704553
4697	-1
4698	5705857
4699	5707161
4700	5708465
4701	5709769
4702	-1
4703	5711073
4704	5712377
4705	5713681
4706	-1
4707	5714985
4708	5716289
4709	5717593
4710	-1
4711	5718897
4712	5720201
4713	5721505
4714	-1
4715	5722809
4716	5724113
4717	5725417
4718	5726721
4719	-1
4720	5728025
4721	5729329
4722	5730633
4723	-1
4724	5731937
4725	5733241
4726	5734545
4727	-1
4728	5735849
4729	5737153
4730	5738457
4731	5739761
4732	-1
4733	5741065
4734	5742369
4735	5743673
4736	-1
4737	5744977
4738	5746281
4739	5747585
4740	-1
4741	5748889
4742	5750193
4743	5751497
4744	-1
4745	5752801
4746	5754105
4747	5755409
4748	5756713
4749	-1
4750	5758017
4751	5759321
4752	5760625
4753	-1
4754	5761929
4755	5763233
4756	5764537
4757	-1
4758	5765841
4759	5767145
4760	5768449
4761	5769753
4762	-1
4763	5771057
4764	5772361
4765	5773665
4766	-1
4767	5774969
4768	5776273
4769	5777577
4770	-1
4771	5778881
4772	5780185
4773	5781489
4774	-1
4775	5782793
4776	5784097
4777	5785401
4778	5786705
4779	-1
4780	5788009
4781	5789313
4782	5790617
4783	-1
4784	5791921
4785	5793225
4786	5794529
4787	-1
4788	5795833
4789	5797137
4790	5798441
4791	5799745
4792	-1
4793	5801049
4794	5802353
4795	5803657
4796	-1
4797	5804961
4798	5806265
4799	5807569
4800	-1
4801	5808873
4802	5810177
4803	5811481
4804	5812785
4805	-1
4806	5814089
4807	5815393
4808	5816697
4809	-1
4810	5818001
4811	5819305
4812	5820609
4813	-1
4814	5821913
4815	5823217
4816	5824521
4817	-1
4818	5825825
4819	5827129
4820	5828433
4821	5829737
4822	-1
4823	5831041
4824	5832345
4825	5833649
4826	-1
4827	5834953
4828	5836257
4829	5837561
4830	-1
4831	5838865
4832	5840169
4833	5841473
4834	5842777
4835	-1
4836	5844081
4837	5845385
4838	5846689
4839	-1
4840	5847993
4841	5849297
4842	5850601
4843	-1
4844	5851905
4845	5853209
4846	5854513
4847	-1
4848	5855817
4849	5857121
4850	5858425
4851	5859729
4852	-1
4853	5861033
4854	5862337
4855	5863641
4856	-1
4857	5864945
4858	5866249
4859	5867553
4860	-1
4861	5868857
4862	5870161
4863	5871465
4864	5872769
4865	-1
4866	5874073
4867	5875377
4868	5876681
4869	-1
4870	5877985
4871	5879289
4872	5880593
4873	-1
4874	5881897
4875	5883201
4876	5884505
4877	-1
4878	5885809
4879	5887113
4880	5888417
4881	5889721
4882	-1
4883	5891025
4884	5892329
4885	5893633
4886	-1
4887	5894937
4888	5896241
4889	5897545
4890	-1
4891	5898849
4892	5900153
4893	5901457
4894	5902761
4895	-1
4896	5904065
4897	5905369
4898	5906673
4899	-1
4900	5907977
4901	5909281
4902	5910585
4903	-1
4904	5911889
4905	5913193
4906	5914497
4907	-1
4908	5915801
4909	5917105
4910	5918409
4911	5919713
4912	-1
4913	5921017
4914	5922321
4915	5923625
4916	-1
4917	5924929
4918	5926233
4919	5927537
4920	-1
4921	5928841
4922	5930145
4923	5931449
4924	5932753
4925	-1
4926	5934057
4927	5935361
4928	5936665
4929	-1
4930	5937969
4931	5939273
4932	5940577
4933	-1
4934	5941881
4935	5943185
4936	5944489
4937	-1
4938	5945793
4939	5947097
4940	5948401
4941	5949705
4942	-1
4943	5951009
4944	5952313
4945	5953617
4946	-1
4947	5954921
4948	5956225
4949	5957529
4950	-1
4951	5958833
4952	5960137
4953	5961441
4954	5962745
4955	-1
4956	5964049
4957	5965353
4958	5966657
4959	-1
4960	5967961
4961	5969265
4962	5970569
4963	-1
4964	5971873
4965	5973177
4966	5974481
4967	5975785
4968	-1
4969	5977089
4970	5978393
4971	5979697
4972	-1
4973	5981001
4974	5982305
4975	5983609
4976	-1
4977	5984913
4978	5986217
4979	5987521
4980	-1
4981	5988825
4982	5990129
4983	5991433
4984	5992737
4985	-1
4986	5994041
4987	5995345
4988	5996649
4989	-1
4990	5997953
4991	5999257
4992	6000561
4993	-1
4994	6001865
4995	6003169
4996	6004473
4997	6005777
4998	-1
4999	6007081
5000	6008385
5001	6009689
5002	-1
5003	6010993
5004	6012297
5005	6013601
5006	-1
5007	6014905
5008	6016209
5009	6017513
5010	-1
5011	6018817
5012	6020121
5013	6021425
5014	6022729
5015	-1
5016	6024033
5017	6025337
5018	6026641
5019	-1
5020	6027945
5021	6029249
5022	6030553
5023	-1
5024	6031857
5025	6033161
5026	6034465
5027	6035769
5028	-1
5029	6037073
5030	6038377
5031	6039681
5032	-1
5033	6040985
5034	6042289
5035	6043593
5036	-1
5037	6044897
5038	6046201
5039	6047505
5040	-1
5041	6048809
5042	6050113
5043	6051417
5044	6052721
5045	-1
5046	6054025
5047	6055329
5048	6056633
5049	-1
5050	6057937
5051	6059241
5052	6060545
5053	-1
5054	6061849
5055	6063153
5056	6064457
5057	6065761
5058	-1
5059	6067065
5060	6068369
5061	6069673
5062	-1
5063	6070977
5064	6072281
5065	6073585
5066	-1
5067	6074889
5068	6076193
5069	6077497
5070	-1
5071	6078801
5072	6080105
5073	6081409
5074	6082713
5075	-1
5076	6084017
5077	6085321
5078	6086625
5079	-1
5080	6087929
5081	6089233
5082	6090537
5083	-1
5084	6091841
5085	6093145
5086	6094449
5087	6095753
5088	-1
5089	6097057
5090	6098361
5091	6099665
5092	-1
5093	6100969
5094	6102273
5095	6103577
5096	-1
5097	6104881
5098	6106185
5099	6107489
5100	-1
5101	6108793
5102	6110097
5103	6111401
5104	6112705
5105	-1
5106	6114009
5107	6115313
5108	6116617
5109	-1
5110	6117921
5111	6119225
5112	6120529
5113	-1
5114	6121833
5115	6123137
5116	6124441
5117	6125745
5118	-1
5119	6127049
5120	6128353
5121	6129657
5122	-1
5123	6130961
5124	6132265
5125	6133569
5126	-1
5127	6134873
5128	6136177
5129	6137481
5130	6138785
5131	-1
5132	6140089
5133	6141393
5134	6142697
5135	-1
5136	6144001
5137	6145305
5138	6146609
5139	-1
5140	6147913
5141	6149217
5142	6150521
5143	-1
5144	6151825
5145	6153129
5146	6154433
5147	6155737
5148	-1
5149	6157041
5150	6158345
5151	6159649
5152	-1
5153	6160953
5154	6162257
5155	6163561
5156	-1
5157	6164865
5158	6166169
5159	6167473
5160	6168777
5161	-1
5162	6170081
5163	6171385
5164	6172689
5165	-1
5166	6173993
5167	6175297
5168	6176601
5169	-1
5170	6177905
5171	6179209
5172	6180513
5173	-1
5174	6181817
5175	6183121
5176	6184425
5177	6185729
5178	-1
5179	6187033
5180	6188337
5181	6189641
5182	-1
5183	6190945
5184	6192249
5185	6193553
5186	-1
5187	6194857
5188	6196161
5189	6197465
5190	6198769
5191	-1
5192	6200073
5193	6201377
5194	6202681
5195	-1
5196	6203985
5197	6205289
5198	6206593
5199	-1
5200	6207897
5201	6209201
5202	6210505
5203	-1
5204	6211809
5205	6213113
5206	6214417
5207	6215721
5208	-1
5209	6217025
5210	6218329
5211	6219633
5212	-1
5213	6220937
5214	6222241
5215	6223545
5216	-1
5217	6224849
5218	6226153
5219	6227457
5220	6228761
5221	-1
5222	6230065
5223	6231369
5224	6232673
5225	-1
5226	6233977
5227	6235281
5228	6236585
5229	-1
5230	6237889
5231	6239193
5232	6240497
5233	-1
5234	6241801
5235	6243105
5236	6244409
5237	6245713
5238	-1
5239	6247017
5240	6248321
5241	6249625
5242	-1
5243	6250929
5244	6252233
5245	6253537
5246	-1
5247	6254841
5248	6256145
5249	6257449
5250	6258753
5251	-1
5252	6260057
5253	6261361
5254	6262665
5255	-1
5256	6263969
5257	6265273
5258	6266577
5259	-1
5260	6267881
5261	6269185
5262	6270489
5263	-1
5264	6271793
5265	6273097
5266	6274401
5267	6275705
5268	-1
5269	6277009
5270	6278313
5271	6279617
5272	-1
5273	6280921
5274	6282225
5275	6283529
5276	-1
5277	6284833
5278	6286137
5279	6287441
5280	6288745
5281	-1
5282	6290049
5283	6291353
5284	6292657
5285	-1
5286	6293961
5287	6295265
5288	6296569
5289	-1
5290	6297873
5291	6299177
5292	6300481
5293	6301785
5294	-1
5295	6303089
5296	6304393
5297	6305697
5298	-1
5299	6307001
5300	6308305
5301	6309609
5302	-1
5303	6310913
5304	6312217
5305	6313521
5306	-1
5307	6314825
5308	6316129
5309	6317433
5310	6318737
5311	-1
5312	6320041
5313	6321345
5314	6322649
5315	-1
5316	6323953
5317	6325257
5318	6326561
5319	-1
5320	6327865
5321	6329169
5322	6330473
5323	6331777
5324	-1
5325	6333081
5326	6334385
5327	6335689
5328	-1
5329	6336993
5330	6338297
5331	6339601
5332	-1
5333	6340905
5334	6342209
5335	6343513
5336	-1
5337	6344817
5338	6346121
5339	6347425
5340	6348729
5341	-1
5342	6350033
5343	6351337
5344	6352641
5345	-1
5346	6353945
5347	6355249
5348	6356553
5349	-1
5350	6357857
5351	6359161
5352	6360465
5353	6361769
5354	-1
5355	6363073
5356	6364377
5357	6365681
5358	-1
5359	6366985
5360	6368289
5361	6369593
5362	-1
5363	6370897
5364	6372201
5365	6373505
5366	-1
5367	6374809
5368	6376113
5369	6377417
5370	6378721
5371	-1
5372	6380025
5373	6381329
5374	6382633
5375	-1
5376	6383937
5377	6385241
5378	6386545
5379	-1
5380	6387849
5381	6389153
5382	6390457
5383	6391761
5384	-1
5385	6393065
5386	6394369
5387	6395673
5388	-1
5389	6396977
5390	6398281
5391	6399585
5392	-1
5393	6400889
5394	6402193
5395	6403497
5396	-1
5397	6404801
5398	6406105
5399	6407409
5400	6408713
5401	-1
5402	6410017
5403	6411321
5404	6412625
5405	-1
5406	6413929
5407	6415233
5408	6416537
5409	-1
5410	6417841
5411	6419145
5412	6420449
5413	6421753
5414	-1
5415	6423057
5416	6424361
5417	6425665
5418	-1
5419	6426969
5420	6428273
5421	6429577
5422	-1
5423	6430881
5424	6432185
5425	6433489
5426	-1
5427	6434793
5428	6436097
5429	6437401
5430	6438705
5431	-1
5432	6440009
5433	6441313
5434	6442617
5435	-1
5436	6443921
5437	6445225
5438	6446529
5439	-1
5440	6447833
5441	6449137
5442	6450441
5443	6451745
5444	-1
5445	6453049
5446	6454353
5447	6455657
5448	-1
5449	6456961
5450	6458265
5451	6459569
5452	-1
5453	6460873
5454	6462177
5455	6463481
5456	6464785
5457	-1
5458	6466089
5459	6467393
5460	6468697
5461	-1
5462	6470001
5463	6471305
5464	6472609
5465	-1
5466	6473913
5467	6475217
5468	6476521
5469	-1
5470	6477825
5471	6479129
5472	6480433
5473	6481737
5474	-1
5475	6483041
5476	6484345
5477	6485649
5478	-1
5479	6486953
5480	6488257
5481	6489561
5482	-1
5483	6490865
5484	6492169
5485	6493473
5486	6494777
5487	-1
5488	6496081
5489	6497385
5490	6498689
5491	-1
5492	6499993
5493	6501297
5494	6502601
5495	-1
5496	6503905
5497	6505209
5498	6506513
5499	-1
5500	6507817
5501	6509121
5502	6510425
5503	6511729
5504	-1
5505	6513033
5506	6514337
5507	6515641
5508	-1
5509	6516945
5510	6518249
5511	6519553
5512	-1
5513	6520857
5514	6522161
5515	6523465
5516	6524769
5517	-1
5518	6526073
5519	6527377
5520	6528681
5521	-1
5522	6529985
5523	6531289
5524	6532593
5525	-1
5526	6533897
5527	6535201
5528	6536505
5529	-1
5530	6537809
5531	6539113
5532	6540417
5533	6541721
5534	-1
5535	6543025
5536	6544329
5537	6545633
5538	-1
5539	6546937
5540	6548241
5541	6549545
5542	-1
5543	6550849
5544	6552153
5545	6553457
5546	6554761
5547	-1
5548	6556065
5549	6557369
5550	6558673
5551	-1
5552	6559977
5553	6561281
5554	6562585
5555	-1
5556	6563889
5557	6565193
5558	6566497
5559	-1
5560	6567801
5561	6569105
5562	6570409
5563	6571713
5564	-1
5565	6573017
5566	6574321
5567	6575625
5568	-1
5569	6576929
5570	6578233
5571	6579537
5572	-1
5573	6580841
5574	6582145
5575	6583449
5576	6584753
5577	-1
5578	6586057
5579	6587361
5580	6588665
5581	-1
5582	6589969
5583	6591273
5584	6592577
5585	-1
5586	6593881
5587	6595185
5588	6596489
5589	-1
5590	6597793
5591	6599097
5592	6600401
5593	6601705
5594	-1
5595	6603009
5596	6604313
5597	6605617
5598	-1
5599	6606921
5600	6608225
5601	6609529
5602	-1
5603	6610833
5604	6612137
5605	6613441
5606	6614745
5607	-1
5608	6616049
5609	6617353
5610	6618657
5611	-1
5612	6619961
5613	6621265
5614	6622569
5615	-1
5616	6623873
5617	6625177
5618	6626481
5619	6627785
5620	-1
5621	6629089
5622	6630393
5623	6631697
5624	-1
5625	6633001
5626	6634305
5627	6635609
5628	-1
5629	6636913
5630	6638217
5631	6639521
5632	-1
5633	6640825
5634	6642129
5635	6643433
5636	6644737
5637	-1
5638	6646041
5639	6647345
5640	6648649
5641	-1
5642	6649953
5643	6651257
5644	6652561
5645	-1
5646	6653865
5647	6655169
5648	6656473
5649	6657777
5650	-1
5651	6659081
5652	6660385
5653	6661689
5654	-1
5655	6662993
5656	6664297
5657	6665601
5658	-1
5659	6666905
5660	6668209
5661	6669513
5662	-1
5663	6670817
5664	6672121
5665	6673425
5666	6674729
5667	-1
5668	6676033
5669	6677337
5670	6678641
5671	-1
5672	6679945
5673	6681249
5674	6682553
5675	-1
5676	6683857
5677	6685161
5678	6686465
5679	6687769
5680	-1
5681	6689073
5682	6690377
5683	6691681
5684	-1
5685	6692985
5686	6694289
5687	6695593
5688	-1
5689	6696897
5690	6698201
5691	6699505
5692	-1
5693	6700809
5694	6702113
5695	6703417
5696	6704721
5697	-1
5698	6706025
5699	6707329
5700	6708633
5701	-1
5702	6709937
5703	6711241
5704	6712545
5705	-1
5706	6713849
5707	6715153
5708	6716457
5709	6717761
5710	-1
5711	6719065
5712	6720369
5713	6721673
5714	-1
5715	6722977
5716	6724281
5717	6725585
5718	-1
5719	6726889
5720	6728193
5721	6729497
5722	-1
5723	6730801
5724	6732105
5725	6733409
5726	6734713
5727	-1
5728	6736017
5729	6737321
5730	6738625
5731	-1
5732	6739929
5733	6741233
5734	6742537
5735	-1
5736	6743841
5737	6745145
5738	6746449
5739	6747753
5740	-1
5741	6749057
5742	6750361
5743	6751665
5744	-1
5745	6752969
5746	6754273
5747	6755577
5748	-1
5749	6756881
5750	6758185
5751	6759489
5752	-1
5753	6760793
5754	6762097
5755	6763401
5756	6764705
5757	-1
5758	6766009
5759	6767313
5760	6768617
5761	-1
5762	6769921
5763	6771225
5764	6772529
5765	-1
5766	6773833
5767	6775137
5768	6776441
5769	6777745
5770	-1
5771	6779049
5772	6780353
5773	6781657
5774	-1
5775	6782961
5776	6784265
5777	6785569
5778	-1
5779	6786873
5780	6788177
5781	6789481
5782	6790785
5783	-1
5784	6792089
5785	6793393
5786	6794697
5787	-1
5788	6796001
5789	6797305
5790	6798609
5791	-1
5792	6799913
5793	6801217
5794	6802521
5795	-1
5796	6803825
5797	6805129
5798	6806433
5799	6807737
5800	-1
5801	6809041
5802	6810345
5803	6811649
5804	-1
5805	6812953
5806	6814257
5807	6815561
5808	-1
5809	6816865
5810	6818169
5811	6819473
5812	6820777
5813	-1
5814	6822081
5815	6823385
5816	6824689
5817	-1
5818	6825993
5819	6827297
5820	6828601
5821	-1
5822	6829905
5823	6831209
5824	6832513
5825	-1
5826	6833817
5827	6835121
5828	6836425
5829	6837729
5830	-1
5831	6839033
5832	6840337
5833	6841641
5834	-1
5835	6842945
5836	6844249
5837	6845553
5838	-1
5839	6846857
5840	6848161
5841	6849465
5842	6850769
5843	-1
5844	6852073
5845	6853377
5846	6854681
5847	-1
5848	6855985
5849	6857289
5850	6858593
5851	-1
5852	6859897
5853	6861201
5854	6862505
5855	-1
5856	6863809
5857	6865113
5858	6866417
5859	6867721
5860	-1
5861	6869025
5862	6870329
5863	6871633
5864	-1
5865	6872937
5866	6874241
5867	6875545
5868	-1
5869	6876849
5870	6878153
5871	6879457
5872	6880761
5873	-1
5874	6882065
5875	6883369
5876	6884673
5877	-1
5878	6885977
5879	6887281
5880	6888585
5881	-1
5882	6889889
5883	6891193
5884	6892497
5885	-1
5886	6893801
5887	6895105
5888	6896409
5889	6897713
5890	-1
5891	6899017
5892	6900321
5893	6901625
5894	-1
5895	6902929
5896	6904233
5897	6905537
5898	-1
5899	6906841
5900	6908145
5901	6909449
5902	6910753
5903	-1
5904	6912057
5905	6913361
5906	6914665
5907	-1
5908	6915969
5909	6917273
5910	6918577
5911	-1
5912	6919881
5913	6921185
5914	6922489
5915	-1
5916	6923793
5917	6925097
5918	6926401
5919	6927705
5920	-1
5921	6929009
5922	6930313
5923	6931617
5924	-1
5925	6932921
5926	6934225
5927	6935529
5928	-1
5929	6936833
5930	6938137
5931	6939441
5932	6940745
5933	-1
5934	6942049
5935	6943353
5936	6944657
5937	-1
5938	6945961
5939	6947265
5940	6948569
5941	-1
5942	6949873
5943	6951177
5944	6952481
5945	6953785
5946	-1
5947	6955089
5948	6956393
5949	6957697
5950	-1
5951	6959001
5952	6960305
5953	6961609
5954	-1
5955	6962913
5956	6964217
5957	6965521
5958	-1
5959	6966825
5960	6968129
5961	6969433
5962	6970737
5963	-1
5964	6972041
5965	6973345
5966	6974649
5967	-1
5968	6975953
5969	6977257
5970	6978561
5971	-1
5972	6979865
5973	6981169
5974	6982473
5975	6983777
5976	-1
5977	6985081
5978	6986385
5979	6987689
5980	-1
5981	6988993
5982	6990297
5983	6991601
5984	-1
5985	6992905
5986	6994209
5987	6995513
5988	-1
5989	6996817
5990	6998121
5991	6999425
5992	7000729
5993	-1
5994	7002033
5995	7003337
5996	7004641
5997	-1
5998	7005945
5999	7007249
