0	1008011
1	1009836
2	1011662
3	1013487
4	1015313
5	1017139
6	1018964
7	1020790
8	1022615
9	1024441
10	1026267
11	1028092
12	1029918
13	1031743
14	1033569
15	1035395
16	1037220
17	1039046
18	1040871
19	1042697
20	1044523
21	1046348
22	1048174
23	1049999
24	1051825
25	1053651
26	1055476
27	1057302
28	1059127
29	1060953
30	1062779
31	1064604
32	1066430
33	1068255
34	1070081
35	1071907
36	1073732
37	1075558
38	1077383
39	1079209
40	1081035
41	1082860
42	1084686
43	1086511
44	1088337
45	1090163
46	1091988
47	1093814
48	1095639
49	1097465
50	1099291
51	1101116
52	1102942
53	1104767
54	1106593
55	1108419
56	1110244
57	1112070
58	1113895
59	1115721
60	1117547
61	1119372
62	1121198
63	1123023
64	1124849
65	1126675
66	1128500
67	1130326
68	1132151
69	1133977
70	1135803
71	1137628
72	1139454
73	1141279
74	1143105
75	1144931
76	1146756
77	1148582
78	1150407
79	1152233
80	1154059
81	1155884
82	1157710
83	1159535
84	1161361
85	1163187
86	1165012
87	1166838
88	1168663
89	1170489
90	1172315
91	1174140
92	1175966
93	1177791
94	1179617
95	1181443
96	1183268
97	1185094
98	1186919
99	1188745
100	1190571
101	1192396
102	1194222
103	1196047
104	1197873
105	1199699
106	1201524
107	1203350
108	1205175
109	1207001
110	1208827
111	1210652
112	1212478
113	1214303
114	1216129
115	1217955
116	1219780
117	1221606
118	1223431
119	1225257
120	1227083
121	1228908
122	1230734
123	1232559
124	1234385
125	1236211
126	1238036
127	1239862
128	1241687
129	1243513
130	1245339
131	1247164
132	1248990
133	-1
134	1250815
135	-1
136	1252641
137	1254467
138	-1
139	1256292
140	-1
141	1258118
142	-1
143	1259943
144	-1
145	1261769
146	-1
147	1263595
148	1265420
149	-1
150	1267246
151	-1
152	1269071
153	-1
154	1270897
155	-1
156	1272723
157	-1
158	1274548
159	1276374
160	-1
161	1278199
162	-1
163	1280025
164	-1
165	1281851
166	-1
167	1283676
168	1285502
169	-1
170	1287327
171	-1
172	1289153
173	-1
174	1290979
175	-1
176	1292804
177	-1
178	1294630
179	1296455
180	-1
181	1298281
182	-1
183	1300107
184	-1
185	1301932
186	-1
187	1303758
188	-1
189	1305583
190	1307409
191	-1
192	1309235
193	-1
194	1311060
195	-1
196	1312886
197	-1
198	1314711
199	1316537
200	-1
201	1318363
202	-1
203	1320188
204	-1
205	1322014
206	-1
207	1323839
208	-1
209	1325665
210	1327491
211	-1
212	1329316
213	-1
214	1331142
215	-1
216	1332967
217	-1
218	1334793
219	-1
220	1336619
221	1338444
222	-1
223	1340270
224	-1
225	1342095
226	-1
227	1343921
228	-1
229	1345747
230	-1
231	1347572
232	1349398
233	-1
234	1351223
235	-1
236	1353049
237	-1
238	1354875
239	-1
240	1356700
241	1358526
242	-1
243	1360351
244	-1
245	1362177
246	-1
247	1364003
248	-1
249	1365828
250	-1
251	1367654
252	1369479
253	-1
254	1371305
255	-1
256	1373131
257	-1
258	1374956
259	-1
260	1376782
261	-1
262	1378607
263	1380433
264	-1
265	1382259
266	-1
267	1384084
268	-1
269	1385910
270	-1
271	1387735
272	-1
273	1389561
274	1391387
275	-1
276	1393212
277	-1
278	1395038
279	-1
280	1396863
281	-1
282	1398689
283	1400515
284	-1
285	1402340
286	-1
287	1404166
288	-1
289	1405991
290	-1
291	1407817
292	-1
293	1409643
294	1411468
295	-1
296	1413294
297	-1
298	1415119
299	-1
300	1416945
301	-1
302	1418771
303	-1
304	1420596
305	1422422
306	-1
307	1424247
308	-1
309	1426073
310	-1
311	1427899
312	-1
313	1429724
314	-1
315	1431550
316	1433375
317	-1
318	1435201
319	-1
320	1437027
321	-1
322	1438852
323	-1
324	1440678
325	1442503
326	-1
327	1444329
328	-1
329	1446155
330	-1
331	1447980
332	-1
333	1449806
334	-1
335	1451631
336	1453457
337	-1
338	1455283
339	-1
340	1457108
341	-1
342	1458934
343	-1
344	1460759
345	-1
346	1462585
347	1464411
348	-1
349	1466236
350	-1
351	1468062
352	-1
353	1469887
354	-1
355	1471713
356	1473539
357	-1
358	1475364
359	-1
360	1477190
361	-1
362	1479015
363	-1
364	1480841
365	-1
366	1482667
367	1484492
368	-1
369	1486318
370	-1
371	1488143
372	-1
373	1489969
374	-1
375	1491795
376	-1
377	1493620
378	1495446
379	-1
380	1497271
381	-1
382	1499097
383	-1
384	1500923
385	-1
386	1502748
387	-1
388	1504574
389	1506399
390	-1
391	1508225
392	-1
393	1510051
394	-1
395	1511876
396	-1
397	1513702
398	1515527
399	-1
400	1517353
401	-1
402	1519179
403	-1
404	1521004
405	-1
406	1522830
407	-1
408	1524655
409	1526481
410	-1
411	1528307
412	-1
413	1530132
414	-1
415	1531958
416	-1
417	1533783
418	-1
419	1535609
420	1537435
421	-1
422	1539260
423	-1
424	1541086
425	-1
426	1542911
427	-1
428	1544737
429	-1
430	1546563
431	1548388
432	-1
433	1550214
434	-1
435	1552039
436	-1
437	1553865
438	-1
439	1555691
440	1557516
441	-1
442	1559342
443	-1
444	1561167
445	-1
446	1562993
447	-1
448	1564819
449	-1
450	1566644
451	1568470
452	-1
453	1570295
454	-1
455	1572121
456	-1
457	1573947
458	-1
459	1575772
460	-1
461	1577598
462	1579423
463	-1
464	1581249
465	-1
466	1583075
467	-1
468	1584900
469	-1
470	1586726
471	-1
472	1588551
473	1590377
474	-1
475	1592203
476	-1
477	1594028
478	-1
479	1595854
480	-1
481	1597679
482	1599505
483	-1
484	1601331
485	-1
486	1603156
487	-1
488	1604982
489	-1
490	1606807
491	-1
492	1608633
493	1610459
494	-1
495	1612284
496	-1
497	1614110
498	-1
499	1615935
500	-1
501	1617761
502	-1
503	1619587
504	1621412
505	-1
506	1623238
507	-1
508	1625063
509	-1
510	1626889
511	-1
512	1628715
513	1630540
514	-1
515	1632366
516	-1
517	1634191
518	-1
519	1636017
520	-1
521	1637843
522	-1
523	1639668
524	1641494
525	-1
526	1643319
527	-1
528	1645145
529	-1
530	1646971
531	-1
532	1648796
533	-1
534	1650622
535	1652447
536	-1
537	1654273
538	-1
539	1656099
540	-1
541	1657924
542	-1
543	1659750
544	-1
545	1661575
546	1663401
547	-1
548	1665227
549	-1
550	1667052
551	-1
552	1668878
553	-1
554	1670703
555	1672529
556	-1
557	1674355
558	-1
559	1676180
560	-1
561	1678006
562	-1
563	1679831
564	-1
565	1681657
566	1683483
567	-1
568	1685308
569	-1
570	1687134
571	-1
572	1688959
573	-1
574	1690785
575	-1
576	1692611
577	1694436
578	-1
579	1696262
580	-1
581	1698087
582	-1
583	1699913
584	-1
585	1701739
586	-1
587	1703564
588	1705390
589	-1
590	1707215
591	-1
592	1709041
593	-1
594	1710867
595	-1
596	1712692
597	1714518
598	-1
599	1716343
600	-1
601	1718169
602	-1
603	1719995
604	-1
605	1721820
606	-1
607	1723646
608	1725471
609	-1
610	1727297
611	-1
612	1729123
613	-1
614	1730948
615	-1
616	1732774
617	-1
618	1734599
619	1736425
620	-1
621	1738251
622	-1
623	1740076
624	-1
625	1741902
626	-1
627	1743727
628	-1
629	1745553
630	1747379
631	-1
632	1749204
633	-1
634	1751030
635	-1
636	1752855
637	-1
638	1754681
639	1756507
640	-1
641	1758332
642	-1
643	1760158
644	-1
645	1761983
646	-1
647	1763809
648	-1
649	1765635
650	1767460
651	-1
652	1769286
653	-1
654	1771111
655	-1
656	1772937
657	-1
658	1774763
659	-1
660	1776588
661	1778414
662	-1
663	1780239
664	-1
665	1782065
666	-1
667	1783891
668	-1
669	1785716
670	1787542
671	-1
672	1789367
673	-1
674	1791193
675	-1
676	1793019
677	-1
678	1794844
679	-1
680	1796670
681	1798495
682	-1
683	1800321
684	-1
685	1802147
686	-1
687	1803972
688	-1
689	1805798
690	-1
691	1807623
692	1809449
693	-1
694	1811275
695	-1
696	1813100
697	-1
698	1814926
699	-1
700	1816751
701	-1
702	1818577
703	1820403
704	-1
705	1822228
706	-1
707	1824054
708	-1
709	1825879
710	-1
711	1827705
712	1829531
713	-1
714	1831356
715	-1
716	1833182
717	-1
718	1835007
719	-1
720	1836833
721	-1
722	1838659
723	1840484
724	-1
725	1842310
726	-1
727	1844135
728	-1
729	1845961
730	-1
731	1847787
732	-1
733	1849612
734	1851438
735	-1
736	1853263
737	-1
738	1855089
739	-1
740	1856915
741	-1
742	1858740
743	-1
744	1860566
745	1862391
746	-1
747	1864217
748	-1
749	1866043
750	-1
751	1867868
752	-1
753	1869694
754	1871519
755	-1
756	1873345
757	-1
758	1875171
759	-1
760	1876996
761	-1
762	1878822
763	-1
764	1880647
765	1882473
766	-1
767	1884299
768	-1
769	1886124
770	-1
771	1887950
772	-1
773	1889775
774	-1
775	1891601
776	1893427
777	-1
778	1895252
779	-1
780	1897078
781	-1
782	1898903
783	-1
784	1900729
785	-1
786	1902555
787	1904380
788	-1
789	1906206
790	-1
791	1908031
792	-1
793	1909857
794	-1
795	1911683
796	1913508
797	-1
798	1915334
799	-1
800	1917159
801	-1
802	1918985
803	-1
804	1920811
805	-1
806	1922636
807	1924462
808	-1
809	1926287
810	-1
811	1928113
812	-1
813	1929939
814	-1
815	1931764
816	-1
817	1933590
818	1935415
819	-1
820	1937241
821	-1
822	1939067
823	-1
824	1940892
825	-1
826	1942718
827	-1
828	1944543
829	1946369
830	-1
831	1948195
832	-1
833	1950020
834	-1
835	1951846
836	-1
837	1953671
838	1955497
839	-1
840	1957323
841	-1
842	1959148
843	-1
844	1960974
845	-1
846	1962799
847	-1
848	1964625
849	1966451
850	-1
851	1968276
852	-1
853	1970102
854	-1
855	1971927
856	-1
857	1973753
858	-1
859	1975579
860	1977404
861	-1
862	1979230
863	-1
864	1981055
865	-1
866	1982881
867	-1
868	1984707
869	1986532
870	-1
871	1988358
872	-1
873	1990183
874	-1
875	1992009
876	-1
877	1993835
878	-1
879	1995660
880	1997486
881	-1
882	1999311
883	-1
884	2001137
885	-1
886	2002963
887	-1
888	2004788
889	-1
890	2006614
891	2008439
892	-1
893	2010265
894	-1
895	2012091
896	-1
897	2013916
898	-1
899	2015742
900	-1
901	2017567
902	2019393
903	-1
904	2021219
905	-1
906	2023044
907	-1
908	2024870
909	-1
910	2026695
911	2028521
912	-1
913	2030347
914	-1
915	2032172
916	-1
917	2033998
918	-1
919	2035823
920	-1
921	2037649
922	2039475
923	-1
924	2041300
925	-1
926	2043126
927	-1
928	2044951
929	-1
930	2046777
931	-1
932	2048603
933	2050428
934	-1
935	2052254
936	-1
937	2054079
938	-1
939	2055905
940	-1
941	2057731
942	-1
943	2059556
944	2061382
945	-1
946	2063207
947	-1
948	2065033
949	-1
950	2066859
951	-1
952	2068684
953	2070510
954	-1
955	2072335
956	-1
957	2074161
958	-1
959	2075987
960	-1
961	2077812
962	-1
963	2079638
964	2081463
965	-1
966	2083289
967	-1
968	2085115
969	-1
970	2086940
971	-1
972	2088766
973	-1
974	2090591
975	2092417
976	-1
977	2094243
978	-1
979	2096068
980	-1
981	2097894
982	-1
983	2099719
984	-1
985	2101545
986	2103371
987	-1
988	2105196
989	-1
990	2107022
991	-1
992	2108847
993	-1
994	2110673
995	2112499
996	-1
997	2114324
998	-1
999	2116150
1000	-1
1001	2117975
1002	-1
1003	2119801
1004	-1
1005	2121627
1006	2123452
1007	-1
1008	2125278
1009	-1
1010	2127103
1011	-1
1012	2128929
1013	-1
1014	2130755
1015	-1
1016	2132580
1017	2134406
1018	-1
1019	2136231
1020	-1
1021	2138057
1022	-1
1023	2139883
1024	-1
1025	2141708
1026	2143534
1027	-1
1028	2145359
1029	-1
1030	2147185
1031	-1
1032	2149011
1033	-1
1034	2150836
1035	-1
1036	2152662
1037	2154487
1038	-1
1039	2156313
1040	-1
1041	2158139
1042	-1
1043	2159964
1044	-1
1045	2161790
1046	-1
1047	2163615
1048	2165441
1049	-1
1050	2167267
1051	-1
1052	2169092
1053	-1
1054	2170918
1055	-1
1056	2172743
1057	-1
1058	2174569
1059	2176395
1060	-1
1061	2178220
1062	-1
1063	2180046
1064	-1
1065	2181871
1066	-1
1067	2183697
1068	2185523
1069	-1
1070	2187348
1071	-1
1072	2189174
1073	-1
1074	2190999
1075	-1
1076	2192825
1077	-1
1078	2194651
1079	2196476
1080	-1
1081	2198302
1082	-1
1083	2200127
1084	-1
1085	2201953
1086	-1
1087	2203779
1088	-1
1089	2205604
1090	2207430
1091	-1
1092	2209255
1093	-1
1094	2211081
1095	-1
1096	2212907
1097	-1
1098	2214732
1099	-1
1100	2216558
1101	2218383
1102	-1
1103	2220209
1104	-1
1105	2222035
1106	-1
1107	2223860
1108	-1
1109	2225686
1110	2227511
1111	-1
1112	2229337
1113	-1
1114	2231163
1115	-1
1116	2232988
1117	-1
1118	2234814
1119	-1
1120	2236639
1121	2238465
1122	-1
1123	2240291
1124	-1
1125	2242116
1126	-1
1127	2243942
1128	-1
1129	2245767
1130	-1
1131	2247593
1132	2249419
1133	-1
1134	2251244
1135	-1
1136	2253070
1137	-1
1138	2254895
1139	-1
1140	2256721
1141	-1
1142	2258547
1143	2260372
1144	-1
1145	2262198
1146	-1
1147	2264023
1148	-1
1149	2265849
1150	-1
1151	2267675
1152	2269500
1153	-1
1154	2271326
1155	-1
1156	2273151
1157	-1
1158	2274977
1159	-1
1160	2276803
1161	-1
1162	2278628
1163	2280454
1164	-1
1165	2282279
1166	-1
1167	2284105
1168	-1
1169	2285931
1170	-1
1171	2287756
1172	-1
1173	2289582
1174	2291407
1175	-1
1176	2293233
1177	-1
1178	2295059
1179	-1
1180	2296884
1181	-1
1182	2298710
1183	2300535
1184	-1
1185	2302361
1186	-1
1187	2304187
1188	-1
1189	2306012
1190	-1
1191	2307838
1192	-1
1193	2309663
1194	2311489
1195	-1
1196	2313315
1197	-1
1198	2315140
1199	-1
1200	2316966
1201	-1
1202	2318791
1203	-1
1204	2320617
1205	2322443
1206	-1
1207	2324268
1208	-1
1209	2326094
1210	-1
1211	2327919
1212	-1
1213	2329745
1214	-1
1215	2331571
1216	2333396
1217	-1
1218	2335222
1219	-1
1220	2337047
1221	-1
1222	2338873
1223	-1
1224	2340699
1225	2342524
1226	-1
1227	2344350
1228	-1
1229	2346175
1230	-1
1231	2348001
1232	-1
1233	2349827
1234	-1
1235	2351652
1236	2353478
1237	-1
1238	2355303
1239	-1
1240	2357129
1241	-1
1242	2358955
1243	-1
1244	2360780
1245	-1
1246	2362606
1247	2364431
1248	-1
1249	2366257
1250	-1
1251	2368083
1252	-1
1253	2369908
1254	-1
1255	2371734
1256	-1
1257	2373559
1258	2375385
1259	-1
1260	2377211
1261	-1
1262	2379036
1263	-1
1264	2380862
1265	-1
1266	2382687
1267	2384513
1268	-1
1269	2386339
1270	-1
1271	2388164
1272	-1
1273	2389990
1274	-1
1275	2391815
1276	-1
1277	2393641
1278	2395467
1279	-1
1280	2397292
1281	-1
1282	2399118
1283	-1
1284	2400943
1285	-1
1286	2402769
1287	-1
1288	2404595
1289	2406420
1290	-1
1291	2408246
1292	-1
1293	2410071
1294	-1
1295	2411897
1296	-1
1297	2413723
1298	-1
1299	2415548
1300	2417374
1301	-1
1302	2419199
1303	-1
1304	2421025
1305	-1
1306	2422851
1307	-1
1308	2424676
1309	2426502
1310	-1
1311	2428327
1312	-1
1313	2430153
1314	-1
1315	2431979
1316	-1
1317	2433804
1318	-1
1319	2435630
1320	2437455
1321	-1
1322	2439281
1323	-1
1324	2441107
1325	-1
1326	2442932
1327	-1
1328	2444758
1329	-1
1330	2446583
1331	2448409
1332	-1
1333	2450235
1334	-1
1335	2452060
1336	-1
1337	2453886
1338	-1
1339	2455711
1340	2457537
1341	-1
1342	2459363
1343	-1
1344	2461188
1345	-1
1346	2463014
1347	-1
1348	2464839
1349	-1
1350	2466665
1351	2468491
1352	-1
1353	2470316
1354	-1
1355	2472142
1356	-1
1357	2473967
1358	-1
1359	2475793
1360	-1
1361	2477619
1362	2479444
1363	-1
1364	2481270
1365	-1
1366	2483095
1367	-1
1368	2484921
1369	-1
1370	2486747
1371	-1
1372	2488572
1373	2490398
1374	-1
1375	2492223
1376	-1
1377	2494049
1378	-1
1379	2495875
1380	-1
1381	2497700
1382	2499526
1383	-1
1384	2501351
1385	-1
1386	2503177
1387	-1
1388	2505003
1389	-1
1390	2506828
1391	-1
1392	2508654
1393	2510479
1394	-1
1395	2512305
1396	-1
1397	2514131
1398	-1
1399	2515956
1400	-1
1401	2517782
1402	-1
1403	2519607
1404	2521433
1405	-1
1406	2523259
1407	-1
1408	2525084
1409	-1
1410	2526910
1411	-1
1412	2528735
1413	-1
1414	2530561
1415	2532387
1416	-1
1417	2534212
1418	-1
1419	2536038
1420	-1
1421	2537863
1422	-1
1423	2539689
1424	2541515
1425	-1
1426	2543340
1427	-1
1428	2545166
1429	-1
1430	2546991
1431	-1
1432	2548817
1433	-1
1434	2550643
1435	2552468
1436	-1
1437	2554294
1438	-1
1439	2556119
1440	-1
1441	2557945
1442	-1
1443	2559771
1444	-1
1445	2561596
1446	2563422
1447	-1
1448	2565247
1449	-1
1450	2567073
1451	-1
1452	2568899
1453	-1
1454	2570724
1455	-1
1456	2572550
1457	2574375
1458	-1
1459	2576201
1460	-1
1461	2578027
1462	-1
1463	2579852
1464	-1
1465	2581678
1466	2583503
1467	-1
1468	2585329
1469	-1
1470	2587155
1471	-1
1472	2588980
1473	-1
1474	2590806
1475	-1
1476	2592631
1477	2594457
1478	-1
1479	2596283
1480	-1
1481	2598108
1482	-1
1483	2599934
1484	-1
1485	2601759
1486	-1
1487	2603585
1488	2605411
1489	-1
1490	2607236
1491	-1
1492	2609062
1493	-1
1494	2610887
1495	-1
1496	2612713
1497	2614539
1498	-1
1499	2616364
1500	-1
1501	2618190
1502	-1
1503	2620015
1504	-1
1505	2621841
1506	-1
1507	2623667
1508	2625492
1509	-1
1510	2627318
1511	-1
1512	2629143
1513	-1
1514	2630969
1515	-1
1516	2632795
1517	-1
1518	2634620
1519	2636446
1520	-1
1521	2638271
1522	-1
1523	2640097
1524	-1
1525	2641923
1526	-1
1527	2643748
1528	-1
1529	2645574
1530	2647399
1531	-1
1532	2649225
1533	-1
1534	2651051
1535	-1
1536	2652876
1537	-1
1538	2654702
1539	2656527
1540	-1
1541	2658353
1542	-1
1543	2660179
1544	-1
1545	2662004
1546	-1
1547	2663830
1548	-1
1549	2665655
1550	2667481
1551	-1
1552	2669307
1553	-1
1554	2671132
1555	-1
1556	2672958
1557	-1
1558	2674783
1559	-1
1560	2676609
1561	2678435
1562	-1
1563	2680260
1564	-1
1565	2682086
1566	-1
1567	2683911
1568	-1
1569	2685737
1570	-1
1571	2687563
1572	2689388
1573	-1
1574	2691214
1575	-1
1576	2693039
1577	-1
1578	2694865
1579	-1
1580	2696691
1581	2698516
1582	-1
1583	2700342
1584	-1
1585	2702167
1586	-1
1587	2703993
1588	-1
1589	2705819
1590	-1
1591	2707644
1592	2709470
1593	-1
1594	2711295
1595	-1
1596	2713121
1597	-1
1598	2714947
1599	-1
1600	2716772
1601	-1
1602	2718598
1603	2720423
1604	-1
1605	2722249
1606	-1
1607	2724075
1608	-1
1609	2725900
1610	-1
1611	2727726
1612	-1
1613	2729551
1614	2731377
1615	-1
1616	2733203
1617	-1
1618	2735028
1619	-1
1620	2736854
1621	-1
1622	2738679
1623	2740505
1624	-1
1625	2742331
1626	-1
1627	2744156
1628	-1
1629	2745982
1630	-1
1631	2747807
1632	-1
1633	2749633
1634	2751459
1635	-1
1636	2753284
1637	-1
1638	2755110
1639	-1
1640	2756935
1641	-1
1642	2758761
1643	-1
1644	2760587
1645	2762412
1646	-1
1647	2764238
1648	-1
1649	2766063
1650	-1
1651	2767889
1652	-1
1653	2769715
1654	2771540
1655	-1
1656	2773366
1657	-1
1658	2775191
1659	-1
1660	2777017
1661	-1
1662	2778843
1663	-1
1664	2780668
1665	2782494
1666	-1
1667	2784319
1668	-1
1669	2786145
1670	-1
1671	2787971
1672	-1
1673	2789796
1674	-1
1675	2791622
1676	2793447
1677	-1
1678	2795273
1679	-1
1680	2797099
1681	-1
1682	2798924
1683	-1
1684	2800750
1685	-1
1686	2802575
1687	2804401
1688	-1
1689	2806227
1690	-1
1691	2808052
1692	-1
1693	2809878
1694	-1
1695	2811703
1696	2813529
1697	-1
1698	2815355
1699	-1
1700	2817180
1701	-1
1702	2819006
1703	-1
1704	2820831
1705	-1
1706	2822657
1707	2824483
1708	-1
1709	2826308
1710	-1
1711	2828134
1712	-1
1713	2829959
1714	-1
1715	2831785
1716	-1
1717	2833611
1718	2835436
1719	-1
1720	2837262
1721	-1
1722	2839087
1723	-1
1724	2840913
1725	-1
1726	2842739
1727	-1
1728	2844564
1729	2846390
1730	-1
1731	2848215
1732	-1
1733	2850041
1734	-1
1735	2851867
1736	-1
1737	2853692
1738	2855518
1739	-1
1740	2857343
1741	-1
1742	2859169
1743	-1
1744	2860995
1745	-1
1746	2862820
1747	-1
1748	2864646
1749	2866471
1750	-1
1751	2868297
1752	-1
1753	2870123
1754	-1
1755	2871948
1756	-1
1757	2873774
1758	-1
1759	2875599
1760	2877425
1761	-1
1762	2879251
1763	-1
1764	2881076
1765	-1
1766	2882902
1767	-1
1768	2884727
1769	-1
1770	2886553
1771	2888379
1772	-1
1773	2890204
1774	-1
1775	2892030
1776	-1
1777	2893855
1778	-1
1779	2895681
1780	2897507
1781	-1
1782	2899332
1783	-1
1784	2901158
1785	-1
1786	2902983
1787	-1
1788	2904809
1789	-1
1790	2906635
1791	2908460
1792	-1
1793	2910286
1794	-1
1795	2912111
1796	-1
1797	2913937
1798	-1
1799	2915763
1800	-1
1801	2917588
1802	2919414
1803	-1
1804	2921239
1805	-1
1806	2923065
1807	-1
1808	2924891
1809	-1
1810	2926716
1811	2928542
1812	-1
1813	2930367
1814	-1
1815	2932193
1816	-1
1817	2934019
1818	-1
1819	2935844
1820	-1
1821	2937670
1822	2939495
1823	-1
1824	2941321
1825	-1
1826	2943147
1827	-1
1828	2944972
1829	-1
1830	2946798
1831	-1
1832	2948623
1833	2950449
1834	-1
1835	2952275
1836	-1
1837	2954100
1838	-1
1839	2955926
1840	-1
1841	2957751
1842	-1
1843	2959577
1844	2961403
1845	-1
1846	2963228
1847	-1
1848	2965054
1849	-1
1850	2966879
1851	-1
1852	2968705
1853	2970531
1854	-1
1855	2972356
1856	-1
1857	2974182
1858	-1
1859	2976007
1860	-1
1861	2977833
1862	-1
1863	2979659
1864	2981484
1865	-1
1866	2983310
1867	-1
1868	2985135
1869	-1
1870	2986961
1871	-1
1872	2988787
1873	-1
1874	2990612
1875	2992438
1876	-1
1877	2994263
1878	-1
1879	2996089
1880	-1
1881	2997915
1882	-1
1883	2999740
1884	-1
1885	3001566
1886	3003391
1887	-1
1888	3005217
1889	-1
1890	3007043
1891	-1
1892	3008868
1893	-1
1894	3010694
1895	3012519
1896	-1
1897	3014345
1898	-1
1899	3016171
1900	-1
1901	3017996
1902	-1
1903	3019822
1904	-1
1905	3021647
1906	3023473
1907	-1
1908	3025299
1909	-1
1910	3027124
1911	-1
1912	3028950
1913	-1
1914	3030775
1915	-1
1916	3032601
1917	3034427
1918	-1
1919	3036252
1920	-1
1921	3038078
1922	-1
1923	3039903
1924	-1
1925	3041729
1926	-1
1927	3043555
1928	3045380
1929	-1
1930	3047206
1931	-1
1932	3049031
1933	-1
1934	3050857
1935	-1
1936	3052683
1937	3054508
1938	-1
1939	3056334
1940	-1
1941	3058159
1942	-1
1943	3059985
1944	-1
1945	3061811
1946	-1
1947	3063636
1948	3065462
1949	-1
1950	3067287
1951	-1
1952	3069113
1953	-1
1954	3070939
1955	-1
1956	3072764
1957	-1
1958	3074590
1959	3076415
1960	-1
1961	3078241
1962	-1
1963	3080067
1964	-1
1965	3081892
1966	-1
1967	3083718
1968	-1
1969	3085543
1970	3087369
1971	-1
1972	3089195
1973	-1
1974	3091020
1975	-1
1976	3092846
1977	-1
1978	3094671
1979	3096497
1980	-1
1981	3098323
1982	-1
1983	3100148
1984	-1
1985	3101974
1986	-1
1987	3103799
1988	-1
1989	3105625
1990	3107451
1991	-1
1992	3109276
1993	-1
1994	3111102
1995	-1
1996	3112927
1997	-1
1998	3114753
1999	-1
2000	3116579
2001	3118404
2002	-1
2003	3120230
2004	-1
2005	3122055
2006	-1
2007	3123881
2008	-1
2009	3125707
2010	3127532
2011	-1
2012	3129358
2013	-1
2014	3131183
2015	-1
2016	3133009
2017	-1
2018	3134835
2019	-1
2020	3136660
2021	3138486
2022	-1
2023	3140311
2024	-1
2025	3142137
2026	-1
2027	3143963
2028	-1
2029	3145788
2030	-1
2031	3147614
2032	3149439
2033	-1
2034	3151265
2035	-1
2036	3153091
2037	-1
2038	3154916
2039	-1
2040	3156742
2041	-1
2042	3158567
2043	3160393
2044	-1
2045	3162219
2046	-1
2047	3164044
2048	-1
2049	3165870
2050	-1
2051	3167695
2052	3169521
2053	-1
2054	3171347
2055	-1
2056	3173172
2057	-1
2058	3174998
2059	-1
2060	3176823
2061	-1
2062	3178649
2063	3180475
2064	-1
2065	3182300
2066	-1
2067	3184126
2068	-1
2069	3185951
2070	-1
2071	3187777
2072	-1
2073	3189603
2074	3191428
2075	-1
2076	3193254
2077	-1
2078	3195079
2079	-1
2080	3196905
2081	-1
2082	3198731
2083	-1
2084	3200556
2085	3202382
2086	-1
2087	3204207
2088	-1
2089	3206033
2090	-1
2091	3207859
2092	-1
2093	3209684
2094	3211510
2095	-1
2096	3213335
2097	-1
2098	3215161
2099	-1
2100	3216987
2101	-1
2102	3218812
2103	-1
2104	3220638
2105	3222463
2106	-1
2107	3224289
2108	-1
2109	3226115
2110	-1
2111	3227940
2112	-1
2113	3229766
2114	-1
2115	3231591
2116	3233417
2117	-1
2118	3235243
2119	-1
2120	3237068
2121	-1
2122	3238894
2123	-1
2124	3240719
2125	-1
2126	3242545
2127	3244371
2128	-1
2129	3246196
2130	-1
2131	3248022
2132	-1
2133	3249847
2134	-1
2135	3251673
2136	3253499
2137	-1
2138	3255324
2139	-1
2140	3257150
2141	-1
2142	3258975
2143	-1
2144	3260801
2145	-1
2146	3262627
2147	3264452
2148	-1
2149	3266278
2150	-1
2151	3268103
2152	-1
2153	3269929
2154	-1
2155	3271755
2156	-1
2157	3273580
2158	3275406
2159	-1
2160	3277231
2161	-1
2162	3279057
2163	-1
2164	3280883
2165	-1
2166	3282708
2167	3284534
2168	-1
2169	3286359
2170	-1
2171	3288185
2172	-1
2173	3290011
2174	-1
2175	3291836
2176	-1
2177	3293662
2178	3295487
2179	-1
2180	3297313
2181	-1
2182	3299139
2183	-1
2184	3300964
2185	-1
2186	3302790
2187	-1
2188	3304615
2189	3306441
2190	-1
2191	3308267
2192	-1
2193	3310092
2194	-1
2195	3311918
2196	-1
2197	3313743
2198	-1
2199	3315569
2200	3317395
2201	-1
2202	3319220
2203	-1
2204	3321046
2205	-1
2206	3322871
2207	-1
2208	3324697
2209	3326523
2210	-1
2211	3328348
2212	-1
2213	3330174
2214	-1
2215	3331999
2216	-1
2217	3333825
2218	-1
2219	3335651
2220	3337476
2221	-1
2222	3339302
2223	-1
2224	3341127
2225	-1
2226	3342953
2227	-1
2228	3344779
2229	-1
2230	3346604
2231	3348430
2232	-1
2233	3350255
2234	-1
2235	3352081
2236	-1
2237	3353907
2238	-1
2239	3355732
2240	-1
2241	3357558
2242	3359383
2243	-1
2244	3361209
2245	-1
2246	3363035
2247	-1
2248	3364860
2249	-1
2250	3366686
2251	3368511
2252	-1
2253	3370337
2254	-1
2255	3372163
2256	-1
2257	3373988
2258	-1
2259	3375814
2260	-1
2261	3377639
2262	3379465
2263	-1
2264	3381291
2265	-1
2266	3383116
2267	-1
2268	3384942
2269	-1
2270	3386767
2271	-1
2272	3388593
2273	3390419
2274	-1
2275	3392244
2276	-1
2277	3394070
2278	-1
2279	3395895
2280	-1
2281	3397721
2282	-1
2283	3399547
2284	3401372
2285	-1
2286	3403198
2287	-1
2288	3405023
2289	-1
2290	3406849
2291	-1
2292	3408675
2293	3410500
2294	-1
2295	3412326
2296	-1
2297	3414151
2298	-1
2299	3415977
2300	-1
2301	3417803
2302	-1
2303	3419628
2304	3421454
2305	-1
2306	3423279
2307	-1
2308	3425105
2309	-1
2310	3426931
2311	-1
2312	3428756
2313	-1
2314	3430582
2315	3432407
2316	-1
2317	3434233
2318	-1
2319	3436059
2320	-1
2321	3437884
2322	-1
2323	3439710
2324	3441535
2325	-1
2326	3443361
2327	-1
2328	3445187
2329	-1
2330	3447012
2331	-1
2332	3448838
2333	-1
2334	3450663
2335	3452489
2336	-1
2337	3454315
2338	-1
2339	3456140
2340	-1
2341	3457966
2342	-1
2343	3459791
2344	-1
2345	3461617
2346	3463443
2347	-1
2348	3465268
2349	-1
2350	3467094
2351	-1
2352	3468919
2353	-1
2354	3470745
2355	-1
2356	3472571
2357	3474396
2358	-1
2359	3476222
2360	-1
2361	3478047
2362	-1
2363	3479873
2364	-1
2365	3481699
2366	3483524
2367	-1
2368	3485350
2369	-1
2370	3487175
2371	-1
2372	3489001
2373	-1
2374	3490827
2375	-1
2376	3492652
2377	3494478
2378	-1
2379	3496303
2380	-1
2381	3498129
2382	-1
2383	3499955
2384	-1
2385	3501780
2386	-1
2387	3503606
2388	3505431
2389	-1
2390	3507257
2391	-1
2392	3509083
2393	-1
2394	3510908
2395	-1
2396	3512734
2397	-1
2398	3514559
2399	3516385
2400	-1
2401	3518211
2402	-1
2403	3520036
2404	-1
2405	3521862
2406	-1
2407	3523687
2408	3525513
2409	-1
2410	3527339
2411	-1
2412	3529164
2413	-1
2414	3530990
2415	-1
2416	3532815
2417	-1
2418	3534641
2419	3536467
2420	-1
2421	3538292
2422	-1
2423	3540118
2424	-1
2425	3541943
2426	-1
2427	3543769
2428	-1
2429	3545595
2430	3547420
2431	-1
2432	3549246
2433	-1
2434	3551071
2435	-1
2436	3552897
2437	-1
2438	3554723
2439	-1
2440	3556548
2441	3558374
2442	-1
2443	3560199
2444	-1
2445	3562025
2446	-1
2447	3563851
2448	-1
2449	3565676
2450	3567502
2451	-1
2452	3569327
2453	-1
2454	3571153
2455	-1
2456	3572979
2457	-1
2458	3574804
2459	-1
2460	3576630
2461	3578455
2462	-1
2463	3580281
2464	-1
2465	3582107
2466	-1
2467	3583932
2468	-1
2469	3585758
2470	-1
2471	3587583
2472	3589409
2473	-1
2474	3591235
2475	-1
2476	3593060
2477	-1
2478	3594886
2479	-1
2480	3596711
2481	3598537
2482	-1
2483	3600363
2484	-1
2485	3602188
2486	-1
2487	3604014
2488	-1
2489	3605839
2490	-1
2491	3607665
2492	3609491
2493	-1
2494	3611316
2495	-1
2496	3613142
2497	-1
2498	3614967
2499	-1
2500	3616793
2501	-1
2502	3618619
2503	3620444
2504	-1
2505	3622270
2506	-1
2507	3624095
2508	-1
2509	3625921
2510	-1
2511	3627747
2512	-1
2513	3629572
2514	3631398
2515	-1
2516	3633223
2517	-1
2518	3635049
2519	-1
2520	3636875
2521	-1
2522	3638700
2523	3640526
2524	-1
2525	3642351
2526	-1
2527	3644177
2528	-1
2529	3646003
2530	-1
2531	3647828
2532	-1
2533	3649654
2534	3651479
2535	-1
2536	3653305
2537	-1
2538	3655131
2539	-1
2540	3656956
2541	-1
2542	3658782
2543	-1
2544	3660607
2545	3662433
2546	-1
2547	3664259
2548	-1
2549	3666084
2550	-1
2551	3667910
2552	-1
2553	3669735
2554	-1
2555	3671561
2556	3673387
2557	-1
2558	3675212
2559	-1
2560	3677038
2561	-1
2562	3678863
2563	-1
2564	3680689
2565	3682515
2566	-1
2567	3684340
2568	-1
2569	3686166
2570	-1
2571	3687991
2572	-1
2573	3689817
2574	-1
2575	3691643
2576	3693468
2577	-1
2578	3695294
2579	-1
2580	3697119
2581	-1
2582	3698945
2583	-1
2584	3700771
2585	-1
2586	3702596
2587	3704422
2588	-1
2589	3706247
2590	-1
2591	3708073
2592	-1
2593	3709899
2594	-1
2595	3711724
2596	-1
2597	3713550
2598	3715375
2599	-1
2600	3717201
2601	-1
2602	3719027
2603	-1
2604	3720852
2605	-1
2606	3722678
2607	3724503
2608	-1
2609	3726329
2610	-1
2611	3728155
2612	-1
2613	3729980
2614	-1
2615	3731806
2616	-1
2617	3733631
2618	3735457
2619	-1
2620	3737283
2621	-1
2622	3739108
2623	-1
2624	3740934
2625	-1
2626	3742759
2627	-1
2628	3744585
2629	3746411
2630	-1
2631	3748236
2632	-1
2633	3750062
2634	-1
2635	3751887
2636	-1
2637	3753713
2638	3755539
2639	-1
2640	3757364
2641	-1
2642	3759190
2643	-1
2644	3761015
2645	-1
2646	3762841
2647	-1
2648	3764667
2649	3766492
2650	-1
2651	3768318
2652	-1
2653	3770143
2654	-1
2655	3771969
2656	-1
2657	3773795
2658	-1
2659	3775620
2660	3777446
2661	-1
2662	3779271
2663	-1
2664	3781097
2665	-1
2666	3782923
2667	-1
2668	3784748
2669	-1
2670	3786574
2671	3788399
2672	-1
2673	3790225
2674	-1
2675	3792051
2676	-1
2677	3793876
2678	-1
2679	3795702
2680	3797527
2681	-1
2682	3799353
2683	-1
2684	3801179
2685	-1
2686	3803004
2687	-1
2688	3804830
2689	-1
2690	3806655
2691	3808481
2692	-1
2693	3810307
2694	-1
2695	3812132
2696	-1
2697	3813958
2698	-1
2699	3815783
2700	-1
2701	3817609
2702	3819435
2703	-1
2704	3821260
2705	-1
2706	3823086
2707	-1
2708	3824911
2709	-1
2710	3826737
2711	-1
2712	3828563
2713	3830388
2714	-1
2715	3832214
2716	-1
2717	3834039
2718	-1
2719	3835865
2720	-1
2721	3837691
2722	3839516
2723	-1
2724	3841342
2725	-1
2726	3843167
2727	-1
2728	3844993
2729	-1
2730	3846819
2731	-1
2732	3848644
2733	3850470
2734	-1
2735	3852295
2736	-1
2737	3854121
2738	-1
2739	3855947
2740	-1
2741	3857772
2742	-1
2743	3859598
2744	3861423
2745	-1
2746	3863249
2747	-1
2748	3865075
2749	-1
2750	3866900
2751	-1
2752	3868726
2753	-1
2754	3870551
2755	3872377
2756	-1
2757	3874203
2758	-1
2759	3876028
2760	-1
2761	3877854
2762	-1
2763	3879679
2764	3881505
2765	-1
2766	3883331
2767	-1
2768	3885156
2769	-1
2770	3886982
2771	-1
2772	3888807
2773	-1
2774	3890633
2775	3892459
2776	-1
2777	3894284
2778	-1
2779	3896110
2780	-1
2781	3897935
2782	-1
2783	3899761
2784	-1
2785	3901587
2786	3903412
2787	-1
2788	3905238
2789	-1
2790	3907063
2791	-1
2792	3908889
2793	-1
2794	3910715
2795	3912540
2796	-1
2797	3914366
2798	-1
2799	3916191
2800	-1
2801	3918017
2802	-1
2803	3919843
2804	-1
2805	3921668
2806	3923494
2807	-1
2808	3925319
2809	-1
2810	3927145
2811	-1
2812	3928971
2813	-1
2814	3930796
2815	-1
2816	3932622
2817	3934447
2818	-1
2819	3936273
2820	-1
2821	3938099
2822	-1
2823	3939924
2824	-1
2825	3941750
2826	-1
2827	3943575
2828	3945401
2829	-1
2830	3947227
2831	-1
2832	3949052
2833	-1
2834	3950878
2835	-1
2836	3952703
2837	3954529
2838	-1
2839	3956355
2840	-1
2841	3958180
2842	-1
2843	3960006
2844	-1
2845	3961831
2846	-1
2847	3963657
2848	3965483
2849	-1
2850	3967308
2851	-1
2852	3969134
2853	-1
2854	3970959
2855	-1
2856	3972785
2857	-1
2858	3974611
2859	3976436
2860	-1
2861	3978262
2862	-1
2863	3980087
2864	-1
2865	3981913
2866	-1
2867	3983739
2868	-1
2869	3985564
2870	3987390
2871	-1
2872	3989215
2873	-1
2874	3991041
2875	-1
2876	3992867
2877	-1
2878	3994692
2879	3996518
2880	-1
2881	3998343
2882	-1
2883	4000169
2884	-1
2885	4001995
2886	-1
2887	4003820
2888	-1
2889	4005646
2890	4007471
2891	-1
2892	4009297
2893	-1
2894	4011123
2895	-1
2896	4012948
2897	-1
2898	4014774
2899	-1
2900	4016599
2901	4018425
2902	-1
2903	4020251
2904	-1
2905	4022076
2906	-1
2907	4023902
2908	-1
2909	4025727
2910	-1
2911	4027553
2912	4029379
2913	-1
2914	4031204
2915	-1
2916	4033030
2917	-1
2918	4034855
2919	-1
2920	4036681
2921	4038507
2922	-1
2923	4040332
2924	-1
2925	4042158
2926	-1
2927	4043983
2928	-1
2929	4045809
2930	-1
2931	4047635
2932	4049460
2933	-1
2934	4051286
2935	-1
2936	4053111
2937	-1
2938	4054937
2939	-1
2940	4056763
2941	-1
2942	4058588
2943	4060414
2944	-1
2945	4062239
2946	-1
2947	4064065
2948	-1
2949	4065891
2950	-1
2951	4067716
2952	4069542
2953	-1
2954	4071367
2955	-1
2956	4073193
2957	-1
2958	4075019
2959	-1
2960	4076844
2961	-1
2962	4078670
2963	4080495
2964	-1
2965	4082321
2966	-1
2967	4084147
2968	-1
2969	4085972
2970	-1
2971	4087798
2972	-1
2973	4089623
2974	4091449
2975	-1
2976	4093275
2977	-1
2978	4095100
2979	-1
2980	4096926
2981	-1
2982	4098751
2983	-1
2984	4100577
2985	4102403
2986	-1
2987	4104228
2988	-1
2989	4106054
2990	-1
2991	4107879
2992	-1
2993	4109705
2994	4111531
2995	-1
2996	4113356
2997	-1
2998	4115182
2999	-1
3000	4117007
3001	-1
3002	4118833
3003	-1
3004	4120659
3005	4122484
3006	-1
3007	4124310
3008	-1
3009	4126135
3010	-1
3011	4127961
3012	-1
3013	4129787
3014	-1
3015	4131612
3016	4133438
3017	-1
3018	4135263
3019	-1
3020	4137089
3021	-1
3022	4138915
3023	-1
3024	4140740
3025	-1
3026	4142566
3027	4144391
3028	-1
3029	4146217
3030	-1
3031	4148043
3032	-1
3033	4149868
3034	-1
3035	4151694
3036	4153519
3037	-1
3038	4155345
3039	-1
3040	4157171
3041	-1
3042	4158996
3043	-1
3044	4160822
3045	-1
3046	4162647
3047	4164473
3048	-1
3049	4166299
3050	-1
3051	4168124
3052	-1
3053	4169950
3054	-1
3055	4171775
3056	-1
3057	4173601
3058	4175427
3059	-1
3060	4177252
3061	-1
3062	4179078
3063	-1
3064	4180903
3065	-1
3066	4182729
3067	-1
3068	4184555
3069	4186380
3070	-1
3071	4188206
3072	-1
3073	4190031
3074	-1
3075	4191857
3076	-1
3077	4193683
3078	4195508
3079	-1
3080	4197334
3081	-1
3082	4199159
3083	-1
3084	4200985
3085	-1
3086	4202811
3087	-1
3088	4204636
3089	4206462
3090	-1
3091	4208287
3092	-1
3093	4210113
3094	-1
3095	4211939
3096	-1
3097	4213764
3098	-1
3099	4215590
3100	4217415
3101	-1
3102	4219241
3103	-1
3104	4221067
3105	-1
3106	4222892
3107	-1
3108	4224718
3109	-1
3110	4226543
3111	4228369
3112	-1
3113	4230195
3114	-1
3115	4232020
3116	-1
3117	4233846
3118	-1
3119	4235671
3120	4237497
3121	-1
3122	4239323
3123	-1
3124	4241148
3125	-1
3126	4242974
3127	-1
3128	4244799
3129	-1
3130	4246625
3131	4248451
3132	-1
3133	4250276
3134	-1
3135	4252102
3136	-1
3137	4253927
3138	-1
3139	4255753
3140	-1
3141	4257579
3142	4259404
3143	-1
3144	4261230
3145	-1
3146	4263055
3147	-1
3148	4264881
3149	-1
3150	4266707
3151	4268532
3152	-1
3153	4270358
3154	-1
3155	4272183
3156	-1
3157	4274009
3158	-1
3159	4275835
3160	-1
3161	4277660
3162	4279486
3163	-1
3164	4281311
3165	-1
3166	4283137
3167	-1
3168	4284963
3169	-1
3170	4286788
3171	-1
3172	4288614
3173	4290439
3174	-1
3175	4292265
3176	-1
3177	4294091
3178	-1
3179	4295916
3180	-1
3181	4297742
3182	-1
3183	4299567
3184	4301393
3185	-1
3186	4303219
3187	-1
3188	4305044
3189	-1
3190	4306870
3191	-1
3192	4308695
3193	4310521
3194	-1
3195	4312347
3196	-1
3197	4314172
3198	-1
3199	4315998
3200	-1
3201	4317823
3202	-1
3203	4319649
3204	4321475
3205	-1
3206	4323300
3207	-1
3208	4325126
3209	-1
3210	4326951
3211	-1
3212	4328777
3213	-1
3214	4330603
3215	4332428
3216	-1
3217	4334254
3218	-1
3219	4336079
3220	-1
3221	4337905
3222	-1
3223	4339731
3224	-1
3225	4341556
3226	4343382
3227	-1
3228	4345207
3229	-1
3230	4347033
3231	-1
3232	4348859
3233	-1
3234	4350684
3235	4352510
3236	-1
3237	4354335
3238	-1
3239	4356161
3240	-1
3241	4357987
3242	-1
3243	4359812
3244	-1
3245	4361638
3246	4363463
3247	-1
3248	4365289
3249	-1
3250	4367115
3251	-1
3252	4368940
3253	-1
3254	4370766
3255	-1
3256	4372591
3257	4374417
3258	-1
3259	4376243
3260	-1
3261	4378068
3262	-1
3263	4379894
3264	-1
3265	4381719
3266	-1
3267	4383545
3268	4385371
3269	-1
3270	4387196
3271	-1
3272	4389022
3273	-1
3274	4390847
3275	-1
3276	4392673
3277	4394499
3278	-1
3279	4396324
3280	-1
3281	4398150
3282	-1
3283	4399975
3284	-1
3285	4401801
3286	-1
3287	4403627
3288	4405452
3289	-1
3290	4407278
3291	-1
3292	4409103
3293	-1
3294	4410929
3295	-1
3296	4412755
3297	-1
3298	4414580
3299	4416406
3300	-1
3301	4418231
3302	-1
3303	4420057
3304	-1
3305	4421883
3306	-1
3307	4423708
3308	4425534
3309	-1
3310	4427359
3311	-1
3312	4429185
3313	-1
3314	4431011
3315	-1
3316	4432836
3317	-1
3318	4434662
3319	4436487
3320	-1
3321	4438313
3322	-1
3323	4440139
3324	-1
3325	4441964
3326	-1
3327	4443790
3328	-1
3329	4445615
3330	4447441
3331	-1
3332	4449267
3333	-1
3334	4451092
3335	-1
3336	4452918
3337	-1
3338	4454743
3339	-1
3340	4456569
3341	4458395
3342	-1
3343	4460220
3344	-1
3345	4462046
3346	-1
3347	4463871
3348	-1
3349	4465697
3350	4467523
3351	-1
3352	4469348
3353	-1
3354	4471174
3355	-1
3356	4472999
3357	-1
3358	4474825
3359	-1
3360	4476651
3361	4478476
3362	-1
3363	4480302
3364	-1
3365	4482127
3366	-1
3367	4483953
3368	-1
3369	4485779
3370	-1
3371	4487604
3372	4489430
3373	-1
3374	4491255
3375	-1
3376	4493081
3377	-1
3378	4494907
3379	-1
3380	4496732
3381	-1
3382	4498558
3383	4500383
3384	-1
3385	4502209
3386	-1
3387	4504035
3388	-1
3389	4505860
3390	-1
3391	4507686
3392	4509511
3393	-1
3394	4511337
3395	-1
3396	4513163
3397	-1
3398	4514988
3399	-1
3400	4516814
3401	-1
3402	4518639
3403	4520465
3404	-1
3405	4522291
3406	-1
3407	4524116
3408	-1
3409	4525942
3410	-1
3411	4527767
3412	-1
3413	4529593
3414	4531419
3415	-1
3416	4533244
3417	-1
3418	4535070
3419	-1
3420	4536895
3421	-1
3422	4538721
3423	-1
3424	4540547
3425	4542372
3426	-1
3427	4544198
3428	-1
3429	4546023
3430	-1
3431	4547849
3432	-1
3433	4549675
3434	4551500
3435	-1
3436	4553326
3437	-1
3438	4555151
3439	-1
3440	4556977
3441	-1
3442	4558803
3443	-1
3444	4560628
3445	4562454
3446	-1
3447	4564279
3448	-1
3449	4566105
3450	-1
3451	4567931
3452	-1
3453	4569756
3454	-1
3455	4571582
3456	4573407
3457	-1
3458	4575233
3459	-1
3460	4577059
3461	-1
3462	4578884
3463	-1
3464	4580710
3465	4582535
3466	-1
3467	4584361
3468	-1
3469	4586187
3470	-1
3471	4588012
3472	-1
3473	4589838
3474	-1
3475	4591663
3476	4593489
3477	-1
3478	4595315
3479	-1
3480	4597140
3481	-1
3482	4598966
3483	-1
3484	4600791
3485	-1
3486	4602617
3487	4604443
3488	-1
3489	4606268
3490	-1
3491	4608094
3492	-1
3493	4609919
3494	-1
3495	4611745
3496	-1
3497	4613571
3498	4615396
3499	-1
3500	4617222
3501	-1
3502	4619047
3503	-1
3504	4620873
3505	-1
3506	4622699
3507	4624524
3508	-1
3509	4626350
3510	-1
3511	4628175
3512	-1
3513	4630001
3514	-1
3515	4631827
3516	-1
3517	4633652
3518	4635478
3519	-1
3520	4637303
3521	-1
3522	4639129
3523	-1
3524	4640955
3525	-1
3526	4642780
3527	-1
3528	4644606
3529	4646431
3530	-1
3531	4648257
3532	-1
3533	4650083
3534	-1
3535	4651908
3536	-1
3537	4653734
3538	-1
3539	4655559
3540	4657385
3541	-1
3542	4659211
3543	-1
3544	4661036
3545	-1
3546	4662862
3547	-1
3548	4664687
3549	4666513
3550	-1
3551	4668339
3552	-1
3553	4670164
3554	-1
3555	4671990
3556	-1
3557	4673815
3558	-1
3559	4675641
3560	4677467
3561	-1
3562	4679292
3563	-1
3564	4681118
3565	-1
3566	4682943
3567	-1
3568	4684769
3569	-1
3570	4686595
3571	4688420
3572	-1
3573	4690246
3574	-1
3575	4692071
3576	-1
3577	4693897
3578	-1
3579	4695723
3580	-1
3581	4697548
3582	4699374
3583	-1
3584	4701199
3585	-1
3586	4703025
3587	-1
3588	4704851
3589	-1
3590	4706676
3591	4708502
3592	-1
3593	4710327
3594	-1
3595	4712153
3596	-1
3597	4713979
3598	-1
3599	4715804
3600	-1
3601	4717630
3602	4719455
3603	-1
3604	4721281
3605	-1
3606	4723107
3607	-1
3608	4724932
3609	-1
3610	4726758
3611	-1
3612	4728583
3613	4730409
3614	-1
3615	4732235
3616	-1
3617	4734060
3618	-1
3619	4735886
3620	-1
3621	4737711
3622	4739537
3623	-1
3624	4741363
3625	-1
3626	4743188
3627	-1
3628	4745014
3629	-1
3630	4746839
3631	-1
3632	4748665
3633	4750491
3634	-1
3635	4752316
3636	-1
3637	4754142
3638	-1
3639	4755967
3640	-1
3641	4757793
3642	-1
3643	4759619
3644	4761444
3645	-1
3646	4763270
3647	-1
3648	4765095
3649	-1
3650	4766921
3651	-1
3652	4768747
3653	-1
3654	4770572
3655	4772398
3656	-1
3657	4774223
3658	-1
3659	4776049
3660	-1
3661	4777875
3662	-1
3663	4779700
3664	4781526
3665	-1
3666	4783351
3667	-1
3668	4785177
3669	-1
3670	4787003
3671	-1
3672	4788828
3673	-1
3674	4790654
3675	4792479
3676	-1
3677	4794305
3678	-1
3679	4796131
3680	-1
3681	4797956
3682	-1
3683	4799782
3684	-1
3685	4801607
3686	4803433
3687	-1
3688	4805259
3689	-1
3690	4807084
3691	-1
3692	4808910
3693	-1
3694	4810735
3695	-1
3696	4812561
3697	4814387
3698	-1
3699	4816212
3700	-1
3701	4818038
3702	-1
3703	4819863
3704	-1
3705	4821689
3706	4823515
3707	-1
3708	4825340
3709	-1
3710	4827166
3711	-1
3712	4828991
3713	-1
3714	4830817
3715	-1
3716	4832643
3717	4834468
3718	-1
3719	4836294
3720	-1
3721	4838119
3722	-1
3723	4839945
3724	-1
3725	4841771
3726	-1
3727	4843596
3728	4845422
3729	-1
3730	4847247
3731	-1
3732	4849073
3733	-1
3734	4850899
3735	-1
3736	4852724
3737	-1
3738	4854550
3739	4856375
3740	-1
3741	4858201
3742	-1
3743	4860027
3744	-1
3745	4861852
3746	-1
3747	4863678
3748	4865503
3749	-1
3750	4867329
3751	-1
3752	4869155
3753	-1
3754	4870980
3755	-1
3756	4872806
3757	-1
3758	4874631
3759	4876457
3760	-1
3761	4878283
3762	-1
3763	4880108
3764	-1
3765	4881934
3766	-1
3767	4883759
3768	-1
3769	4885585
3770	4887411
3771	-1
3772	4889236
3773	-1
3774	4891062
3775	-1
3776	4892887
3777	-1
3778	4894713
3779	4896539
3780	-1
3781	4898364
3782	-1
3783	4900190
3784	-1
3785	4902015
3786	-1
3787	4903841
3788	-1
3789	4905667
3790	4907492
3791	-1
3792	4909318
3793	-1
3794	4911143
3795	-1
3796	4912969
3797	-1
3798	4914795
3799	-1
3800	4916620
3801	4918446
3802	-1
3803	4920271
3804	-1
3805	4922097
3806	-1
3807	4923923
3808	-1
3809	4925748
3810	-1
3811	4927574
3812	4929399
3813	-1
3814	4931225
3815	-1
3816	4933051
3817	-1
3818	4934876
3819	-1
3820	4936702
3821	4938527
3822	-1
3823	4940353
3824	-1
3825	4942179
3826	-1
3827	4944004
3828	-1
3829	4945830
3830	-1
3831	4947655
3832	4949481
3833	-1
3834	4951307
3835	-1
3836	4953132
3837	-1
3838	4954958
3839	-1
3840	4956783
3841	-1
3842	4958609
3843	4960435
3844	-1
3845	4962260
3846	-1
3847	4964086
3848	-1
3849	4965911
3850	-1
3851	4967737
3852	-1
3853	4969563
3854	4971388
3855	-1
3856	4973214
3857	-1
3858	4975039
3859	-1
3860	4976865
3861	-1
3862	4978691
3863	4980516
3864	-1
3865	4982342
3866	-1
3867	4984167
3868	-1
3869	4985993
3870	-1
3871	4987819
3872	-1
3873	4989644
3874	4991470
3875	-1
3876	4993295
3877	-1
3878	4995121
3879	-1
3880	4996947
3881	-1
3882	4998772
3883	-1
3884	5000598
3885	5002423
3886	-1
3887	5004249
3888	-1
3889	5006075
3890	-1
3891	5007900
3892	-1
3893	5009726
3894	-1
3895	5011551
3896	5013377
3897	-1
3898	5015203
3899	-1
3900	5017028
3901	-1
3902	5018854
3903	-1
3904	5020679
3905	5022505
3906	-1
3907	5024331
3908	-1
3909	5026156
3910	-1
3911	5027982
3912	-1
3913	5029807
3914	-1
3915	5031633
3916	5033459
3917	-1
3918	5035284
3919	-1
3920	5037110
3921	-1
3922	5038935
3923	-1
3924	5040761
3925	-1
3926	5042587
3927	5044412
3928	-1
3929	5046238
3930	-1
3931	5048063
3932	-1
3933	5049889
3934	-1
3935	5051715
3936	5053540
3937	-1
3938	5055366
3939	-1
3940	5057191
3941	-1
3942	5059017
3943	-1
3944	5060843
3945	-1
3946	5062668
3947	5064494
3948	-1
3949	5066319
3950	-1
3951	5068145
3952	-1
3953	5069971
3954	-1
3955	5071796
3956	-1
3957	5073622
3958	5075447
3959	-1
3960	5077273
3961	-1
3962	5079099
3963	-1
3964	5080924
3965	-1
3966	5082750
3967	-1
3968	5084575
3969	5086401
3970	-1
3971	5088227
3972	-1
3973	5090052
3974	-1
3975	5091878
3976	-1
3977	5093703
3978	5095529
3979	-1
3980	5097355
3981	-1
3982	5099180
3983	-1
3984	5101006
3985	-1
3986	5102831
3987	-1
3988	5104657
3989	5106483
3990	-1
3991	5108308
3992	-1
3993	5110134
3994	-1
3995	5111959
3996	-1
3997	5113785
3998	-1
3999	5115611
4000	5117436
4001	-1
4002	5119262
4003	-1
4004	5121087
4005	-1
4006	5122913
4007	-1
4008	5124739
4009	-1
4010	5126564
4011	5128390
4012	-1
4013	5130215
4014	-1
4015	5132041
4016	-1
4017	5133867
4018	-1
4019	5135692
4020	5137518
4021	-1
4022	5139343
4023	-1
4024	5141169
4025	-1
4026	5142995
4027	-1
4028	5144820
4029	-1
4030	5146646
4031	5148471
4032	-1
4033	5150297
4034	-1
4035	5152123
4036	-1
4037	5153948
4038	-1
4039	5155774
4040	-1
4041	5157599
4042	5159425
4043	-1
4044	5161251
4045	-1
4046	5163076
4047	-1
4048	5164902
4049	-1
4050	5166727
4051	-1
4052	5168553
4053	5170379
4054	-1
4055	5172204
4056	-1
4057	5174030
4058	-1
4059	5175855
4060	-1
4061	5177681
4062	5179507
4063	-1
4064	5181332
4065	-1
4066	5183158
4067	-1
4068	5184983
4069	-1
4070	5186809
4071	-1
4072	5188635
4073	5190460
4074	-1
4075	5192286
4076	-1
4077	5194111
4078	-1
4079	5195937
4080	-1
4081	5197763
4082	-1
4083	5199588
4084	5201414
4085	-1
4086	5203239
4087	-1
4088	5205065
4089	-1
4090	5206891
4091	-1
4092	5208716
4093	5210542
4094	-1
4095	5212367
4096	-1
4097	5214193
4098	-1
4099	5216019
4100	-1
4101	5217844
4102	-1
4103	5219670
4104	5221495
4105	-1
4106	5223321
4107	-1
4108	5225147
4109	-1
4110	5226972
4111	-1
4112	5228798
4113	-1
4114	5230623
4115	5232449
4116	-1
4117	5234275
4118	-1
4119	5236100
4120	-1
4121	5237926
4122	-1
4123	5239751
4124	-1
4125	5241577
4126	5243403
4127	-1
4128	5245228
4129	-1
4130	5247054
4131	-1
4132	5248879
4133	-1
4134	5250705
4135	5252531
4136	-1
4137	5254356
4138	-1
4139	5256182
4140	-1
4141	5258007
4142	-1
4143	5259833
4144	-1
4145	5261659
4146	5263484
4147	-1
4148	5265310
4149	-1
4150	5267135
4151	-1
4152	5268961
4153	-1
4154	5270787
4155	-1
4156	5272612
4157	5274438
4158	-1
4159	5276263
4160	-1
4161	5278089
4162	-1
4163	5279915
4164	-1
4165	5281740
4166	-1
4167	5283566
4168	5285391
4169	-1
4170	5287217
4171	-1
4172	5289043
4173	-1
4174	5290868
4175	-1
4176	5292694
4177	5294519
4178	-1
4179	5296345
4180	-1
4181	5298171
4182	-1
4183	5299996
4184	-1
4185	5301822
4186	-1
4187	5303647
4188	5305473
4189	-1
4190	5307299
4191	-1
4192	5309124
4193	-1
4194	5310950
4195	-1
4196	5312775
4197	-1
4198	5314601
4199	5316427
4200	-1
4201	5318252
4202	-1
4203	5320078
4204	-1
4205	5321903
4206	-1
4207	5323729
4208	-1
4209	5325555
4210	5327380
4211	-1
4212	5329206
4213	-1
4214	5331031
4215	-1
4216	5332857
4217	-1
4218	5334683
4219	5336508
4220	-1
4221	5338334
4222	-1
4223	5340159
4224	-1
4225	5341985
4226	-1
4227	5343811
4228	-1
4229	5345636
4230	5347462
4231	-1
4232	5349287
4233	-1
4234	5351113
4235	-1
4236	5352939
4237	-1
4238	5354764
4239	-1
4240	5356590
4241	5358415
4242	-1
4243	5360241
4244	-1
4245	5362067
4246	-1
4247	5363892
4248	-1
4249	5365718
4250	-1
4251	5367543
4252	5369369
4253	-1
4254	5371195
4255	-1
4256	5373020
4257	-1
4258	5374846
4259	-1
4260	5376671
4261	5378497
4262	-1
4263	5380323
4264	-1
4265	5382148
4266	-1
4267	5383974
4268	-1
4269	5385799
4270	-1
4271	5387625
4272	5389451
4273	-1
4274	5391276
4275	-1
4276	5393102
4277	-1
4278	5394927
4279	-1
4280	5396753
4281	-1
4282	5398579
4283	5400404
4284	-1
4285	5402230
4286	-1
4287	5404055
4288	-1
4289	5405881
4290	-1
4291	5407707
4292	5409532
4293	-1
4294	5411358
4295	-1
4296	5413183
4297	-1
4298	5415009
4299	-1
4300	5416835
4301	-1
4302	5418660
4303	5420486
4304	-1
4305	5422311
4306	-1
4307	5424137
4308	-1
4309	5425963
4310	-1
4311	5427788
4312	-1
4313	5429614
4314	5431439
4315	-1
4316	5433265
4317	-1
4318	5435091
4319	-1
4320	5436916
4321	-1
4322	5438742
4323	-1
4324	5440567
4325	5442393
4326	-1
4327	5444219
4328	-1
4329	5446044
4330	-1
4331	5447870
4332	-1
4333	5449695
4334	5451521
4335	-1
4336	5453347
4337	-1
4338	5455172
4339	-1
4340	5456998
4341	-1
4342	5458823
4343	-1
4344	5460649
4345	5462475
4346	-1
4347	5464300
4348	-1
4349	5466126
4350	-1
4351	5467951
4352	-1
4353	5469777
4354	-1
4355	5471603
4356	5473428
4357	-1
4358	5475254
4359	-1
4360	5477079
4361	-1
4362	5478905
4363	-1
4364	5480731
4365	-1
4366	5482556
4367	5484382
4368	-1
4369	5486207
4370	-1
4371	5488033
4372	-1
4373	5489859
4374	-1
4375	5491684
4376	5493510
4377	-1
4378	5495335
4379	-1
4380	5497161
4381	-1
4382	5498987
4383	-1
4384	5500812
4385	-1
4386	5502638
4387	5504463
4388	-1
4389	5506289
4390	-1
4391	5508115
4392	-1
4393	5509940
4394	-1
4395	5511766
4396	-1
4397	5513591
4398	5515417
4399	-1
4400	5517243
4401	-1
4402	5519068
4403	-1
4404	5520894
4405	-1
4406	5522719
4407	-1
4408	5524545
4409	5526371
4410	-1
4411	5528196
4412	-1
4413	5530022
4414	-1
4415	5531847
4416	-1
4417	5533673
4418	5535499
4419	-1
4420	5537324
4421	-1
4422	5539150
4423	-1
4424	5540975
4425	-1
4426	5542801
4427	-1
4428	5544627
4429	5546452
4430	-1
4431	5548278
4432	-1
4433	5550103
4434	-1
4435	5551929
4436	-1
4437	5553755
4438	-1
4439	5555580
4440	5557406
4441	-1
4442	5559231
4443	-1
4444	5561057
4445	-1
4446	5562883
4447	-1
4448	5564708
4449	5566534
4450	-1
4451	5568359
4452	-1
4453	5570185
4454	-1
4455	5572011
4456	-1
4457	5573836
4458	-1
4459	5575662
4460	5577487
4461	-1
4462	5579313
4463	-1
4464	5581139
4465	-1
4466	5582964
4467	-1
4468	5584790
4469	-1
4470	5586615
4471	5588441
4472	-1
4473	5590267
4474	-1
4475	5592092
4476	-1
4477	5593918
4478	-1
4479	5595743
4480	-1
4481	5597569
4482	5599395
4483	-1
4484	5601220
4485	-1
4486	5603046
4487	-1
4488	5604871
4489	-1
4490	5606697
4491	5608523
4492	-1
4493	5610348
4494	-1
4495	5612174
4496	-1
4497	5613999
4498	-1
4499	5615825
4500	-1
4501	5617651
4502	5619476
4503	-1
4504	5621302
4505	-1
4506	5623127
4507	-1
4508	5624953
4509	-1
4510	5626779
4511	-1
4512	5628604
4513	5630430
4514	-1
4515	5632255
4516	-1
4517	5634081
4518	-1
4519	5635907
4520	-1
4521	5637732
4522	-1
4523	5639558
4524	5641383
4525	-1
4526	5643209
4527	-1
4528	5645035
4529	-1
4530	5646860
4531	-1
4532	5648686
4533	5650511
4534	-1
4535	5652337
4536	-1
4537	5654163
4538	-1
4539	5655988
4540	-1
4541	5657814
4542	-1
4543	5659639
4544	5661465
4545	-1
4546	5663291
4547	-1
4548	5665116
4549	-1
4550	5666942
4551	-1
4552	5668767
4553	-1
4554	5670593
4555	5672419
4556	-1
4557	5674244
4558	-1
4559	5676070
4560	-1
4561	5677895
4562	-1
4563	5679721
4564	-1
4565	5681547
4566	5683372
4567	-1
4568	5685198
4569	-1
4570	5687023
4571	-1
4572	5688849
4573	-1
4574	5690675
4575	5692500
4576	-1
4577	5694326
4578	-1
4579	5696151
4580	-1
4581	5697977
4582	-1
4583	5699803
4584	-1
4585	5701628
4586	5703454
4587	-1
4588	5705279
4589	-1
4590	5707105
4591	-1
4592	5708931
4593	-1
4594	5710756
4595	-1
4596	5712582
4597	5714407
4598	-1
4599	5716233
4600	-1
4601	5718059
4602	-1
4603	5719884
4604	-1
4605	5721710
4606	5723535
4607	-1
4608	5725361
4609	-1
4610	5727187
4611	-1
4612	5729012
4613	-1
4614	5730838
4615	-1
4616	5732663
4617	5734489
4618	-1
4619	5736315
4620	-1
4621	5738140
4622	-1
4623	5739966
4624	-1
4625	5741791
4626	-1
4627	5743617
4628	5745443
4629	-1
4630	5747268
4631	-1
4632	5749094
4633	-1
4634	5750919
4635	-1
4636	5752745
4637	-1
4638	5754571
4639	5756396
4640	-1
4641	5758222
4642	-1
4643	5760047
4644	-1
4645	5761873
4646	-1
4647	5763699
4648	5765524
4649	-1
4650	5767350
4651	-1
4652	5769175
4653	-1
4654	5771001
4655	-1
4656	5772827
4657	-1
4658	5774652
4659	5776478
4660	-1
4661	5778303
4662	-1
4663	5780129
4664	-1
4665	5781955
4666	-1
4667	5783780
4668	-1
4669	5785606
4670	5787431
4671	-1
4672	5789257
4673	-1
4674	5791083
4675	-1
4676	5792908
4677	-1
4678	5794734
4679	-1
4680	5796559
4681	5798385
4682	-1
4683	5800211
4684	-1
4685	5802036
4686	-1
4687	5803862
4688	-1
4689	5805687
4690	5807513
4691	-1
4692	5809339
4693	-1
4694	5811164
4695	-1
4696	5812990
4697	-1
4698	5814815
4699	-1
4700	5816641
4701	5818467
4702	-1
4703	5820292
4704	-1
4705	5822118
4706	-1
4707	5823943
4708	-1
4709	5825769
4710	-1
4711	5827595
4712	5829420
4713	-1
4714	5831246
4715	-1
4716	5833071
4717	-1
4718	5834897
4719	-1
4720	5836723
4721	-1
4722	5838548
4723	5840374
4724	-1
4725	5842199
4726	-1
4727	5844025
4728	-1
4729	5845851
4730	-1
4731	5847676
4732	5849502
4733	-1
4734	5851327
4735	-1
4736	5853153
4737	-1
4738	5854979
4739	-1
4740	5856804
4741	-1
4742	5858630
4743	5860455
4744	-1
4745	5862281
4746	-1
4747	5864107
4748	-1
4749	5865932
4750	-1
4751	5867758
4752	-1
4753	5869583
4754	5871409
4755	-1
4756	5873235
4757	-1
4758	5875060
4759	-1
4760	5876886
4761	-1
4762	5878711
4763	5880537
4764	-1
4765	5882363
4766	-1
4767	5884188
4768	-1
4769	5886014
4770	-1
4771	5887839
4772	-1
4773	5889665
4774	5891491
4775	-1
4776	5893316
4777	-1
4778	5895142
4779	-1
4780	5896967
4781	-1
4782	5898793
4783	-1
4784	5900619
4785	5902444
4786	-1
4787	5904270
4788	-1
4789	5906095
4790	-1
4791	5907921
4792	-1
4793	5909747
4794	-1
4795	5911572
4796	5913398
4797	-1
4798	5915223
4799	-1
4800	5917049
4801	-1
4802	5918875
4803	-1
4804	5920700
4805	5922526
4806	-1
4807	5924351
4808	-1
4809	5926177
4810	-1
4811	5928003
4812	-1
4813	5929828
4814	-1
4815	5931654
4816	5933479
4817	-1
4818	5935305
4819	-1
4820	5937131
4821	-1
4822	5938956
4823	-1
4824	5940782
4825	-1
4826	5942607
4827	5944433
4828	-1
4829	5946259
4830	-1
4831	5948084
4832	-1
4833	5949910
4834	-1
4835	5951735
4836	-1
4837	5953561
4838	5955387
4839	-1
4840	5957212
4841	-1
4842	5959038
4843	-1
4844	5960863
4845	-1
4846	5962689
4847	5964515
4848	-1
4849	5966340
4850	-1
4851	5968166
4852	-1
4853	5969991
4854	-1
4855	5971817
4856	-1
4857	5973643
4858	5975468
4859	-1
4860	5977294
4861	-1
4862	5979119
4863	-1
4864	5980945
4865	-1
4866	5982771
4867	-1
4868	5984596
4869	5986422
4870	-1
4871	5988247
4872	-1
4873	5990073
4874	-1
4875	5991899
4876	-1
4877	5993724
4878	-1
4879	5995550
4880	5997375
4881	-1
4882	5999201
4883	-1
4884	6001027
4885	-1
4886	6002852
4887	-1
4888	6004678
4889	6006503
4890	-1
4891	6008329
4892	-1
4893	6010155
4894	-1
4895	6011980
4896	-1
4897	6013806
4898	-1
4899	6015631
4900	6017457
4901	-1
4902	6019283
4903	-1
4904	6021108
4905	-1
4906	6022934
4907	-1
4908	6024759
4909	-1
4910	6026585
4911	6028411
4912	-1
4913	6030236
4914	-1
4915	6032062
4916	-1
4917	6033887
4918	-1
4919	6035713
4920	6037539
4921	-1
4922	6039364
4923	-1
4924	6041190
4925	-1
4926	6043015
4927	-1
4928	6044841
4929	-1
4930	6046667
4931	6048492
4932	-1
4933	6050318
4934	-1
4935	6052143
4936	-1
4937	6053969
4938	-1
4939	6055795
4940	-1
4941	6057620
4942	6059446
4943	-1
4944	6061271
4945	-1
4946	6063097
4947	-1
4948	6064923
4949	-1
4950	6066748
4951	-1
4952	6068574
4953	6070399
4954	-1
4955	6072225
4956	-1
4957	6074051
4958	-1
4959	6075876
4960	-1
4961	6077702
4962	6079527
4963	-1
4964	6081353
4965	-1
4966	6083179
4967	-1
4968	6085004
4969	-1
4970	6086830
4971	-1
4972	6088655
4973	6090481
4974	-1
4975	6092307
4976	-1
4977	6094132
4978	-1
4979	6095958
4980	-1
4981	6097783
4982	-1
4983	6099609
4984	6101435
4985	-1
4986	6103260
4987	-1
4988	6105086
4989	-1
4990	6106911
4991	-1
4992	6108737
4993	-1
4994	6110563
4995	6112388
4996	-1
4997	6114214
4998	-1
4999	6116039
5000	-1
5001	6117865
5002	-1
5003	6119691
5004	6121516
5005	-1
5006	6123342
5007	-1
5008	6125167
5009	-1
5010	6126993
5011	-1
5012	6128819
5013	-1
5014	6130644
5015	6132470
5016	-1
5017	6134295
5018	-1
5019	6136121
5020	-1
5021	6137947
5022	-1
5023	6139772
5024	-1
5025	6141598
5026	6143423
5027	-1
5028	6145249
5029	-1
5030	6147075
5031	-1
5032	6148900
5033	-1
5034	6150726
5035	-1
5036	6152551
5037	6154377
5038	-1
5039	6156203
5040	-1
5041	6158028
5042	-1
5043	6159854
5044	-1
5045	6161679
5046	6163505
5047	-1
5048	6165331
5049	-1
5050	6167156
5051	-1
5052	6168982
5053	-1
5054	6170807
5055	-1
5056	6172633
5057	6174459
5058	-1
5059	6176284
5060	-1
5061	6178110
5062	-1
5063	6179935
5064	-1
5065	6181761
5066	-1
5067	6183587
5068	6185412
5069	-1
5070	6187238
5071	-1
5072	6189063
5073	-1
5074	6190889
5075	-1
5076	6192715
5077	6194540
5078	-1
5079	6196366
5080	-1
5081	6198191
5082	-1
5083	6200017
5084	-1
5085	6201843
5086	-1
5087	6203668
5088	6205494
5089	-1
5090	6207319
5091	-1
5092	6209145
5093	-1
5094	6210971
5095	-1
5096	6212796
5097	-1
5098	6214622
5099	6216447
5100	-1
5101	6218273
5102	-1
5103	6220099
5104	-1
5105	6221924
5106	-1
5107	6223750
5108	-1
5109	6225575
5110	6227401
5111	-1
5112	6229227
5113	-1
5114	6231052
5115	-1
5116	6232878
5117	-1
5118	6234703
5119	6236529
5120	-1
5121	6238355
5122	-1
5123	6240180
5124	-1
5125	6242006
5126	-1
5127	6243831
5128	-1
5129	6245657
5130	6247483
5131	-1
5132	6249308
5133	-1
5134	6251134
5135	-1
5136	6252959
5137	-1
5138	6254785
5139	-1
5140	6256611
5141	6258436
5142	-1
5143	6260262
5144	-1
5145	6262087
5146	-1
5147	6263913
5148	-1
5149	6265739
5150	-1
5151	6267564
5152	6269390
5153	-1
5154	6271215
5155	-1
5156	6273041
5157	-1
5158	6274867
5159	-1
5160	6276692
5161	6278518
5162	-1
5163	6280343
5164	-1
5165	6282169
5166	-1
5167	6283995
5168	-1
5169	6285820
5170	-1
5171	6287646
5172	6289471
5173	-1
5174	6291297
5175	-1
5176	6293123
5177	-1
5178	6294948
5179	-1
5180	6296774
5181	-1
5182	6298599
5183	6300425
5184	-1
5185	6302251
5186	-1
5187	6304076
5188	-1
5189	6305902
5190	-1
5191	6307727
5192	-1
5193	6309553
5194	6311379
5195	-1
5196	6313204
5197	-1
5198	6315030
5199	-1
5200	6316855
5201	-1
5202	6318681
5203	6320507
5204	-1
5205	6322332
5206	-1
5207	6324158
5208	-1
5209	6325983
5210	-1
5211	6327809
5212	-1
5213	6329635
5214	6331460
5215	-1
5216	6333286
5217	-1
5218	6335111
5219	-1
5220	6336937
5221	-1
5222	6338763
5223	-1
5224	6340588
5225	6342414
5226	-1
5227	6344239
5228	-1
5229	6346065
5230	-1
5231	6347891
5232	-1
5233	6349716
5234	6351542
5235	-1
5236	6353367
5237	-1
5238	6355193
5239	-1
5240	6357019
5241	-1
5242	6358844
5243	-1
5244	6360670
5245	6362495
5246	-1
5247	6364321
5248	-1
5249	6366147
5250	-1
5251	6367972
5252	-1
5253	6369798
5254	-1
5255	6371623
5256	6373449
5257	-1
5258	6375275
5259	-1
5260	6377100
5261	-1
5262	6378926
5263	-1
5264	6380751
5265	-1
5266	6382577
5267	6384403
5268	-1
5269	6386228
5270	-1
5271	6388054
5272	-1
5273	6389879
5274	-1
5275	6391705
5276	6393531
5277	-1
5278	6395356
5279	-1
5280	6397182
5281	-1
5282	6399007
5283	-1
5284	6400833
5285	-1
5286	6402659
5287	6404484
5288	-1
5289	6406310
5290	-1
5291	6408135
5292	-1
5293	6409961
5294	-1
5295	6411787
5296	-1
5297	6413612
5298	6415438
5299	-1
5300	6417263
5301	-1
5302	6419089
5303	-1
5304	6420915
5305	-1
5306	6422740
5307	-1
5308	6424566
5309	6426391
5310	-1
5311	6428217
5312	-1
5313	6430043
5314	-1
5315	6431868
5316	-1
5317	6433694
5318	6435519
5319	-1
5320	6437345
5321	-1
5322	6439171
5323	-1
5324	6440996
5325	-1
5326	6442822
5327	-1
5328	6444647
5329	6446473
5330	-1
5331	6448299
5332	-1
5333	6450124
5334	-1
5335	6451950
5336	-1
5337	6453775
5338	-1
5339	6455601
5340	6457427
5341	-1
5342	6459252
5343	-1
5344	6461078
5345	-1
5346	6462903
5347	-1
5348	6464729
5349	-1
5350	6466555
5351	6468380
5352	-1
5353	6470206
5354	-1
5355	6472031
5356	-1
5357	6473857
5358	-1
5359	6475683
5360	6477508
5361	-1
5362	6479334
5363	-1
5364	6481159
5365	-1
5366	6482985
5367	-1
5368	6484811
5369	-1
5370	6486636
5371	6488462
5372	-1
5373	6490287
5374	-1
5375	6492113
5376	-1
5377	6493939
5378	-1
5379	6495764
5380	-1
5381	6497590
5382	6499415
5383	-1
5384	6501241
5385	-1
5386	6503067
5387	-1
5388	6504892
5389	-1
5390	6506718
5391	-1
5392	6508543
5393	6510369
5394	-1
5395	6512195
5396	-1
5397	6514020
5398	-1
5399	6515846
5400	-1
5401	6517671
5402	6519497
5403	-1
5404	6521323
5405	-1
5406	6523148
5407	-1
5408	6524974
5409	-1
5410	6526799
5411	-1
5412	6528625
5413	6530451
5414	-1
5415	6532276
5416	-1
5417	6534102
5418	-1
5419	6535927
5420	-1
5421	6537753
5422	-1
5423	6539579
5424	6541404
5425	-1
5426	6543230
5427	-1
5428	6545055
5429	-1
5430	6546881
5431	-1
5432	6548707
5433	6550532
5434	-1
5435	6552358
5436	-1
5437	6554183
5438	-1
5439	6556009
5440	-1
5441	6557835
5442	-1
5443	6559660
5444	6561486
5445	-1
5446	6563311
5447	-1
5448	6565137
5449	-1
5450	6566963
5451	-1
5452	6568788
5453	-1
5454	6570614
5455	6572439
5456	-1
5457	6574265
5458	-1
5459	6576091
5460	-1
5461	6577916
5462	-1
5463	6579742
5464	-1
5465	6581567
5466	6583393
5467	-1
5468	6585219
5469	-1
5470	6587044
5471	-1
5472	6588870
5473	-1
5474	6590695
5475	6592521
5476	-1
5477	6594347
5478	-1
5479	6596172
5480	-1
5481	6597998
5482	-1
5483	6599823
5484	-1
5485	6601649
5486	6603475
5487	-1
5488	6605300
5489	-1
5490	6607126
5491	-1
5492	6608951
5493	-1
5494	6610777
5495	-1
5496	6612603
5497	6614428
5498	-1
5499	6616254
5500	-1
5501	6618079
5502	-1
5503	6619905
5504	-1
5505	6621731
5506	-1
5507	6623556
5508	6625382
5509	-1
5510	6627207
5511	-1
5512	6629033
5513	-1
5514	6630859
5515	-1
5516	6632684
5517	6634510
5518	-1
5519	6636335
5520	-1
5521	6638161
5522	-1
5523	6639987
5524	-1
5525	6641812
5526	-1
5527	6643638
5528	6645463
5529	-1
5530	6647289
5531	-1
5532	6649115
5533	-1
5534	6650940
5535	-1
5536	6652766
5537	-1
5538	6654591
5539	6656417
5540	-1
5541	6658243
5542	-1
5543	6660068
5544	-1
5545	6661894
5546	-1
5547	6663719
5548	-1
5549	6665545
5550	6667371
5551	-1
5552	6669196
5553	-1
5554	6671022
5555	-1
5556	6672847
5557	-1
5558	6674673
5559	6676499
5560	-1
5561	6678324
5562	-1
5563	6680150
5564	-1
5565	6681975
5566	-1
5567	6683801
5568	-1
5569	6685627
5570	6687452
5571	-1
5572	6689278
5573	-1
5574	6691103
5575	-1
5576	6692929
5577	-1
5578	6694755
5579	-1
5580	6696580
5581	6698406
5582	-1
5583	6700231
5584	-1
5585	6702057
5586	-1
5587	6703883
5588	-1
5589	6705708
5590	6707534
5591	-1
5592	6709359
5593	-1
5594	6711185
5595	-1
5596	6713011
5597	-1
5598	6714836
5599	-1
5600	6716662
5601	6718487
5602	-1
5603	6720313
5604	-1
5605	6722139
5606	-1
5607	6723964
5608	-1
5609	6725790
5610	-1
5611	6727615
5612	6729441
5613	-1
5614	6731267
5615	-1
5616	6733092
5617	-1
5618	6734918
5619	-1
5620	6736743
5621	-1
5622	6738569
5623	6740395
5624	-1
5625	6742220
5626	-1
5627	6744046
5628	-1
5629	6745871
5630	-1
5631	6747697
5632	6749523
5633	-1
5634	6751348
5635	-1
5636	6753174
5637	-1
5638	6754999
5639	-1
5640	6756825
5641	-1
5642	6758651
5643	6760476
5644	-1
5645	6762302
5646	-1
5647	6764127
5648	-1
5649	6765953
5650	-1
5651	6767779
5652	-1
5653	6769604
5654	6771430
5655	-1
5656	6773255
5657	-1
5658	6775081
5659	-1
5660	6776907
5661	-1
5662	6778732
5663	-1
5664	6780558
5665	6782383
5666	-1
5667	6784209
5668	-1
5669	6786035
5670	-1
5671	6787860
5672	-1
5673	6789686
5674	6791511
5675	-1
5676	6793337
5677	-1
5678	6795163
5679	-1
5680	6796988
5681	-1
5682	6798814
5683	-1
5684	6800639
5685	6802465
5686	-1
5687	6804291
5688	-1
5689	6806116
5690	-1
5691	6807942
5692	-1
5693	6809767
5694	-1
5695	6811593
5696	6813419
5697	-1
5698	6815244
5699	-1
5700	6817070
5701	-1
5702	6818895
5703	-1
5704	6820721
5705	-1
5706	6822547
5707	6824372
5708	-1
5709	6826198
5710	-1
5711	6828023
5712	-1
5713	6829849
5714	-1
5715	6831675
5716	6833500
5717	-1
5718	6835326
5719	-1
5720	6837151
5721	-1
5722	6838977
5723	-1
5724	6840803
5725	-1
5726	6842628
5727	6844454
5728	-1
5729	6846279
5730	-1
5731	6848105
5732	-1
5733	6849931
5734	-1
5735	6851756
5736	-1
5737	6853582
5738	6855407
5739	-1
5740	6857233
5741	-1
5742	6859059
5743	-1
5744	6860884
5745	-1
5746	6862710
5747	6864535
5748	-1
5749	6866361
5750	-1
5751	6868187
5752	-1
5753	6870012
5754	-1
5755	6871838
5756	-1
5757	6873663
5758	6875489
5759	-1
5760	6877315
5761	-1
5762	6879140
5763	-1
5764	6880966
5765	-1
5766	6882791
5767	-1
5768	6884617
5769	6886443
5770	-1
5771	6888268
5772	-1
5773	6890094
5774	-1
5775	6891919
5776	-1
5777	6893745
5778	-1
5779	6895571
5780	6897396
5781	-1
5782	6899222
5783	-1
5784	6901047
5785	-1
5786	6902873
5787	-1
5788	6904699
5789	6906524
5790	-1
5791	6908350
5792	-1
5793	6910175
5794	-1
5795	6912001
5796	-1
5797	6913827
5798	-1
5799	6915652
5800	6917478
5801	-1
5802	6919303
5803	-1
5804	6921129
5805	-1
5806	6922955
5807	-1
5808	6924780
5809	-1
5810	6926606
5811	6928431
5812	-1
5813	6930257
5814	-1
5815	6932083
5816	-1
5817	6933908
5818	-1
5819	6935734
5820	-1
5821	6937559
5822	6939385
5823	-1
5824	6941211
5825	-1
5826	6943036
5827	-1
5828	6944862
5829	-1
5830	6946687
5831	6948513
5832	-1
5833	6950339
5834	-1
5835	6952164
5836	-1
5837	6953990
5838	-1
5839	6955815
5840	-1
5841	6957641
5842	6959467
5843	-1
5844	6961292
5845	-1
5846	6963118
5847	-1
5848	6964943
5849	-1
5850	6966769
5851	-1
5852	6968595
5853	6970420
5854	-1
5855	6972246
5856	-1
5857	6974071
5858	-1
5859	6975897
5860	-1
5861	6977723
5862	-1
5863	6979548
5864	6981374
5865	-1
5866	6983199
5867	-1
5868	6985025
5869	-1
5870	6986851
5871	-1
5872	6988676
5873	6990502
5874	-1
5875	6992327
5876	-1
5877	6994153
5878	-1
5879	6995979
5880	-1
5881	6997804
5882	-1
5883	6999630
5884	7001455
5885	-1
5886	7003281
5887	-1
5888	7005107
5889	-1
5890	7006932
5891	-1
5892	7008758
5893	-1
5894	7010583
5895	7012409
5896	-1
5897	7014235
5898	-1
5899	7016060
5900	-1
5901	7017886
5902	-1
5903	7019711
5904	7021537
5905	-1
5906	7023363
5907	-1
5908	7025188
5909	-1
5910	7027014
5911	-1
5912	7028839
5913	-1
5914	7030665
5915	7032491
5916	-1
5917	7034316
5918	-1
5919	7036142
5920	-1
5921	7037967
5922	-1
5923	7039793
5924	-1
5925	7041619
5926	7043444
5927	-1
5928	7045270
5929	-1
5930	7047095
5931	-1
5932	7048921
5933	-1
5934	7050747
5935	-1
5936	7052572
5937	7054398
5938	-1
5939	7056223
5940	-1
5941	7058049
5942	-1
5943	7059875
5944	-1
5945	7061700
5946	7063526
5947	-1
5948	7065351
5949	-1
5950	7067177
5951	-1
5952	7069003
5953	-1
5954	7070828
5955	-1
5956	7072654
5957	7074479
5958	-1
5959	7076305
5960	-1
5961	7078131
5962	-1
5963	7079956
5964	-1
5965	7081782
5966	-1
5967	7083607
5968	7085433
5969	-1
5970	7087259
5971	-1
5972	7089084
5973	-1
5974	7090910
5975	-1
5976	7092735
5977	-1
5978	7094561
5979	7096387
5980	-1
5981	7098212
5982	-1
5983	7100038
5984	-1
5985	7101863
5986	-1
5987	7103689
5988	7105515
5989	-1
5990	7107340
5991	-1
5992	7109166
5993	-1
5994	7110991
5995	-1
5996	7112817
5997	-1
5998	7114643
5999	7116468
