0	1008839
1	1011403
2	1013967
3	1016531
4	1019095
5	1021659
6	1024223
7	1026787
8	1029351
9	1031915
10	1034479
11	1037043
12	1039607
13	1042171
14	1044735
15	1047299
16	1049863
17	1052427
18	1054991
19	1057555
20	1060119
21	1062683
22	1065247
23	1067811
24	1070375
25	1072939
26	1075503
27	1078067
28	1080631
29	1083195
30	1085759
31	1088323
32	1090887
33	1093451
34	1096015
35	1098579
36	1101143
37	1103707
38	1106271
39	1108835
40	1111399
41	1113963
42	1116527
43	1119091
44	1121655
45	1124219
46	1126783
47	1129347
48	1131911
49	1134475
50	1137039
51	1139603
52	1142167
53	1144731
54	1147295
55	1149859
56	1152423
57	1154987
58	1157551
59	1160115
60	1162679
61	1165243
62	1167807
63	1170371
64	1172935
65	1175499
66	1178063
67	1180627
68	1183191
69	1185755
70	1188319
71	1190883
72	1193447
73	1196011
74	1198575
75	1201139
76	1203703
77	1206267
78	1208831
79	1211395
80	1213959
81	1216523
82	1219087
83	1221651
84	1224215
85	1226779
86	1229343
87	1231907
88	1234471
89	1237035
90	1239599
91	1242163
92	1244727
93	1247291
94	1249855
95	1252419
96	1254983
97	1257547
98	1260111
99	-1
100	-1
101	1262675
102	-1
103	1265239
104	-1
105	-1
106	1267803
107	-1
108	1270367
109	-1
110	-1
111	1272931
112	-1
113	1275495
114	-1
115	-1
116	1278059
117	-1
118	-1
119	1280623
120	-1
121	1283187
122	-1
123	-1
124	1285751
125	-1
126	1288315
127	-1
128	-1
129	1290879
130	-1
131	1293443
132	-1
133	-1
134	1296007
135	-1
136	-1
137	1298571
138	-1
139	1301135
140	-1
141	-1
142	1303699
143	-1
144	1306263
145	-1
146	-1
147	1308827
148	-1
149	1311391
150	-1
151	-1
152	1313955
153	-1
154	-1
155	1316519
156	-1
157	1319083
158	-1
159	-1
160	1321647
161	-1
162	1324211
163	-1
164	-1
165	1326775
166	-1
167	1329339
168	-1
169	-1
170	1331903
171	-1
172	1334467
173	-1
174	-1
175	1337031
176	-1
177	-1
178	1339595
179	-1
180	1342159
181	-1
182	-1
183	1344723
184	-1
185	1347287
186	-1
187	-1
188	1349851
189	-1
190	1352415
191	-1
192	-1
193	1354979
194	-1
195	-1
196	1357543
197	-1
198	1360107
199	-1
200	-1
201	1362671
202	-1
203	1365235
204	-1
205	-1
206	1367799
207	-1
208	1370363
209	-1
210	-1
211	1372927
212	-1
213	1375491
214	-1
215	-1
216	1378055
217	-1
218	-1
219	1380619
220	-1
221	1383183
222	-1
223	-1
224	1385747
225	-1
226	1388311
227	-1
228	-1
229	1390875
230	-1
231	1393439
232	-1
233	-1
234	1396003
235	-1
236	-1
237	1398567
238	-1
239	1401131
240	-1
241	-1
242	1403695
243	-1
244	1406259
245	-1
246	-1
247	1408823
248	-1
249	1411387
250	-1
251	-1
252	1413951
253	-1
254	-1
255	1416515
256	-1
257	1419079
258	-1
259	-1
260	1421643
261	-1
262	1424207
263	-1
264	-1
265	1426771
266	-1
267	1429335
268	-1
269	-1
270	1431899
271	-1
272	1434463
273	-1
274	-1
275	1437027
276	-1
277	-1
278	1439591
279	-1
280	1442155
281	-1
282	-1
283	1444719
284	-1
285	1447283
286	-1
287	-1
288	1449847
289	-1
290	1452411
291	-1
292	-1
293	1454975
294	-1
295	-1
296	1457539
297	-1
298	1460103
299	-1
300	-1
301	1462667
302	-1
303	1465231
304	-1
305	-1
306	1467795
307	-1
308	1470359
309	-1
310	-1
311	1472923
312	-1
313	1475487
314	-1
315	-1
316	1478051
317	-1
318	-1
319	1480615
320	-1
321	1483179
322	-1
323	-1
324	1485743
325	-1
326	1488307
327	-1
328	-1
329	1490871
330	-1
331	1493435
332	-1
333	-1
334	1495999
335	-1
336	-1
337	1498563
338	-1
339	1501127
340	-1
341	-1
342	1503691
343	-1
344	1506255
345	-1
346	-1
347	1508819
348	-1
349	1511383
350	-1
351	-1
352	1513947
353	-1
354	-1
355	1516511
356	-1
357	1519075
358	-1
359	-1
360	1521639
361	-1
362	1524203
363	-1
364	-1
365	1526767
366	-1
367	1529331
368	-1
369	-1
370	1531895
371	-1
372	1534459
373	-1
374	-1
375	1537023
376	-1
377	-1
378	1539587
379	-1
380	1542151
381	-1
382	-1
383	1544715
384	-1
385	1547279
386	-1
387	-1
388	1549843
389	-1
390	1552407
391	-1
392	-1
393	1554971
394	-1
395	-1
396	1557535
397	-1
398	1560099
399	-1
400	-1
401	1562663
402	-1
403	1565227
404	-1
405	-1
406	1567791
407	-1
408	1570355
409	-1
410	-1
411	1572919
412	-1
413	1575483
414	-1
415	-1
416	1578047
417	-1
418	-1
419	1580611
420	-1
421	1583175
422	-1
423	-1
424	1585739
425	-1
426	1588303
427	-1
428	-1
429	1590867
430	-1
431	1593431
432	-1
433	-1
434	1595995
435	-1
436	-1
437	1598559
438	-1
439	1601123
440	-1
441	-1
442	1603687
443	-1
444	1606251
445	-1
446	-1
447	1608815
448	-1
449	1611379
450	-1
451	-1
452	1613943
453	-1
454	-1
455	1616507
456	-1
457	1619071
458	-1
459	-1
460	1621635
461	-1
462	1624199
463	-1
464	-1
465	1626763
466	-1
467	1629327
468	-1
469	-1
470	1631891
471	-1
472	1634455
473	-1
474	-1
475	1637019
476	-1
477	-1
478	1639583
479	-1
480	1642147
481	-1
482	-1
483	1644711
484	-1
485	1647275
486	-1
487	-1
488	1649839
489	-1
490	1652403
491	-1
492	-1
493	1654967
494	-1
495	-1
496	1657531
497	-1
498	1660095
499	-1
500	-1
501	1662659
502	-1
503	1665223
504	-1
505	-1
506	1667787
507	-1
508	1670351
509	-1
510	-1
511	1672915
512	-1
513	1675479
514	-1
515	-1
516	1678043
517	-1
518	-1
519	1680607
520	-1
521	1683171
522	-1
523	-1
524	1685735
525	-1
526	1688299
527	-1
528	-1
529	1690863
530	-1
531	1693427
532	-1
533	-1
534	1695991
535	-1
536	-1
537	1698555
538	-1
539	1701119
540	-1
541	-1
542	1703683
543	-1
544	1706247
545	-1
546	-1
547	1708811
548	-1
549	1711375
550	-1
551	-1
552	1713939
553	-1
554	1716503
555	-1
556	-1
557	1719067
558	-1
559	-1
560	1721631
561	-1
562	1724195
563	-1
564	-1
565	1726759
566	-1
567	1729323
568	-1
569	-1
570	1731887
571	-1
572	1734451
573	-1
574	-1
575	1737015
576	-1
577	-1
578	1739579
579	-1
580	1742143
581	-1
582	-1
583	1744707
584	-1
585	1747271
586	-1
587	-1
588	1749835
589	-1
590	1752399
591	-1
592	-1
593	1754963
594	-1
595	-1
596	1757527
597	-1
598	1760091
599	-1
600	-1
601	1762655
602	-1
603	1765219
604	-1
605	-1
606	1767783
607	-1
608	1770347
609	-1
610	-1
611	1772911
612	-1
613	1775475
614	-1
615	-1
616	1778039
617	-1
618	-1
619	1780603
620	-1
621	1783167
622	-1
623	-1
624	1785731
625	-1
626	1788295
627	-1
628	-1
629	1790859
630	-1
631	1793423
632	-1
633	-1
634	1795987
635	-1
636	-1
637	1798551
638	-1
639	1801115
640	-1
641	-1
642	1803679
643	-1
644	1806243
645	-1
646	-1
647	1808807
648	-1
649	1811371
650	-1
651	-1
652	1813935
653	-1
654	1816499
655	-1
656	-1
657	1819063
658	-1
659	-1
660	1821627
661	-1
662	1824191
663	-1
664	-1
665	1826755
666	-1
667	1829319
668	-1
669	-1
670	1831883
671	-1
672	1834447
673	-1
674	-1
675	1837011
676	-1
677	-1
678	1839575
679	-1
680	1842139
681	-1
682	-1
683	1844703
684	-1
685	1847267
686	-1
687	-1
688	1849831
689	-1
690	1852395
691	-1
692	-1
693	1854959
694	-1
695	-1
696	1857523
697	-1
698	1860087
699	-1
700	-1
701	1862651
702	-1
703	1865215
704	-1
705	-1
706	1867779
707	-1
708	1870343
709	-1
710	-1
711	1872907
712	-1
713	1875471
714	-1
715	-1
716	1878035
717	-1
718	-1
719	1880599
720	-1
721	1883163
722	-1
723	-1
724	1885727
725	-1
726	1888291
727	-1
728	-1
729	1890855
730	-1
731	1893419
732	-1
733	-1
734	1895983
735	-1
736	-1
737	1898547
738	-1
739	1901111
740	-1
741	-1
742	1903675
743	-1
744	1906239
745	-1
746	-1
747	1908803
748	-1
749	1911367
750	-1
751	-1
752	1913931
753	-1
754	1916495
755	-1
756	-1
757	1919059
758	-1
759	-1
760	1921623
761	-1
762	1924187
763	-1
764	-1
765	1926751
766	-1
767	1929315
768	-1
769	-1
770	1931879
771	-1
772	1934443
773	-1
774	-1
775	1937007
776	-1
777	-1
778	1939571
779	-1
780	1942135
781	-1
782	-1
783	1944699
784	-1
785	1947263
786	-1
787	-1
788	1949827
789	-1
790	1952391
791	-1
792	-1
793	1954955
794	-1
795	-1
796	1957519
797	-1
798	1960083
799	-1
800	-1
801	1962647
802	-1
803	1965211
804	-1
805	-1
806	1967775
807	-1
808	1970339
809	-1
810	-1
811	1972903
812	-1
813	1975467
814	-1
815	-1
816	1978031
817	-1
818	-1
819	1980595
820	-1
821	1983159
822	-1
823	-1
824	1985723
825	-1
826	1988287
827	-1
828	-1
829	1990851
830	-1
831	1993415
832	-1
833	-1
834	1995979
835	-1
836	-1
837	1998543
838	-1
839	2001107
840	-1
841	-1
842	2003671
843	-1
844	2006235
845	-1
846	-1
847	2008799
848	-1
849	2011363
850	-1
851	-1
852	2013927
853	-1
854	2016491
855	-1
856	-1
857	2019055
858	-1
859	-1
860	2021619
861	-1
862	2024183
863	-1
864	-1
865	2026747
866	-1
867	2029311
868	-1
869	-1
870	2031875
871	-1
872	2034439
873	-1
874	-1
875	2037003
876	-1
877	-1
878	2039567
879	-1
880	2042131
881	-1
882	-1
883	2044695
884	-1
885	2047259
886	-1
887	-1
888	2049823
889	-1
890	2052387
891	-1
892	-1
893	2054951
894	-1
895	-1
896	2057515
897	-1
898	2060079
899	-1
900	-1
901	2062643
902	-1
903	2065207
904	-1
905	-1
906	2067771
907	-1
908	2070335
909	-1
910	-1
911	2072899
912	-1
913	2075463
914	-1
915	-1
916	2078027
917	-1
918	-1
919	2080591
920	-1
921	2083155
922	-1
923	-1
924	2085719
925	-1
926	2088283
927	-1
928	-1
929	2090847
930	-1
931	2093411
932	-1
933	-1
934	2095975
935	-1
936	-1
937	2098539
938	-1
939	2101103
940	-1
941	-1
942	2103667
943	-1
944	2106231
945	-1
946	-1
947	2108795
948	-1
949	2111359
950	-1
951	-1
952	2113923
953	-1
954	2116487
955	-1
956	-1
957	2119051
958	-1
959	-1
960	2121615
961	-1
962	2124179
963	-1
964	-1
965	2126743
966	-1
967	2129307
968	-1
969	-1
970	2131871
971	-1
972	2134435
973	-1
974	-1
975	2136999
976	-1
977	-1
978	2139563
979	-1
980	2142127
981	-1
982	-1
983	2144691
984	-1
985	2147255
986	-1
987	-1
988	2149819
989	-1
990	2152383
991	-1
992	-1
993	2154947
994	-1
995	-1
996	2157511
997	-1
998	2160075
999	-1
1000	-1
1001	2162639
1002	-1
1003	2165203
1004	-1
1005	-1
1006	2167767
1007	-1
1008	2170331
1009	-1
1010	-1
1011	2172895
1012	-1
1013	2175459
1014	-1
1015	-1
1016	2178023
1017	-1
1018	-1
1019	2180587
1020	-1
1021	2183151
1022	-1
1023	-1
1024	2185715
1025	-1
1026	2188279
1027	-1
1028	-1
1029	2190843
1030	-1
1031	2193407
1032	-1
1033	-1
1034	2195971
1035	-1
1036	-1
1037	2198535
1038	-1
1039	2201099
1040	-1
1041	-1
1042	2203663
1043	-1
1044	2206227
1045	-1
1046	-1
1047	2208791
1048	-1
1049	2211355
1050	-1
1051	-1
1052	2213919
1053	-1
1054	2216483
1055	-1
1056	-1
1057	2219047
1058	-1
1059	-1
1060	2221611
1061	-1
1062	2224175
1063	-1
1064	-1
1065	2226739
1066	-1
1067	2229303
1068	-1
1069	-1
1070	2231867
1071	-1
1072	2234431
1073	-1
1074	-1
1075	2236995
1076	-1
1077	-1
1078	2239559
1079	-1
1080	2242123
1081	-1
1082	-1
1083	2244687
1084	-1
1085	2247251
1086	-1
1087	-1
1088	2249815
1089	-1
1090	2252379
1091	-1
1092	-1
1093	2254943
1094	-1
1095	-1
1096	2257507
1097	-1
1098	2260071
1099	-1
1100	-1
1101	2262635
1102	-1
1103	2265199
1104	-1
1105	-1
1106	2267763
1107	-1
1108	2270327
1109	-1
1110	-1
1111	2272891
1112	-1
1113	2275455
1114	-1
1115	-1
1116	2278019
1117	-1
1118	-1
1119	2280583
1120	-1
1121	2283147
1122	-1
1123	-1
1124	2285711
1125	-1
1126	2288275
1127	-1
1128	-1
1129	2290839
1130	-1
1131	2293403
1132	-1
1133	-1
1134	2295967
1135	-1
1136	-1
1137	2298531
1138	-1
1139	2301095
1140	-1
1141	-1
1142	2303659
1143	-1
1144	2306223
1145	-1
1146	-1
1147	2308787
1148	-1
1149	2311351
1150	-1
1151	-1
1152	2313915
1153	-1
1154	2316479
1155	-1
1156	-1
1157	2319043
1158	-1
1159	-1
1160	2321607
1161	-1
1162	2324171
1163	-1
1164	-1
1165	2326735
1166	-1
1167	2329299
1168	-1
1169	-1
1170	2331863
1171	-1
1172	2334427
1173	-1
1174	-1
1175	2336991
1176	-1
1177	-1
1178	2339555
1179	-1
1180	2342119
1181	-1
1182	-1
1183	2344683
1184	-1
1185	2347247
1186	-1
1187	-1
1188	2349811
1189	-1
1190	2352375
1191	-1
1192	-1
1193	2354939
1194	-1
1195	2357503
1196	-1
1197	-1
1198	2360067
1199	-1
1200	-1
1201	2362631
1202	-1
1203	2365195
1204	-1
1205	-1
1206	2367759
1207	-1
1208	2370323
1209	-1
1210	-1
1211	2372887
1212	-1
1213	2375451
1214	-1
1215	-1
1216	2378015
1217	-1
1218	-1
1219	2380579
1220	-1
1221	2383143
1222	-1
1223	-1
1224	2385707
1225	-1
1226	2388271
1227	-1
1228	-1
1229	2390835
1230	-1
1231	2393399
1232	-1
1233	-1
1234	2395963
1235	-1
1236	-1
1237	2398527
1238	-1
1239	2401091
1240	-1
1241	-1
1242	2403655
1243	-1
1244	2406219
1245	-1
1246	-1
1247	2408783
1248	-1
1249	2411347
1250	-1
1251	-1
1252	2413911
1253	-1
1254	2416475
1255	-1
1256	-1
1257	2419039
1258	-1
1259	-1
1260	2421603
1261	-1
1262	2424167
1263	-1
1264	-1
1265	2426731
1266	-1
1267	2429295
1268	-1
1269	-1
1270	2431859
1271	-1
1272	2434423
1273	-1
1274	-1
1275	2436987
1276	-1
1277	-1
1278	2439551
1279	-1
1280	2442115
1281	-1
1282	-1
1283	2444679
1284	-1
1285	2447243
1286	-1
1287	-1
1288	2449807
1289	-1
1290	2452371
1291	-1
1292	-1
1293	2454935
1294	-1
1295	2457499
1296	-1
1297	-1
1298	2460063
1299	-1
1300	-1
1301	2462627
1302	-1
1303	2465191
1304	-1
1305	-1
1306	2467755
1307	-1
1308	2470319
1309	-1
1310	-1
1311	2472883
1312	-1
1313	2475447
1314	-1
1315	-1
1316	2478011
1317	-1
1318	-1
1319	2480575
1320	-1
1321	2483139
1322	-1
1323	-1
1324	2485703
1325	-1
1326	2488267
1327	-1
1328	-1
1329	2490831
1330	-1
1331	2493395
1332	-1
1333	-1
1334	2495959
1335	-1
1336	-1
1337	2498523
1338	-1
1339	2501087
1340	-1
1341	-1
1342	2503651
1343	-1
1344	2506215
1345	-1
1346	-1
1347	2508779
1348	-1
1349	2511343
1350	-1
1351	-1
1352	2513907
1353	-1
1354	2516471
1355	-1
1356	-1
1357	2519035
1358	-1
1359	-1
1360	2521599
1361	-1
1362	2524163
1363	-1
1364	-1
1365	2526727
1366	-1
1367	2529291
1368	-1
1369	-1
1370	2531855
1371	-1
1372	2534419
1373	-1
1374	-1
1375	2536983
1376	-1
1377	-1
1378	2539547
1379	-1
1380	2542111
1381	-1
1382	-1
1383	2544675
1384	-1
1385	2547239
1386	-1
1387	-1
1388	2549803
1389	-1
1390	2552367
1391	-1
1392	-1
1393	2554931
1394	-1
1395	2557495
1396	-1
1397	-1
1398	2560059
1399	-1
1400	-1
1401	2562623
1402	-1
1403	2565187
1404	-1
1405	-1
1406	2567751
1407	-1
1408	2570315
1409	-1
1410	-1
1411	2572879
1412	-1
1413	2575443
1414	-1
1415	-1
1416	2578007
1417	-1
1418	-1
1419	2580571
1420	-1
1421	2583135
1422	-1
1423	-1
1424	2585699
1425	-1
1426	2588263
1427	-1
1428	-1
1429	2590827
1430	-1
1431	2593391
1432	-1
1433	-1
1434	2595955
1435	-1
1436	-1
1437	2598519
1438	-1
1439	2601083
1440	-1
1441	-1
1442	2603647
1443	-1
1444	2606211
1445	-1
1446	-1
1447	2608775
1448	-1
1449	2611339
1450	-1
1451	-1
1452	2613903
1453	-1
1454	2616467
1455	-1
1456	-1
1457	2619031
1458	-1
1459	-1
1460	2621595
1461	-1
1462	2624159
1463	-1
1464	-1
1465	2626723
1466	-1
1467	2629287
1468	-1
1469	-1
1470	2631851
1471	-1
1472	2634415
1473	-1
1474	-1
1475	2636979
1476	-1
1477	-1
1478	2639543
1479	-1
1480	2642107
1481	-1
1482	-1
1483	2644671
1484	-1
1485	2647235
1486	-1
1487	-1
1488	2649799
1489	-1
1490	2652363
1491	-1
1492	-1
1493	2654927
1494	-1
1495	2657491
1496	-1
1497	-1
1498	2660055
1499	-1
1500	-1
1501	2662619
1502	-1
1503	2665183
1504	-1
1505	-1
1506	2667747
1507	-1
1508	2670311
1509	-1
1510	-1
1511	2672875
1512	-1
1513	2675439
1514	-1
1515	-1
1516	2678003
1517	-1
1518	-1
1519	2680567
1520	-1
1521	2683131
1522	-1
1523	-1
1524	2685695
1525	-1
1526	2688259
1527	-1
1528	-1
1529	2690823
1530	-1
1531	2693387
1532	-1
1533	-1
1534	2695951
1535	-1
1536	-1
1537	2698515
1538	-1
1539	2701079
1540	-1
1541	-1
1542	2703643
1543	-1
1544	2706207
1545	-1
1546	-1
1547	2708771
1548	-1
1549	2711335
1550	-1
1551	-1
1552	2713899
1553	-1
1554	2716463
1555	-1
1556	-1
1557	2719027
1558	-1
1559	-1
1560	2721591
1561	-1
1562	2724155
1563	-1
1564	-1
1565	2726719
1566	-1
1567	2729283
1568	-1
1569	-1
1570	2731847
1571	-1
1572	2734411
1573	-1
1574	-1
1575	2736975
1576	-1
1577	-1
1578	2739539
1579	-1
1580	2742103
1581	-1
1582	-1
1583	2744667
1584	-1
1585	2747231
1586	-1
1587	-1
1588	2749795
1589	-1
1590	2752359
1591	-1
1592	-1
1593	2754923
1594	-1
1595	2757487
1596	-1
1597	-1
1598	2760051
1599	-1
1600	-1
1601	2762615
1602	-1
1603	2765179
1604	-1
1605	-1
1606	2767743
1607	-1
1608	2770307
1609	-1
1610	-1
1611	2772871
1612	-1
1613	2775435
1614	-1
1615	-1
1616	2777999
1617	-1
1618	-1
1619	2780563
1620	-1
1621	2783127
1622	-1
1623	-1
1624	2785691
1625	-1
1626	2788255
1627	-1
1628	-1
1629	2790819
1630	-1
1631	2793383
1632	-1
1633	-1
1634	2795947
1635	-1
1636	-1
1637	2798511
1638	-1
1639	2801075
1640	-1
1641	-1
1642	2803639
1643	-1
1644	2806203
1645	-1
1646	-1
1647	2808767
1648	-1
1649	2811331
1650	-1
1651	-1
1652	2813895
1653	-1
1654	2816459
1655	-1
1656	-1
1657	2819023
1658	-1
1659	-1
1660	2821587
1661	-1
1662	2824151
1663	-1
1664	-1
1665	2826715
1666	-1
1667	2829279
1668	-1
1669	-1
1670	2831843
1671	-1
1672	2834407
1673	-1
1674	-1
1675	2836971
1676	-1
1677	-1
1678	2839535
1679	-1
1680	2842099
1681	-1
1682	-1
1683	2844663
1684	-1
1685	2847227
1686	-1
1687	-1
1688	2849791
1689	-1
1690	2852355
1691	-1
1692	-1
1693	2854919
1694	-1
1695	2857483
1696	-1
1697	-1
1698	2860047
1699	-1
1700	-1
1701	2862611
1702	-1
1703	2865175
1704	-1
1705	-1
1706	2867739
1707	-1
1708	2870303
1709	-1
1710	-1
1711	2872867
1712	-1
1713	2875431
1714	-1
1715	-1
1716	2877995
1717	-1
1718	-1
1719	2880559
1720	-1
1721	2883123
1722	-1
1723	-1
1724	2885687
1725	-1
1726	2888251
1727	-1
1728	-1
1729	2890815
1730	-1
1731	2893379
1732	-1
1733	-1
1734	2895943
1735	-1
1736	-1
1737	2898507
1738	-1
1739	2901071
1740	-1
1741	-1
1742	2903635
1743	-1
1744	2906199
1745	-1
1746	-1
1747	2908763
1748	-1
1749	2911327
1750	-1
1751	-1
1752	2913891
1753	-1
1754	2916455
1755	-1
1756	-1
1757	2919019
1758	-1
1759	-1
1760	2921583
1761	-1
1762	2924147
1763	-1
1764	-1
1765	2926711
1766	-1
1767	2929275
1768	-1
1769	-1
1770	2931839
1771	-1
1772	2934403
1773	-1
1774	-1
1775	2936967
1776	-1
1777	-1
1778	2939531
1779	-1
1780	2942095
1781	-1
1782	-1
1783	2944659
1784	-1
1785	2947223
1786	-1
1787	-1
1788	2949787
1789	-1
1790	2952351
1791	-1
1792	-1
1793	2954915
1794	-1
1795	2957479
1796	-1
1797	-1
1798	2960043
1799	-1
1800	-1
1801	2962607
1802	-1
1803	2965171
1804	-1
1805	-1
1806	2967735
1807	-1
1808	2970299
1809	-1
1810	-1
1811	2972863
1812	-1
1813	2975427
1814	-1
1815	-1
1816	2977991
1817	-1
1818	-1
1819	2980555
1820	-1
1821	2983119
1822	-1
1823	-1
1824	2985683
1825	-1
1826	2988247
1827	-1
1828	-1
1829	2990811
1830	-1
1831	2993375
1832	-1
1833	-1
1834	2995939
1835	-1
1836	2998503
1837	-1
1838	-1
1839	3001067
1840	-1
1841	-1
1842	3003631
1843	-1
1844	3006195
1845	-1
1846	-1
1847	3008759
1848	-1
1849	3011323
1850	-1
1851	-1
1852	3013887
1853	-1
1854	3016451
1855	-1
1856	-1
1857	3019015
1858	-1
1859	-1
1860	3021579
1861	-1
1862	3024143
1863	-1
1864	-1
1865	3026707
1866	-1
1867	3029271
1868	-1
1869	-1
1870	3031835
1871	-1
1872	3034399
1873	-1
1874	-1
1875	3036963
1876	-1
1877	-1
1878	3039527
1879	-1
1880	3042091
1881	-1
1882	-1
1883	3044655
1884	-1
1885	3047219
1886	-1
1887	-1
1888	3049783
1889	-1
1890	3052347
1891	-1
1892	-1
1893	3054911
1894	-1
1895	3057475
1896	-1
1897	-1
1898	3060039
1899	-1
1900	-1
1901	3062603
1902	-1
1903	3065167
1904	-1
1905	-1
1906	3067731
1907	-1
1908	3070295
1909	-1
1910	-1
1911	3072859
1912	-1
1913	3075423
1914	-1
1915	-1
1916	3077987
1917	-1
1918	-1
1919	3080551
1920	-1
1921	3083115
1922	-1
1923	-1
1924	3085679
1925	-1
1926	3088243
1927	-1
1928	-1
1929	3090807
1930	-1
1931	3093371
1932	-1
1933	-1
1934	3095935
1935	-1
1936	3098499
1937	-1
1938	-1
1939	3101063
1940	-1
1941	-1
1942	3103627
1943	-1
1944	3106191
1945	-1
1946	-1
1947	3108755
1948	-1
1949	3111319
1950	-1
1951	-1
1952	3113883
1953	-1
1954	3116447
1955	-1
1956	-1
1957	3119011
1958	-1
1959	-1
1960	3121575
1961	-1
1962	3124139
1963	-1
1964	-1
1965	3126703
1966	-1
1967	3129267
1968	-1
1969	-1
1970	3131831
1971	-1
1972	3134395
1973	-1
1974	-1
1975	3136959
1976	-1
1977	-1
1978	3139523
1979	-1
1980	3142087
1981	-1
1982	-1
1983	3144651
1984	-1
1985	3147215
1986	-1
1987	-1
1988	3149779
1989	-1
1990	3152343
1991	-1
1992	-1
1993	3154907
1994	-1
1995	3157471
1996	-1
1997	-1
1998	3160035
1999	-1
2000	-1
2001	3162599
2002	-1
2003	3165163
2004	-1
2005	-1
2006	3167727
2007	-1
2008	3170291
2009	-1
2010	-1
2011	3172855
2012	-1
2013	3175419
2014	-1
2015	-1
2016	3177983
2017	-1
2018	-1
2019	3180547
2020	-1
2021	3183111
2022	-1
2023	-1
2024	3185675
2025	-1
2026	3188239
2027	-1
2028	-1
2029	3190803
2030	-1
2031	3193367
2032	-1
2033	-1
2034	3195931
2035	-1
2036	3198495
2037	-1
2038	-1
2039	3201059
2040	-1
2041	-1
2042	3203623
2043	-1
2044	3206187
2045	-1
2046	-1
2047	3208751
2048	-1
2049	3211315
2050	-1
2051	-1
2052	3213879
2053	-1
2054	3216443
2055	-1
2056	-1
2057	3219007
2058	-1
2059	-1
2060	3221571
2061	-1
2062	3224135
2063	-1
2064	-1
2065	3226699
2066	-1
2067	3229263
2068	-1
2069	-1
2070	3231827
2071	-1
2072	3234391
2073	-1
2074	-1
2075	3236955
2076	-1
2077	-1
2078	3239519
2079	-1
2080	3242083
2081	-1
2082	-1
2083	3244647
2084	-1
2085	3247211
2086	-1
2087	-1
2088	3249775
2089	-1
2090	3252339
2091	-1
2092	-1
2093	3254903
2094	-1
2095	3257467
2096	-1
2097	-1
2098	3260031
2099	-1
2100	-1
2101	3262595
2102	-1
2103	3265159
2104	-1
2105	-1
2106	3267723
2107	-1
2108	3270287
2109	-1
2110	-1
2111	3272851
2112	-1
2113	3275415
2114	-1
2115	-1
2116	3277979
2117	-1
2118	-1
2119	3280543
2120	-1
2121	3283107
2122	-1
2123	-1
2124	3285671
2125	-1
2126	3288235
2127	-1
2128	-1
2129	3290799
2130	-1
2131	3293363
2132	-1
2133	-1
2134	3295927
2135	-1
2136	3298491
2137	-1
2138	-1
2139	3301055
2140	-1
2141	-1
2142	3303619
2143	-1
2144	3306183
2145	-1
2146	-1
2147	3308747
2148	-1
2149	3311311
2150	-1
2151	-1
2152	3313875
2153	-1
2154	3316439
2155	-1
2156	-1
2157	3319003
2158	-1
2159	-1
2160	3321567
2161	-1
2162	3324131
2163	-1
2164	-1
2165	3326695
2166	-1
2167	3329259
2168	-1
2169	-1
2170	3331823
2171	-1
2172	3334387
2173	-1
2174	-1
2175	3336951
2176	-1
2177	-1
2178	3339515
2179	-1
2180	3342079
2181	-1
2182	-1
2183	3344643
2184	-1
2185	3347207
2186	-1
2187	-1
2188	3349771
2189	-1
2190	3352335
2191	-1
2192	-1
2193	3354899
2194	-1
2195	3357463
2196	-1
2197	-1
2198	3360027
2199	-1
2200	-1
2201	3362591
2202	-1
2203	3365155
2204	-1
2205	-1
2206	3367719
2207	-1
2208	3370283
2209	-1
2210	-1
2211	3372847
2212	-1
2213	3375411
2214	-1
2215	-1
2216	3377975
2217	-1
2218	-1
2219	3380539
2220	-1
2221	3383103
2222	-1
2223	-1
2224	3385667
2225	-1
2226	3388231
2227	-1
2228	-1
2229	3390795
2230	-1
2231	3393359
2232	-1
2233	-1
2234	3395923
2235	-1
2236	3398487
2237	-1
2238	-1
2239	3401051
2240	-1
2241	-1
2242	3403615
2243	-1
2244	3406179
2245	-1
2246	-1
2247	3408743
2248	-1
2249	3411307
2250	-1
2251	-1
2252	3413871
2253	-1
2254	3416435
2255	-1
2256	-1
2257	3418999
2258	-1
2259	-1
2260	3421563
2261	-1
2262	3424127
2263	-1
2264	-1
2265	3426691
2266	-1
2267	3429255
2268	-1
2269	-1
2270	3431819
2271	-1
2272	3434383
2273	-1
2274	-1
2275	3436947
2276	-1
2277	-1
2278	3439511
2279	-1
2280	3442075
2281	-1
2282	-1
2283	3444639
2284	-1
2285	3447203
2286	-1
2287	-1
2288	3449767
2289	-1
2290	3452331
2291	-1
2292	-1
2293	3454895
2294	-1
2295	3457459
2296	-1
2297	-1
2298	3460023
2299	-1
2300	-1
2301	3462587
2302	-1
2303	3465151
2304	-1
2305	-1
2306	3467715
2307	-1
2308	3470279
2309	-1
2310	-1
2311	3472843
2312	-1
2313	3475407
2314	-1
2315	-1
2316	3477971
2317	-1
2318	-1
2319	3480535
2320	-1
2321	3483099
2322	-1
2323	-1
2324	3485663
2325	-1
2326	3488227
2327	-1
2328	-1
2329	3490791
2330	-1
2331	3493355
2332	-1
2333	-1
2334	3495919
2335	-1
2336	3498483
2337	-1
2338	-1
2339	3501047
2340	-1
2341	-1
2342	3503611
2343	-1
2344	3506175
2345	-1
2346	-1
2347	3508739
2348	-1
2349	3511303
2350	-1
2351	-1
2352	3513867
2353	-1
2354	3516431
2355	-1
2356	-1
2357	3518995
2358	-1
2359	-1
2360	3521559
2361	-1
2362	3524123
2363	-1
2364	-1
2365	3526687
2366	-1
2367	3529251
2368	-1
2369	-1
2370	3531815
2371	-1
2372	3534379
2373	-1
2374	-1
2375	3536943
2376	-1
2377	-1
2378	3539507
2379	-1
2380	3542071
2381	-1
2382	-1
2383	3544635
2384	-1
2385	3547199
2386	-1
2387	-1
2388	3549763
2389	-1
2390	3552327
2391	-1
2392	-1
2393	3554891
2394	-1
2395	3557455
2396	-1
2397	-1
2398	3560019
2399	-1
2400	-1
2401	3562583
2402	-1
2403	3565147
2404	-1
2405	-1
2406	3567711
2407	-1
2408	3570275
2409	-1
2410	-1
2411	3572839
2412	-1
2413	3575403
2414	-1
2415	-1
2416	3577967
2417	-1
2418	-1
2419	3580531
2420	-1
2421	3583095
2422	-1
2423	-1
2424	3585659
2425	-1
2426	3588223
2427	-1
2428	-1
2429	3590787
2430	-1
2431	3593351
2432	-1
2433	-1
2434	3595915
2435	-1
2436	3598479
2437	-1
2438	-1
2439	3601043
2440	-1
2441	-1
2442	3603607
2443	-1
2444	3606171
2445	-1
2446	-1
2447	3608735
2448	-1
2449	3611299
2450	-1
2451	-1
2452	3613863
2453	-1
2454	3616427
2455	-1
2456	-1
2457	3618991
2458	-1
2459	-1
2460	3621555
2461	-1
2462	3624119
2463	-1
2464	-1
2465	3626683
2466	-1
2467	3629247
2468	-1
2469	-1
2470	3631811
2471	-1
2472	3634375
2473	-1
2474	-1
2475	3636939
2476	-1
2477	3639503
2478	-1
2479	-1
2480	3642067
2481	-1
2482	-1
2483	3644631
2484	-1
2485	3647195
2486	-1
2487	-1
2488	3649759
2489	-1
2490	3652323
2491	-1
2492	-1
2493	3654887
2494	-1
2495	3657451
2496	-1
2497	-1
2498	3660015
2499	-1
2500	-1
2501	3662579
2502	-1
2503	3665143
2504	-1
2505	-1
2506	3667707
2507	-1
2508	3670271
2509	-1
2510	-1
2511	3672835
2512	-1
2513	3675399
2514	-1
2515	-1
2516	3677963
2517	-1
2518	-1
2519	3680527
2520	-1
2521	3683091
2522	-1
2523	-1
2524	3685655
2525	-1
2526	3688219
2527	-1
2528	-1
2529	3690783
2530	-1
2531	3693347
2532	-1
2533	-1
2534	3695911
2535	-1
2536	3698475
2537	-1
2538	-1
2539	3701039
2540	-1
2541	-1
2542	3703603
2543	-1
2544	3706167
2545	-1
2546	-1
2547	3708731
2548	-1
2549	3711295
2550	-1
2551	-1
2552	3713859
2553	-1
2554	3716423
2555	-1
2556	-1
2557	3718987
2558	-1
2559	-1
2560	3721551
2561	-1
2562	3724115
2563	-1
2564	-1
2565	3726679
2566	-1
2567	3729243
2568	-1
2569	-1
2570	3731807
2571	-1
2572	3734371
2573	-1
2574	-1
2575	3736935
2576	-1
2577	3739499
2578	-1
2579	-1
2580	3742063
2581	-1
2582	-1
2583	3744627
2584	-1
2585	3747191
2586	-1
2587	-1
2588	3749755
2589	-1
2590	3752319
2591	-1
2592	-1
2593	3754883
2594	-1
2595	3757447
2596	-1
2597	-1
2598	3760011
2599	-1
2600	-1
2601	3762575
2602	-1
2603	3765139
2604	-1
2605	-1
2606	3767703
2607	-1
2608	3770267
2609	-1
2610	-1
2611	3772831
2612	-1
2613	3775395
2614	-1
2615	-1
2616	3777959
2617	-1
2618	-1
2619	3780523
2620	-1
2621	3783087
2622	-1
2623	-1
2624	3785651
2625	-1
2626	3788215
2627	-1
2628	-1
2629	3790779
2630	-1
2631	3793343
2632	-1
2633	-1
2634	3795907
2635	-1
2636	3798471
2637	-1
2638	-1
2639	3801035
2640	-1
2641	-1
2642	3803599
2643	-1
2644	3806163
2645	-1
2646	-1
2647	3808727
2648	-1
2649	3811291
2650	-1
2651	-1
2652	3813855
2653	-1
2654	3816419
2655	-1
2656	-1
2657	3818983
2658	-1
2659	-1
2660	3821547
2661	-1
2662	3824111
2663	-1
2664	-1
2665	3826675
2666	-1
2667	3829239
2668	-1
2669	-1
2670	3831803
2671	-1
2672	3834367
2673	-1
2674	-1
2675	3836931
2676	-1
2677	3839495
2678	-1
2679	-1
2680	3842059
2681	-1
2682	-1
2683	3844623
2684	-1
2685	3847187
2686	-1
2687	-1
2688	3849751
2689	-1
2690	3852315
2691	-1
2692	-1
2693	3854879
2694	-1
2695	3857443
2696	-1
2697	-1
2698	3860007
2699	-1
2700	-1
2701	3862571
2702	-1
2703	3865135
2704	-1
2705	-1
2706	3867699
2707	-1
2708	3870263
2709	-1
2710	-1
2711	3872827
2712	-1
2713	3875391
2714	-1
2715	-1
2716	3877955
2717	-1
2718	-1
2719	3880519
2720	-1
2721	3883083
2722	-1
2723	-1
2724	3885647
2725	-1
2726	3888211
2727	-1
2728	-1
2729	3890775
2730	-1
2731	3893339
2732	-1
2733	-1
2734	3895903
2735	-1
2736	3898467
2737	-1
2738	-1
2739	3901031
2740	-1
2741	-1
2742	3903595
2743	-1
2744	3906159
2745	-1
2746	-1
2747	3908723
2748	-1
2749	3911287
2750	-1
2751	-1
2752	3913851
2753	-1
2754	3916415
2755	-1
2756	-1
2757	3918979
2758	-1
2759	-1
2760	3921543
2761	-1
2762	3924107
2763	-1
2764	-1
2765	3926671
2766	-1
2767	3929235
2768	-1
2769	-1
2770	3931799
2771	-1
2772	3934363
2773	-1
2774	-1
2775	3936927
2776	-1
2777	3939491
2778	-1
2779	-1
2780	3942055
2781	-1
2782	-1
2783	3944619
2784	-1
2785	3947183
2786	-1
2787	-1
2788	3949747
2789	-1
2790	3952311
2791	-1
2792	-1
2793	3954875
2794	-1
2795	3957439
2796	-1
2797	-1
2798	3960003
2799	-1
2800	-1
2801	3962567
2802	-1
2803	3965131
2804	-1
2805	-1
2806	3967695
2807	-1
2808	3970259
2809	-1
2810	-1
2811	3972823
2812	-1
2813	3975387
2814	-1
2815	-1
2816	3977951
2817	-1
2818	-1
2819	3980515
2820	-1
2821	3983079
2822	-1
2823	-1
2824	3985643
2825	-1
2826	3988207
2827	-1
2828	-1
2829	3990771
2830	-1
2831	3993335
2832	-1
2833	-1
2834	3995899
2835	-1
2836	3998463
2837	-1
2838	-1
2839	4001027
2840	-1
2841	-1
2842	4003591
2843	-1
2844	4006155
2845	-1
2846	-1
2847	4008719
2848	-1
2849	4011283
2850	-1
2851	-1
2852	4013847
2853	-1
2854	4016411
2855	-1
2856	-1
2857	4018975
2858	-1
2859	-1
2860	4021539
2861	-1
2862	4024103
2863	-1
2864	-1
2865	4026667
2866	-1
2867	4029231
2868	-1
2869	-1
2870	4031795
2871	-1
2872	4034359
2873	-1
2874	-1
2875	4036923
2876	-1
2877	4039487
2878	-1
2879	-1
2880	4042051
2881	-1
2882	-1
2883	4044615
2884	-1
2885	4047179
2886	-1
2887	-1
2888	4049743
2889	-1
2890	4052307
2891	-1
2892	-1
2893	4054871
2894	-1
2895	4057435
2896	-1
2897	-1
2898	4059999
2899	-1
2900	-1
2901	4062563
2902	-1
2903	4065127
2904	-1
2905	-1
2906	4067691
2907	-1
2908	4070255
2909	-1
2910	-1
2911	4072819
2912	-1
2913	4075383
2914	-1
2915	-1
2916	4077947
2917	-1
2918	-1
2919	4080511
2920	-1
2921	4083075
2922	-1
2923	-1
2924	4085639
2925	-1
2926	4088203
2927	-1
2928	-1
2929	4090767
2930	-1
2931	4093331
2932	-1
2933	-1
2934	4095895
2935	-1
2936	4098459
2937	-1
2938	-1
2939	4101023
2940	-1
2941	-1
2942	4103587
2943	-1
2944	4106151
2945	-1
2946	-1
2947	4108715
2948	-1
2949	4111279
2950	-1
2951	-1
2952	4113843
2953	-1
2954	4116407
2955	-1
2956	-1
2957	4118971
2958	-1
2959	-1
2960	4121535
2961	-1
2962	4124099
2963	-1
2964	-1
2965	4126663
2966	-1
2967	4129227
2968	-1
2969	-1
2970	4131791
2971	-1
2972	4134355
2973	-1
2974	-1
2975	4136919
2976	-1
2977	4139483
2978	-1
2979	-1
2980	4142047
2981	-1
2982	-1
2983	4144611
2984	-1
2985	4147175
2986	-1
2987	-1
2988	4149739
2989	-1
2990	4152303
2991	-1
2992	-1
2993	4154867
2994	-1
2995	4157431
2996	-1
2997	-1
2998	4159995
2999	-1
3000	-1
3001	4162559
3002	-1
3003	4165123
3004	-1
3005	-1
3006	4167687
3007	-1
3008	4170251
3009	-1
3010	-1
3011	4172815
3012	-1
3013	4175379
3014	-1
3015	-1
3016	4177943
3017	-1
3018	-1
3019	4180507
3020	-1
3021	4183071
3022	-1
3023	-1
3024	4185635
3025	-1
3026	4188199
3027	-1
3028	-1
3029	4190763
3030	-1
3031	4193327
3032	-1
3033	-1
3034	4195891
3035	-1
3036	4198455
3037	-1
3038	-1
3039	4201019
3040	-1
3041	-1
3042	4203583
3043	-1
3044	4206147
3045	-1
3046	-1
3047	4208711
3048	-1
3049	4211275
3050	-1
3051	-1
3052	4213839
3053	-1
3054	4216403
3055	-1
3056	-1
3057	4218967
3058	-1
3059	-1
3060	4221531
3061	-1
3062	4224095
3063	-1
3064	-1
3065	4226659
3066	-1
3067	4229223
3068	-1
3069	-1
3070	4231787
3071	-1
3072	4234351
3073	-1
3074	-1
3075	4236915
3076	-1
3077	4239479
3078	-1
3079	-1
3080	4242043
3081	-1
3082	-1
3083	4244607
3084	-1
3085	4247171
3086	-1
3087	-1
3088	4249735
3089	-1
3090	4252299
3091	-1
3092	-1
3093	4254863
3094	-1
3095	4257427
3096	-1
3097	-1
3098	4259991
3099	-1
3100	-1
3101	4262555
3102	-1
3103	4265119
3104	-1
3105	-1
3106	4267683
3107	-1
3108	4270247
3109	-1
3110	-1
3111	4272811
3112	-1
3113	4275375
3114	-1
3115	-1
3116	4277939
3117	-1
3118	4280503
3119	-1
3120	-1
3121	4283067
3122	-1
3123	-1
3124	4285631
3125	-1
3126	4288195
3127	-1
3128	-1
3129	4290759
3130	-1
3131	4293323
3132	-1
3133	-1
3134	4295887
3135	-1
3136	4298451
3137	-1
3138	-1
3139	4301015
3140	-1
3141	-1
3142	4303579
3143	-1
3144	4306143
3145	-1
3146	-1
3147	4308707
3148	-1
3149	4311271
3150	-1
3151	-1
3152	4313835
3153	-1
3154	4316399
3155	-1
3156	-1
3157	4318963
3158	-1
3159	-1
3160	4321527
3161	-1
3162	4324091
3163	-1
3164	-1
3165	4326655
3166	-1
3167	4329219
3168	-1
3169	-1
3170	4331783
3171	-1
3172	4334347
3173	-1
3174	-1
3175	4336911
3176	-1
3177	4339475
3178	-1
3179	-1
3180	4342039
3181	-1
3182	-1
3183	4344603
3184	-1
3185	4347167
3186	-1
3187	-1
3188	4349731
3189	-1
3190	4352295
3191	-1
3192	-1
3193	4354859
3194	-1
3195	4357423
3196	-1
3197	-1
3198	4359987
3199	-1
3200	-1
3201	4362551
3202	-1
3203	4365115
3204	-1
3205	-1
3206	4367679
3207	-1
3208	4370243
3209	-1
3210	-1
3211	4372807
3212	-1
3213	4375371
3214	-1
3215	-1
3216	4377935
3217	-1
3218	4380499
3219	-1
3220	-1
3221	4383063
3222	-1
3223	-1
3224	4385627
3225	-1
3226	4388191
3227	-1
3228	-1
3229	4390755
3230	-1
3231	4393319
3232	-1
3233	-1
3234	4395883
3235	-1
3236	4398447
3237	-1
3238	-1
3239	4401011
3240	-1
3241	-1
3242	4403575
3243	-1
3244	4406139
3245	-1
3246	-1
3247	4408703
3248	-1
3249	4411267
3250	-1
3251	-1
3252	4413831
3253	-1
3254	4416395
3255	-1
3256	-1
3257	4418959
3258	-1
3259	-1
3260	4421523
3261	-1
3262	4424087
3263	-1
3264	-1
3265	4426651
3266	-1
3267	4429215
3268	-1
3269	-1
3270	4431779
3271	-1
3272	4434343
3273	-1
3274	-1
3275	4436907
3276	-1
3277	4439471
3278	-1
3279	-1
3280	4442035
3281	-1
3282	-1
3283	4444599
3284	-1
3285	4447163
3286	-1
3287	-1
3288	4449727
3289	-1
3290	4452291
3291	-1
3292	-1
3293	4454855
3294	-1
3295	4457419
3296	-1
3297	-1
3298	4459983
3299	-1
3300	-1
3301	4462547
3302	-1
3303	4465111
3304	-1
3305	-1
3306	4467675
3307	-1
3308	4470239
3309	-1
3310	-1
3311	4472803
3312	-1
3313	4475367
3314	-1
3315	-1
3316	4477931
3317	-1
3318	4480495
3319	-1
3320	-1
3321	4483059
3322	-1
3323	-1
3324	4485623
3325	-1
3326	4488187
3327	-1
3328	-1
3329	4490751
3330	-1
3331	4493315
3332	-1
3333	-1
3334	4495879
3335	-1
3336	4498443
3337	-1
3338	-1
3339	4501007
3340	-1
3341	-1
3342	4503571
3343	-1
3344	4506135
3345	-1
3346	-1
3347	4508699
3348	-1
3349	4511263
3350	-1
3351	-1
3352	4513827
3353	-1
3354	4516391
3355	-1
3356	-1
3357	4518955
3358	-1
3359	-1
3360	4521519
3361	-1
3362	4524083
3363	-1
3364	-1
3365	4526647
3366	-1
3367	4529211
3368	-1
3369	-1
3370	4531775
3371	-1
3372	4534339
3373	-1
3374	-1
3375	4536903
3376	-1
3377	4539467
3378	-1
3379	-1
3380	4542031
3381	-1
3382	-1
3383	4544595
3384	-1
3385	4547159
3386	-1
3387	-1
3388	4549723
3389	-1
3390	4552287
3391	-1
3392	-1
3393	4554851
3394	-1
3395	4557415
3396	-1
3397	-1
3398	4559979
3399	-1
3400	-1
3401	4562543
3402	-1
3403	4565107
3404	-1
3405	-1
3406	4567671
3407	-1
3408	4570235
3409	-1
3410	-1
3411	4572799
3412	-1
3413	4575363
3414	-1
3415	-1
3416	4577927
3417	-1
3418	4580491
3419	-1
3420	-1
3421	4583055
3422	-1
3423	-1
3424	4585619
3425	-1
3426	4588183
3427	-1
3428	-1
3429	4590747
3430	-1
3431	4593311
3432	-1
3433	-1
3434	4595875
3435	-1
3436	4598439
3437	-1
3438	-1
3439	4601003
3440	-1
3441	-1
3442	4603567
3443	-1
3444	4606131
3445	-1
3446	-1
3447	4608695
3448	-1
3449	4611259
3450	-1
3451	-1
3452	4613823
3453	-1
3454	4616387
3455	-1
3456	-1
3457	4618951
3458	-1
3459	-1
3460	4621515
3461	-1
3462	4624079
3463	-1
3464	-1
3465	4626643
3466	-1
3467	4629207
3468	-1
3469	-1
3470	4631771
3471	-1
3472	4634335
3473	-1
3474	-1
3475	4636899
3476	-1
3477	4639463
3478	-1
3479	-1
3480	4642027
3481	-1
3482	-1
3483	4644591
3484	-1
3485	4647155
3486	-1
3487	-1
3488	4649719
3489	-1
3490	4652283
3491	-1
3492	-1
3493	4654847
3494	-1
3495	4657411
3496	-1
3497	-1
3498	4659975
3499	-1
3500	-1
3501	4662539
3502	-1
3503	4665103
3504	-1
3505	-1
3506	4667667
3507	-1
3508	4670231
3509	-1
3510	-1
3511	4672795
3512	-1
3513	4675359
3514	-1
3515	-1
3516	4677923
3517	-1
3518	4680487
3519	-1
3520	-1
3521	4683051
3522	-1
3523	-1
3524	4685615
3525	-1
3526	4688179
3527	-1
3528	-1
3529	4690743
3530	-1
3531	4693307
3532	-1
3533	-1
3534	4695871
3535	-1
3536	4698435
3537	-1
3538	-1
3539	4700999
3540	-1
3541	-1
3542	4703563
3543	-1
3544	4706127
3545	-1
3546	-1
3547	4708691
3548	-1
3549	4711255
3550	-1
3551	-1
3552	4713819
3553	-1
3554	4716383
3555	-1
3556	-1
3557	4718947
3558	-1
3559	-1
3560	4721511
3561	-1
3562	4724075
3563	-1
3564	-1
3565	4726639
3566	-1
3567	4729203
3568	-1
3569	-1
3570	4731767
3571	-1
3572	4734331
3573	-1
3574	-1
3575	4736895
3576	-1
3577	4739459
3578	-1
3579	-1
3580	4742023
3581	-1
3582	-1
3583	4744587
3584	-1
3585	4747151
3586	-1
3587	-1
3588	4749715
3589	-1
3590	4752279
3591	-1
3592	-1
3593	4754843
3594	-1
3595	4757407
3596	-1
3597	-1
3598	4759971
3599	-1
3600	-1
3601	4762535
3602	-1
3603	4765099
3604	-1
3605	-1
3606	4767663
3607	-1
3608	4770227
3609	-1
3610	-1
3611	4772791
3612	-1
3613	4775355
3614	-1
3615	-1
3616	4777919
3617	-1
3618	4780483
3619	-1
3620	-1
3621	4783047
3622	-1
3623	-1
3624	4785611
3625	-1
3626	4788175
3627	-1
3628	-1
3629	4790739
3630	-1
3631	4793303
3632	-1
3633	-1
3634	4795867
3635	-1
3636	4798431
3637	-1
3638	-1
3639	4800995
3640	-1
3641	-1
3642	4803559
3643	-1
3644	4806123
3645	-1
3646	-1
3647	4808687
3648	-1
3649	4811251
3650	-1
3651	-1
3652	4813815
3653	-1
3654	4816379
3655	-1
3656	-1
3657	4818943
3658	-1
3659	-1
3660	4821507
3661	-1
3662	4824071
3663	-1
3664	-1
3665	4826635
3666	-1
3667	4829199
3668	-1
3669	-1
3670	4831763
3671	-1
3672	4834327
3673	-1
3674	-1
3675	4836891
3676	-1
3677	4839455
3678	-1
3679	-1
3680	4842019
3681	-1
3682	-1
3683	4844583
3684	-1
3685	4847147
3686	-1
3687	-1
3688	4849711
3689	-1
3690	4852275
3691	-1
3692	-1
3693	4854839
3694	-1
3695	4857403
3696	-1
3697	-1
3698	4859967
3699	-1
3700	-1
3701	4862531
3702	-1
3703	4865095
3704	-1
3705	-1
3706	4867659
3707	-1
3708	4870223
3709	-1
3710	-1
3711	4872787
3712	-1
3713	4875351
3714	-1
3715	-1
3716	4877915
3717	-1
3718	4880479
3719	-1
3720	-1
3721	4883043
3722	-1
3723	-1
3724	4885607
3725	-1
3726	4888171
3727	-1
3728	-1
3729	4890735
3730	-1
3731	4893299
3732	-1
3733	-1
3734	4895863
3735	-1
3736	4898427
3737	-1
3738	-1
3739	4900991
3740	-1
3741	-1
3742	4903555
3743	-1
3744	4906119
3745	-1
3746	-1
3747	4908683
3748	-1
3749	4911247
3750	-1
3751	-1
3752	4913811
3753	-1
3754	4916375
3755	-1
3756	-1
3757	4918939
3758	-1
3759	4921503
3760	-1
3761	-1
3762	4924067
3763	-1
3764	-1
3765	4926631
3766	-1
3767	4929195
3768	-1
3769	-1
3770	4931759
3771	-1
3772	4934323
3773	-1
3774	-1
3775	4936887
3776	-1
3777	4939451
3778	-1
3779	-1
3780	4942015
3781	-1
3782	-1
3783	4944579
3784	-1
3785	4947143
3786	-1
3787	-1
3788	4949707
3789	-1
3790	4952271
3791	-1
3792	-1
3793	4954835
3794	-1
3795	4957399
3796	-1
3797	-1
3798	4959963
3799	-1
3800	-1
3801	4962527
3802	-1
3803	4965091
3804	-1
3805	-1
3806	4967655
3807	-1
3808	4970219
3809	-1
3810	-1
3811	4972783
3812	-1
3813	4975347
3814	-1
3815	-1
3816	4977911
3817	-1
3818	4980475
3819	-1
3820	-1
3821	4983039
3822	-1
3823	-1
3824	4985603
3825	-1
3826	4988167
3827	-1
3828	-1
3829	4990731
3830	-1
3831	4993295
3832	-1
3833	-1
3834	4995859
3835	-1
3836	4998423
3837	-1
3838	-1
3839	5000987
3840	-1
3841	-1
3842	5003551
3843	-1
3844	5006115
3845	-1
3846	-1
3847	5008679
3848	-1
3849	5011243
3850	-1
3851	-1
3852	5013807
3853	-1
3854	5016371
3855	-1
3856	-1
3857	5018935
3858	-1
3859	5021499
3860	-1
3861	-1
3862	5024063
3863	-1
3864	-1
3865	5026627
3866	-1
3867	5029191
3868	-1
3869	-1
3870	5031755
3871	-1
3872	5034319
3873	-1
3874	-1
3875	5036883
3876	-1
3877	5039447
3878	-1
3879	-1
3880	5042011
3881	-1
3882	-1
3883	5044575
3884	-1
3885	5047139
3886	-1
3887	-1
3888	5049703
3889	-1
3890	5052267
3891	-1
3892	-1
3893	5054831
3894	-1
3895	5057395
3896	-1
3897	-1
3898	5059959
3899	-1
3900	-1
3901	5062523
3902	-1
3903	5065087
3904	-1
3905	-1
3906	5067651
3907	-1
3908	5070215
3909	-1
3910	-1
3911	5072779
3912	-1
3913	5075343
3914	-1
3915	-1
3916	5077907
3917	-1
3918	5080471
3919	-1
3920	-1
3921	5083035
3922	-1
3923	-1
3924	5085599
3925	-1
3926	5088163
3927	-1
3928	-1
3929	5090727
3930	-1
3931	5093291
3932	-1
3933	-1
3934	5095855
3935	-1
3936	5098419
3937	-1
3938	-1
3939	5100983
3940	-1
3941	-1
3942	5103547
3943	-1
3944	5106111
3945	-1
3946	-1
3947	5108675
3948	-1
3949	5111239
3950	-1
3951	-1
3952	5113803
3953	-1
3954	5116367
3955	-1
3956	-1
3957	5118931
3958	-1
3959	5121495
3960	-1
3961	-1
3962	5124059
3963	-1
3964	-1
3965	5126623
3966	-1
3967	5129187
3968	-1
3969	-1
3970	5131751
3971	-1
3972	5134315
3973	-1
3974	-1
3975	5136879
3976	-1
3977	5139443
3978	-1
3979	-1
3980	5142007
3981	-1
3982	-1
3983	5144571
3984	-1
3985	5147135
3986	-1
3987	-1
3988	5149699
3989	-1
3990	5152263
3991	-1
3992	-1
3993	5154827
3994	-1
3995	5157391
3996	-1
3997	-1
3998	5159955
3999	-1
4000	-1
4001	5162519
4002	-1
4003	5165083
4004	-1
4005	-1
4006	5167647
4007	-1
4008	5170211
4009	-1
4010	-1
4011	5172775
4012	-1
4013	5175339
4014	-1
4015	-1
4016	5177903
4017	-1
4018	5180467
4019	-1
4020	-1
4021	5183031
4022	-1
4023	-1
4024	5185595
4025	-1
4026	5188159
4027	-1
4028	-1
4029	5190723
4030	-1
4031	5193287
4032	-1
4033	-1
4034	5195851
4035	-1
4036	5198415
4037	-1
4038	-1
4039	5200979
4040	-1
4041	-1
4042	5203543
4043	-1
4044	5206107
4045	-1
4046	-1
4047	5208671
4048	-1
4049	5211235
4050	-1
4051	-1
4052	5213799
4053	-1
4054	5216363
4055	-1
4056	-1
4057	5218927
4058	-1
4059	5221491
4060	-1
4061	-1
4062	5224055
4063	-1
4064	-1
4065	5226619
4066	-1
4067	5229183
4068	-1
4069	-1
4070	5231747
4071	-1
4072	5234311
4073	-1
4074	-1
4075	5236875
4076	-1
4077	5239439
4078	-1
4079	-1
4080	5242003
4081	-1
4082	-1
4083	5244567
4084	-1
4085	5247131
4086	-1
4087	-1
4088	5249695
4089	-1
4090	5252259
4091	-1
4092	-1
4093	5254823
4094	-1
4095	5257387
4096	-1
4097	-1
4098	5259951
4099	-1
4100	-1
4101	5262515
4102	-1
4103	5265079
4104	-1
4105	-1
4106	5267643
4107	-1
4108	5270207
4109	-1
4110	-1
4111	5272771
4112	-1
4113	5275335
4114	-1
4115	-1
4116	5277899
4117	-1
4118	5280463
4119	-1
4120	-1
4121	5283027
4122	-1
4123	-1
4124	5285591
4125	-1
4126	5288155
4127	-1
4128	-1
4129	5290719
4130	-1
4131	5293283
4132	-1
4133	-1
4134	5295847
4135	-1
4136	5298411
4137	-1
4138	-1
4139	5300975
4140	-1
4141	-1
4142	5303539
4143	-1
4144	5306103
4145	-1
4146	-1
4147	5308667
4148	-1
4149	5311231
4150	-1
4151	-1
4152	5313795
4153	-1
4154	5316359
4155	-1
4156	-1
4157	5318923
4158	-1
4159	5321487
4160	-1
4161	-1
4162	5324051
4163	-1
4164	-1
4165	5326615
4166	-1
4167	5329179
4168	-1
4169	-1
4170	5331743
4171	-1
4172	5334307
4173	-1
4174	-1
4175	5336871
4176	-1
4177	5339435
4178	-1
4179	-1
4180	5341999
4181	-1
4182	-1
4183	5344563
4184	-1
4185	5347127
4186	-1
4187	-1
4188	5349691
4189	-1
4190	5352255
4191	-1
4192	-1
4193	5354819
4194	-1
4195	5357383
4196	-1
4197	-1
4198	5359947
4199	-1
4200	-1
4201	5362511
4202	-1
4203	5365075
4204	-1
4205	-1
4206	5367639
4207	-1
4208	5370203
4209	-1
4210	-1
4211	5372767
4212	-1
4213	5375331
4214	-1
4215	-1
4216	5377895
4217	-1
4218	5380459
4219	-1
4220	-1
4221	5383023
4222	-1
4223	-1
4224	5385587
4225	-1
4226	5388151
4227	-1
4228	-1
4229	5390715
4230	-1
4231	5393279
4232	-1
4233	-1
4234	5395843
4235	-1
4236	5398407
4237	-1
4238	-1
4239	5400971
4240	-1
4241	-1
4242	5403535
4243	-1
4244	5406099
4245	-1
4246	-1
4247	5408663
4248	-1
4249	5411227
4250	-1
4251	-1
4252	5413791
4253	-1
4254	5416355
4255	-1
4256	-1
4257	5418919
4258	-1
4259	5421483
4260	-1
4261	-1
4262	5424047
4263	-1
4264	-1
4265	5426611
4266	-1
4267	5429175
4268	-1
4269	-1
4270	5431739
4271	-1
4272	5434303
4273	-1
4274	-1
4275	5436867
4276	-1
4277	5439431
4278	-1
4279	-1
4280	5441995
4281	-1
4282	-1
4283	5444559
4284	-1
4285	5447123
4286	-1
4287	-1
4288	5449687
4289	-1
4290	5452251
4291	-1
4292	-1
4293	5454815
4294	-1
4295	5457379
4296	-1
4297	-1
4298	5459943
4299	-1
4300	-1
4301	5462507
4302	-1
4303	5465071
4304	-1
4305	-1
4306	5467635
4307	-1
4308	5470199
4309	-1
4310	-1
4311	5472763
4312	-1
4313	5475327
4314	-1
4315	-1
4316	5477891
4317	-1
4318	5480455
4319	-1
4320	-1
4321	5483019
4322	-1
4323	-1
4324	5485583
4325	-1
4326	5488147
4327	-1
4328	-1
4329	5490711
4330	-1
4331	5493275
4332	-1
4333	-1
4334	5495839
4335	-1
4336	5498403
4337	-1
4338	-1
4339	5500967
4340	-1
4341	-1
4342	5503531
4343	-1
4344	5506095
4345	-1
4346	-1
4347	5508659
4348	-1
4349	5511223
4350	-1
4351	-1
4352	5513787
4353	-1
4354	5516351
4355	-1
4356	-1
4357	5518915
4358	-1
4359	5521479
4360	-1
4361	-1
4362	5524043
4363	-1
4364	-1
4365	5526607
4366	-1
4367	5529171
4368	-1
4369	-1
4370	5531735
4371	-1
4372	5534299
4373	-1
4374	-1
4375	5536863
4376	-1
4377	5539427
4378	-1
4379	-1
4380	5541991
4381	-1
4382	-1
4383	5544555
4384	-1
4385	5547119
4386	-1
4387	-1
4388	5549683
4389	-1
4390	5552247
4391	-1
4392	-1
4393	5554811
4394	-1
4395	5557375
4396	-1
4397	-1
4398	5559939
4399	-1
4400	5562503
4401	-1
4402	-1
4403	5565067
4404	-1
4405	-1
4406	5567631
4407	-1
4408	5570195
4409	-1
4410	-1
4411	5572759
4412	-1
4413	5575323
4414	-1
4415	-1
4416	5577887
4417	-1
4418	5580451
4419	-1
4420	-1
4421	5583015
4422	-1
4423	-1
4424	5585579
4425	-1
4426	5588143
4427	-1
4428	-1
4429	5590707
4430	-1
4431	5593271
4432	-1
4433	-1
4434	5595835
4435	-1
4436	5598399
4437	-1
4438	-1
4439	5600963
4440	-1
4441	-1
4442	5603527
4443	-1
4444	5606091
4445	-1
4446	-1
4447	5608655
4448	-1
4449	5611219
4450	-1
4451	-1
4452	5613783
4453	-1
4454	5616347
4455	-1
4456	-1
4457	5618911
4458	-1
4459	5621475
4460	-1
4461	-1
4462	5624039
4463	-1
4464	-1
4465	5626603
4466	-1
4467	5629167
4468	-1
4469	-1
4470	5631731
4471	-1
4472	5634295
4473	-1
4474	-1
4475	5636859
4476	-1
4477	5639423
4478	-1
4479	-1
4480	5641987
4481	-1
4482	-1
4483	5644551
4484	-1
4485	5647115
4486	-1
4487	-1
4488	5649679
4489	-1
4490	5652243
4491	-1
4492	-1
4493	5654807
4494	-1
4495	5657371
4496	-1
4497	-1
4498	5659935
4499	-1
4500	5662499
4501	-1
4502	-1
4503	5665063
4504	-1
4505	-1
4506	5667627
4507	-1
4508	5670191
4509	-1
4510	-1
4511	5672755
4512	-1
4513	5675319
4514	-1
4515	-1
4516	5677883
4517	-1
4518	5680447
4519	-1
4520	-1
4521	5683011
4522	-1
4523	-1
4524	5685575
4525	-1
4526	5688139
4527	-1
4528	-1
4529	5690703
4530	-1
4531	5693267
4532	-1
4533	-1
4534	5695831
4535	-1
4536	5698395
4537	-1
4538	-1
4539	5700959
4540	-1
4541	-1
4542	5703523
4543	-1
4544	5706087
4545	-1
4546	-1
4547	5708651
4548	-1
4549	5711215
4550	-1
4551	-1
4552	5713779
4553	-1
4554	5716343
4555	-1
4556	-1
4557	5718907
4558	-1
4559	5721471
4560	-1
4561	-1
4562	5724035
4563	-1
4564	-1
4565	5726599
4566	-1
4567	5729163
4568	-1
4569	-1
4570	5731727
4571	-1
4572	5734291
4573	-1
4574	-1
4575	5736855
4576	-1
4577	5739419
4578	-1
4579	-1
4580	5741983
4581	-1
4582	-1
4583	5744547
4584	-1
4585	5747111
4586	-1
4587	-1
4588	5749675
4589	-1
4590	5752239
4591	-1
4592	-1
4593	5754803
4594	-1
4595	5757367
4596	-1
4597	-1
4598	5759931
4599	-1
4600	5762495
4601	-1
4602	-1
4603	5765059
4604	-1
4605	-1
4606	5767623
4607	-1
4608	5770187
4609	-1
4610	-1
4611	5772751
4612	-1
4613	5775315
4614	-1
4615	-1
4616	5777879
4617	-1
4618	5780443
4619	-1
4620	-1
4621	5783007
4622	-1
4623	-1
4624	5785571
4625	-1
4626	5788135
4627	-1
4628	-1
4629	5790699
4630	-1
4631	5793263
4632	-1
4633	-1
4634	5795827
4635	-1
4636	5798391
4637	-1
4638	-1
4639	5800955
4640	-1
4641	-1
4642	5803519
4643	-1
4644	5806083
4645	-1
4646	-1
4647	5808647
4648	-1
4649	5811211
4650	-1
4651	-1
4652	5813775
4653	-1
4654	5816339
4655	-1
4656	-1
4657	5818903
4658	-1
4659	5821467
4660	-1
4661	-1
4662	5824031
4663	-1
4664	-1
4665	5826595
4666	-1
4667	5829159
4668	-1
4669	-1
4670	5831723
4671	-1
4672	5834287
4673	-1
4674	-1
4675	5836851
4676	-1
4677	5839415
4678	-1
4679	-1
4680	5841979
4681	-1
4682	-1
4683	5844543
4684	-1
4685	5847107
4686	-1
4687	-1
4688	5849671
4689	-1
4690	5852235
4691	-1
4692	-1
4693	5854799
4694	-1
4695	5857363
4696	-1
4697	-1
4698	5859927
4699	-1
4700	5862491
4701	-1
4702	-1
4703	5865055
4704	-1
4705	-1
4706	5867619
4707	-1
4708	5870183
4709	-1
4710	-1
4711	5872747
4712	-1
4713	5875311
4714	-1
4715	-1
4716	5877875
4717	-1
4718	5880439
4719	-1
4720	-1
4721	5883003
4722	-1
4723	-1
4724	5885567
4725	-1
4726	5888131
4727	-1
4728	-1
4729	5890695
4730	-1
4731	5893259
4732	-1
4733	-1
4734	5895823
4735	-1
4736	5898387
4737	-1
4738	-1
4739	5900951
4740	-1
4741	-1
4742	5903515
4743	-1
4744	5906079
4745	-1
4746	-1
4747	5908643
4748	-1
4749	5911207
4750	-1
4751	-1
4752	5913771
4753	-1
4754	5916335
4755	-1
4756	-1
4757	5918899
4758	-1
4759	5921463
4760	-1
4761	-1
4762	5924027
4763	-1
4764	-1
4765	5926591
4766	-1
4767	5929155
4768	-1
4769	-1
4770	5931719
4771	-1
4772	5934283
4773	-1
4774	-1
4775	5936847
4776	-1
4777	5939411
4778	-1
4779	-1
4780	5941975
4781	-1
4782	-1
4783	5944539
4784	-1
4785	5947103
4786	-1
4787	-1
4788	5949667
4789	-1
4790	5952231
4791	-1
4792	-1
4793	5954795
4794	-1
4795	5957359
4796	-1
4797	-1
4798	5959923
4799	-1
4800	5962487
4801	-1
4802	-1
4803	5965051
4804	-1
4805	-1
4806	5967615
4807	-1
4808	5970179
4809	-1
4810	-1
4811	5972743
4812	-1
4813	5975307
4814	-1
4815	-1
4816	5977871
4817	-1
4818	5980435
4819	-1
4820	-1
4821	5982999
4822	-1
4823	-1
4824	5985563
4825	-1
4826	5988127
4827	-1
4828	-1
4829	5990691
4830	-1
4831	5993255
4832	-1
4833	-1
4834	5995819
4835	-1
4836	5998383
4837	-1
4838	-1
4839	6000947
4840	-1
4841	-1
4842	6003511
4843	-1
4844	6006075
4845	-1
4846	-1
4847	6008639
4848	-1
4849	6011203
4850	-1
4851	-1
4852	6013767
4853	-1
4854	6016331
4855	-1
4856	-1
4857	6018895
4858	-1
4859	6021459
4860	-1
4861	-1
4862	6024023
4863	-1
4864	-1
4865	6026587
4866	-1
4867	6029151
4868	-1
4869	-1
4870	6031715
4871	-1
4872	6034279
4873	-1
4874	-1
4875	6036843
4876	-1
4877	6039407
4878	-1
4879	-1
4880	6041971
4881	-1
4882	-1
4883	6044535
4884	-1
4885	6047099
4886	-1
4887	-1
4888	6049663
4889	-1
4890	6052227
4891	-1
4892	-1
4893	6054791
4894	-1
4895	6057355
4896	-1
4897	-1
4898	6059919
4899	-1
4900	6062483
4901	-1
4902	-1
4903	6065047
4904	-1
4905	-1
4906	6067611
4907	-1
4908	6070175
4909	-1
4910	-1
4911	6072739
4912	-1
4913	6075303
4914	-1
4915	-1
4916	6077867
4917	-1
4918	6080431
4919	-1
4920	-1
4921	6082995
4922	-1
4923	-1
4924	6085559
4925	-1
4926	6088123
4927	-1
4928	-1
4929	6090687
4930	-1
4931	6093251
4932	-1
4933	-1
4934	6095815
4935	-1
4936	6098379
4937	-1
4938	-1
4939	6100943
4940	-1
4941	-1
4942	6103507
4943	-1
4944	6106071
4945	-1
4946	-1
4947	6108635
4948	-1
4949	6111199
4950	-1
4951	-1
4952	6113763
4953	-1
4954	6116327
4955	-1
4956	-1
4957	6118891
4958	-1
4959	6121455
4960	-1
4961	-1
4962	6124019
4963	-1
4964	-1
4965	6126583
4966	-1
4967	6129147
4968	-1
4969	-1
4970	6131711
4971	-1
4972	6134275
4973	-1
4974	-1
4975	6136839
4976	-1
4977	6139403
4978	-1
4979	-1
4980	6141967
4981	-1
4982	-1
4983	6144531
4984	-1
4985	6147095
4986	-1
4987	-1
4988	6149659
4989	-1
4990	6152223
4991	-1
4992	-1
4993	6154787
4994	-1
4995	6157351
4996	-1
4997	-1
4998	6159915
4999	-1
5000	6162479
5001	-1
5002	-1
5003	6165043
5004	-1
5005	-1
5006	6167607
5007	-1
5008	6170171
5009	-1
5010	-1
5011	6172735
5012	-1
5013	6175299
5014	-1
5015	-1
5016	6177863
5017	-1
5018	6180427
5019	-1
5020	-1
5021	6182991
5022	-1
5023	-1
5024	6185555
5025	-1
5026	6188119
5027	-1
5028	-1
5029	6190683
5030	-1
5031	6193247
5032	-1
5033	-1
5034	6195811
5035	-1
5036	6198375
5037	-1
5038	-1
5039	6200939
5040	-1
5041	6203503
5042	-1
5043	-1
5044	6206067
5045	-1
5046	-1
5047	6208631
5048	-1
5049	6211195
5050	-1
5051	-1
5052	6213759
5053	-1
5054	6216323
5055	-1
5056	-1
5057	6218887
5058	-1
5059	6221451
5060	-1
5061	-1
5062	6224015
5063	-1
5064	-1
5065	6226579
5066	-1
5067	6229143
5068	-1
5069	-1
5070	6231707
5071	-1
5072	6234271
5073	-1
5074	-1
5075	6236835
5076	-1
5077	6239399
5078	-1
5079	-1
5080	6241963
5081	-1
5082	-1
5083	6244527
5084	-1
5085	6247091
5086	-1
5087	-1
5088	6249655
5089	-1
5090	6252219
5091	-1
5092	-1
5093	6254783
5094	-1
5095	6257347
5096	-1
5097	-1
5098	6259911
5099	-1
5100	6262475
5101	-1
5102	-1
5103	6265039
5104	-1
5105	-1
5106	6267603
5107	-1
5108	6270167
5109	-1
5110	-1
5111	6272731
5112	-1
5113	6275295
5114	-1
5115	-1
5116	6277859
5117	-1
5118	6280423
5119	-1
5120	-1
5121	6282987
5122	-1
5123	-1
5124	6285551
5125	-1
5126	6288115
5127	-1
5128	-1
5129	6290679
5130	-1
5131	6293243
5132	-1
5133	-1
5134	6295807
5135	-1
5136	6298371
5137	-1
5138	-1
5139	6300935
5140	-1
5141	6303499
5142	-1
5143	-1
5144	6306063
5145	-1
5146	-1
5147	6308627
5148	-1
5149	6311191
5150	-1
5151	-1
5152	6313755
5153	-1
5154	6316319
5155	-1
5156	-1
5157	6318883
5158	-1
5159	6321447
5160	-1
5161	-1
5162	6324011
5163	-1
5164	-1
5165	6326575
5166	-1
5167	6329139
5168	-1
5169	-1
5170	6331703
5171	-1
5172	6334267
5173	-1
5174	-1
5175	6336831
5176	-1
5177	6339395
5178	-1
5179	-1
5180	6341959
5181	-1
5182	-1
5183	6344523
5184	-1
5185	6347087
5186	-1
5187	-1
5188	6349651
5189	-1
5190	6352215
5191	-1
5192	-1
5193	6354779
5194	-1
5195	6357343
5196	-1
5197	-1
5198	6359907
5199	-1
5200	6362471
5201	-1
5202	-1
5203	6365035
5204	-1
5205	-1
5206	6367599
5207	-1
5208	6370163
5209	-1
5210	-1
5211	6372727
5212	-1
5213	6375291
5214	-1
5215	-1
5216	6377855
5217	-1
5218	6380419
5219	-1
5220	-1
5221	6382983
5222	-1
5223	-1
5224	6385547
5225	-1
5226	6388111
5227	-1
5228	-1
5229	6390675
5230	-1
5231	6393239
5232	-1
5233	-1
5234	6395803
5235	-1
5236	6398367
5237	-1
5238	-1
5239	6400931
5240	-1
5241	6403495
5242	-1
5243	-1
5244	6406059
5245	-1
5246	-1
5247	6408623
5248	-1
5249	6411187
5250	-1
5251	-1
5252	6413751
5253	-1
5254	6416315
5255	-1
5256	-1
5257	6418879
5258	-1
5259	6421443
5260	-1
5261	-1
5262	6424007
5263	-1
5264	-1
5265	6426571
5266	-1
5267	6429135
5268	-1
5269	-1
5270	6431699
5271	-1
5272	6434263
5273	-1
5274	-1
5275	6436827
5276	-1
5277	6439391
5278	-1
5279	-1
5280	6441955
5281	-1
5282	-1
5283	6444519
5284	-1
5285	6447083
5286	-1
5287	-1
5288	6449647
5289	-1
5290	6452211
5291	-1
5292	-1
5293	6454775
5294	-1
5295	6457339
5296	-1
5297	-1
5298	6459903
5299	-1
5300	6462467
5301	-1
5302	-1
5303	6465031
5304	-1
5305	-1
5306	6467595
5307	-1
5308	6470159
5309	-1
5310	-1
5311	6472723
5312	-1
5313	6475287
5314	-1
5315	-1
5316	6477851
5317	-1
5318	6480415
5319	-1
5320	-1
5321	6482979
5322	-1
5323	-1
5324	6485543
5325	-1
5326	6488107
5327	-1
5328	-1
5329	6490671
5330	-1
5331	6493235
5332	-1
5333	-1
5334	6495799
5335	-1
5336	6498363
5337	-1
5338	-1
5339	6500927
5340	-1
5341	6503491
5342	-1
5343	-1
5344	6506055
5345	-1
5346	-1
5347	6508619
5348	-1
5349	6511183
5350	-1
5351	-1
5352	6513747
5353	-1
5354	6516311
5355	-1
5356	-1
5357	6518875
5358	-1
5359	6521439
5360	-1
5361	-1
5362	6524003
5363	-1
5364	-1
5365	6526567
5366	-1
5367	6529131
5368	-1
5369	-1
5370	6531695
5371	-1
5372	6534259
5373	-1
5374	-1
5375	6536823
5376	-1
5377	6539387
5378	-1
5379	-1
5380	6541951
5381	-1
5382	-1
5383	6544515
5384	-1
5385	6547079
5386	-1
5387	-1
5388	6549643
5389	-1
5390	6552207
5391	-1
5392	-1
5393	6554771
5394	-1
5395	6557335
5396	-1
5397	-1
5398	6559899
5399	-1
5400	6562463
5401	-1
5402	-1
5403	6565027
5404	-1
5405	-1
5406	6567591
5407	-1
5408	6570155
5409	-1
5410	-1
5411	6572719
5412	-1
5413	6575283
5414	-1
5415	-1
5416	6577847
5417	-1
5418	6580411
5419	-1
5420	-1
5421	6582975
5422	-1
5423	-1
5424	6585539
5425	-1
5426	6588103
5427	-1
5428	-1
5429	6590667
5430	-1
5431	6593231
5432	-1
5433	-1
5434	6595795
5435	-1
5436	6598359
5437	-1
5438	-1
5439	6600923
5440	-1
5441	6603487
5442	-1
5443	-1
5444	6606051
5445	-1
5446	-1
5447	6608615
5448	-1
5449	6611179
5450	-1
5451	-1
5452	6613743
5453	-1
5454	6616307
5455	-1
5456	-1
5457	6618871
5458	-1
5459	6621435
5460	-1
5461	-1
5462	6623999
5463	-1
5464	-1
5465	6626563
5466	-1
5467	6629127
5468	-1
5469	-1
5470	6631691
5471	-1
5472	6634255
5473	-1
5474	-1
5475	6636819
5476	-1
5477	6639383
5478	-1
5479	-1
5480	6641947
5481	-1
5482	-1
5483	6644511
5484	-1
5485	6647075
5486	-1
5487	-1
5488	6649639
5489	-1
5490	6652203
5491	-1
5492	-1
5493	6654767
5494	-1
5495	6657331
5496	-1
5497	-1
5498	6659895
5499	-1
5500	6662459
5501	-1
5502	-1
5503	6665023
5504	-1
5505	-1
5506	6667587
5507	-1
5508	6670151
5509	-1
5510	-1
5511	6672715
5512	-1
5513	6675279
5514	-1
5515	-1
5516	6677843
5517	-1
5518	6680407
5519	-1
5520	-1
5521	6682971
5522	-1
5523	-1
5524	6685535
5525	-1
5526	6688099
5527	-1
5528	-1
5529	6690663
5530	-1
5531	6693227
5532	-1
5533	-1
5534	6695791
5535	-1
5536	6698355
5537	-1
5538	-1
5539	6700919
5540	-1
5541	6703483
5542	-1
5543	-1
5544	6706047
5545	-1
5546	-1
5547	6708611
5548	-1
5549	6711175
5550	-1
5551	-1
5552	6713739
5553	-1
5554	6716303
5555	-1
5556	-1
5557	6718867
5558	-1
5559	6721431
5560	-1
5561	-1
5562	6723995
5563	-1
5564	-1
5565	6726559
5566	-1
5567	6729123
5568	-1
5569	-1
5570	6731687
5571	-1
5572	6734251
5573	-1
5574	-1
5575	6736815
5576	-1
5577	6739379
5578	-1
5579	-1
5580	6741943
5581	-1
5582	-1
5583	6744507
5584	-1
5585	6747071
5586	-1
5587	-1
5588	6749635
5589	-1
5590	6752199
5591	-1
5592	-1
5593	6754763
5594	-1
5595	6757327
5596	-1
5597	-1
5598	6759891
5599	-1
5600	6762455
5601	-1
5602	-1
5603	6765019
5604	-1
5605	-1
5606	6767583
5607	-1
5608	6770147
5609	-1
5610	-1
5611	6772711
5612	-1
5613	6775275
5614	-1
5615	-1
5616	6777839
5617	-1
5618	6780403
5619	-1
5620	-1
5621	6782967
5622	-1
5623	-1
5624	6785531
5625	-1
5626	6788095
5627	-1
5628	-1
5629	6790659
5630	-1
5631	6793223
5632	-1
5633	-1
5634	6795787
5635	-1
5636	6798351
5637	-1
5638	-1
5639	6800915
5640	-1
5641	6803479
5642	-1
5643	-1
5644	6806043
5645	-1
5646	-1
5647	6808607
5648	-1
5649	6811171
5650	-1
5651	-1
5652	6813735
5653	-1
5654	6816299
5655	-1
5656	-1
5657	6818863
5658	-1
5659	6821427
5660	-1
5661	-1
5662	6823991
5663	-1
5664	-1
5665	6826555
5666	-1
5667	6829119
5668	-1
5669	-1
5670	6831683
5671	-1
5672	6834247
5673	-1
5674	-1
5675	6836811
5676	-1
5677	6839375
5678	-1
5679	-1
5680	6841939
5681	-1
5682	6844503
5683	-1
5684	-1
5685	6847067
5686	-1
5687	-1
5688	6849631
5689	-1
5690	6852195
5691	-1
5692	-1
5693	6854759
5694	-1
5695	6857323
5696	-1
5697	-1
5698	6859887
5699	-1
5700	6862451
5701	-1
5702	-1
5703	6865015
5704	-1
5705	-1
5706	6867579
5707	-1
5708	6870143
5709	-1
5710	-1
5711	6872707
5712	-1
5713	6875271
5714	-1
5715	-1
5716	6877835
5717	-1
5718	6880399
5719	-1
5720	-1
5721	6882963
5722	-1
5723	-1
5724	6885527
5725	-1
5726	6888091
5727	-1
5728	-1
5729	6890655
5730	-1
5731	6893219
5732	-1
5733	-1
5734	6895783
5735	-1
5736	6898347
5737	-1
5738	-1
5739	6900911
5740	-1
5741	6903475
5742	-1
5743	-1
5744	6906039
5745	-1
5746	-1
5747	6908603
5748	-1
5749	6911167
5750	-1
5751	-1
5752	6913731
5753	-1
5754	6916295
5755	-1
5756	-1
5757	6918859
5758	-1
5759	6921423
5760	-1
5761	-1
5762	6923987
5763	-1
5764	-1
5765	6926551
5766	-1
5767	6929115
5768	-1
5769	-1
5770	6931679
5771	-1
5772	6934243
5773	-1
5774	-1
5775	6936807
5776	-1
5777	6939371
5778	-1
5779	-1
5780	6941935
5781	-1
5782	6944499
5783	-1
5784	-1
5785	6947063
5786	-1
5787	-1
5788	6949627
5789	-1
5790	6952191
5791	-1
5792	-1
5793	6954755
5794	-1
5795	6957319
5796	-1
5797	-1
5798	6959883
5799	-1
5800	6962447
5801	-1
5802	-1
5803	6965011
5804	-1
5805	-1
5806	6967575
5807	-1
5808	6970139
5809	-1
5810	-1
5811	6972703
5812	-1
5813	6975267
5814	-1
5815	-1
5816	6977831
5817	-1
5818	6980395
5819	-1
5820	-1
5821	6982959
5822	-1
5823	-1
5824	6985523
5825	-1
5826	6988087
5827	-1
5828	-1
5829	6990651
5830	-1
5831	6993215
5832	-1
5833	-1
5834	6995779
5835	-1
5836	6998343
5837	-1
5838	-1
5839	7000907
5840	-1
5841	7003471
5842	-1
5843	-1
5844	7006035
5845	-1
5846	-1
5847	7008599
5848	-1
5849	7011163
5850	-1
5851	-1
5852	7013727
5853	-1
5854	7016291
5855	-1
5856	-1
5857	7018855
5858	-1
5859	7021419
5860	-1
5861	-1
5862	7023983
5863	-1
5864	-1
5865	7026547
5866	-1
5867	7029111
5868	-1
5869	-1
5870	7031675
5871	-1
5872	7034239
5873	-1
5874	-1
5875	7036803
5876	-1
5877	7039367
5878	-1
5879	-1
5880	7041931
5881	-1
5882	7044495
5883	-1
5884	-1
5885	7047059
5886	-1
5887	-1
5888	7049623
5889	-1
5890	7052187
5891	-1
5892	-1
5893	7054751
5894	-1
5895	7057315
5896	-1
5897	-1
5898	7059879
5899	-1
5900	7062443
5901	-1
5902	-1
5903	7065007
5904	-1
5905	-1
5906	7067571
5907	-1
5908	7070135
5909	-1
5910	-1
5911	7072699
5912	-1
5913	7075263
5914	-1
5915	-1
5916	7077827
5917	-1
5918	7080391
5919	-1
5920	-1
5921	7082955
5922	-1
5923	-1
5924	7085519
5925	-1
5926	7088083
5927	-1
5928	-1
5929	7090647
5930	-1
5931	7093211
5932	-1
5933	-1
5934	7095775
5935	-1
5936	7098339
5937	-1
5938	-1
5939	7100903
5940	-1
5941	7103467
5942	-1
5943	-1
5944	7106031
5945	-1
5946	-1
5947	7108595
5948	-1
5949	7111159
5950	-1
5951	-1
5952	7113723
5953	-1
5954	7116287
5955	-1
5956	-1
5957	7118851
5958	-1
5959	7121415
5960	-1
5961	-1
5962	7123979
5963	-1
5964	-1
5965	7126543
5966	-1
5967	7129107
5968	-1
5969	-1
5970	7131671
5971	-1
5972	7134235
5973	-1
5974	-1
5975	7136799
5976	-1
5977	7139363
5978	-1
5979	-1
5980	7141927
5981	-1
5982	7144491
5983	-1
5984	-1
5985	7147055
5986	-1
5987	-1
5988	7149619
5989	-1
5990	7152183
5991	-1
5992	-1
5993	7154747
5994	-1
5995	7157311
5996	-1
5997	-1
5998	7159875
5999	-1
6000	7162439
6001	-1
6002	-1
6003	7165003
6004	-1
6005	-1
6006	7167567
6007	-1
6008	7170131
6009	-1
6010	-1
6011	7172695
6012	-1
6013	7175259
6014	-1
6015	-1
6016	7177823
6017	-1
6018	7180387
6019	-1
6020	-1
6021	7182951
6022	-1
6023	-1
6024	7185515
6025	-1
6026	7188079
6027	-1
6028	-1
6029	7190643
6030	-1
6031	7193207
6032	-1
6033	-1
6034	7195771
6035	-1
6036	7198335
6037	-1
6038	-1
6039	7200899
6040	-1
6041	7203463
6042	-1
6043	-1
6044	7206027
6045	-1
6046	-1
6047	7208591
6048	-1
6049	7211155
6050	-1
6051	-1
6052	7213719
6053	-1
6054	7216283
6055	-1
6056	-1
6057	7218847
6058	-1
6059	7221411
6060	-1
6061	-1
6062	7223975
6063	-1
6064	-1
6065	7226539
6066	-1
6067	7229103
6068	-1
6069	-1
6070	7231667
6071	-1
6072	7234231
6073	-1
6074	-1
6075	7236795
6076	-1
6077	7239359
6078	-1
6079	-1
6080	7241923
6081	-1
6082	7244487
6083	-1
6084	-1
6085	7247051
6086	-1
6087	-1
6088	7249615
6089	-1
6090	7252179
6091	-1
6092	-1
6093	7254743
6094	-1
6095	7257307
6096	-1
6097	-1
6098	7259871
6099	-1
6100	7262435
6101	-1
6102	-1
6103	7264999
6104	-1
6105	-1
6106	7267563
6107	-1
6108	7270127
6109	-1
6110	-1
6111	7272691
6112	-1
6113	7275255
6114	-1
6115	-1
6116	7277819
6117	-1
6118	7280383
6119	-1
6120	-1
6121	7282947
6122	-1
6123	-1
6124	7285511
6125	-1
6126	7288075
6127	-1
6128	-1
6129	7290639
6130	-1
6131	7293203
6132	-1
6133	-1
6134	7295767
6135	-1
6136	7298331
6137	-1
6138	-1
6139	7300895
6140	-1
6141	7303459
6142	-1
6143	-1
6144	7306023
6145	-1
6146	-1
6147	7308587
6148	-1
6149	7311151
6150	-1
6151	-1
6152	7313715
6153	-1
6154	7316279
6155	-1
6156	-1
6157	7318843
6158	-1
6159	7321407
6160	-1
6161	-1
6162	7323971
6163	-1
6164	-1
6165	7326535
6166	-1
6167	7329099
6168	-1
6169	-1
6170	7331663
6171	-1
6172	7334227
6173	-1
6174	-1
6175	7336791
6176	-1
6177	7339355
6178	-1
6179	-1
6180	7341919
6181	-1
6182	7344483
6183	-1
6184	-1
6185	7347047
6186	-1
6187	-1
6188	7349611
6189	-1
6190	7352175
6191	-1
6192	-1
6193	7354739
6194	-1
6195	7357303
6196	-1
6197	-1
6198	7359867
6199	-1
6200	7362431
6201	-1
6202	-1
6203	7364995
6204	-1
6205	-1
6206	7367559
6207	-1
6208	7370123
6209	-1
6210	-1
6211	7372687
6212	-1
6213	7375251
6214	-1
6215	-1
6216	7377815
6217	-1
6218	7380379
6219	-1
6220	-1
6221	7382943
6222	-1
6223	-1
6224	7385507
6225	-1
6226	7388071
6227	-1
6228	-1
6229	7390635
6230	-1
6231	7393199
6232	-1
6233	-1
6234	7395763
6235	-1
6236	7398327
6237	-1
6238	-1
6239	7400891
6240	-1
6241	7403455
6242	-1
6243	-1
6244	7406019
6245	-1
6246	-1
6247	7408583
6248	-1
6249	7411147
6250	-1
6251	-1
6252	7413711
6253	-1
6254	7416275
6255	-1
6256	-1
6257	7418839
6258	-1
6259	7421403
6260	-1
6261	-1
6262	7423967
6263	-1
6264	-1
6265	7426531
6266	-1
6267	7429095
6268	-1
6269	-1
6270	7431659
6271	-1
6272	7434223
6273	-1
6274	-1
6275	7436787
6276	-1
6277	7439351
6278	-1
6279	-1
6280	7441915
6281	-1
6282	7444479
6283	-1
6284	-1
6285	7447043
6286	-1
6287	-1
6288	7449607
6289	-1
6290	7452171
6291	-1
6292	-1
6293	7454735
6294	-1
6295	7457299
6296	-1
6297	-1
6298	7459863
6299	-1
6300	7462427
6301	-1
6302	-1
6303	7464991
6304	-1
6305	-1
6306	7467555
6307	-1
6308	7470119
6309	-1
6310	-1
6311	7472683
6312	-1
6313	7475247
6314	-1
6315	-1
6316	7477811
6317	-1
6318	7480375
6319	-1
6320	-1
6321	7482939
6322	-1
6323	7485503
6324	-1
6325	-1
6326	7488067
6327	-1
6328	-1
6329	7490631
6330	-1
6331	7493195
6332	-1
6333	-1
6334	7495759
6335	-1
6336	7498323
6337	-1
6338	-1
6339	7500887
6340	-1
6341	7503451
6342	-1
6343	-1
6344	7506015
6345	-1
6346	-1
6347	7508579
6348	-1
6349	7511143
6350	-1
6351	-1
6352	7513707
6353	-1
6354	7516271
6355	-1
6356	-1
6357	7518835
6358	-1
6359	7521399
6360	-1
6361	-1
6362	7523963
6363	-1
6364	-1
6365	7526527
6366	-1
6367	7529091
6368	-1
6369	-1
6370	7531655
6371	-1
6372	7534219
6373	-1
6374	-1
6375	7536783
6376	-1
6377	7539347
6378	-1
6379	-1
6380	7541911
6381	-1
6382	7544475
6383	-1
6384	-1
6385	7547039
6386	-1
6387	-1
6388	7549603
6389	-1
6390	7552167
6391	-1
6392	-1
6393	7554731
6394	-1
6395	7557295
6396	-1
6397	-1
6398	7559859
6399	-1
6400	7562423
6401	-1
6402	-1
6403	7564987
6404	-1
6405	-1
6406	7567551
6407	-1
6408	7570115
6409	-1
6410	-1
6411	7572679
6412	-1
6413	7575243
6414	-1
6415	-1
6416	7577807
6417	-1
6418	7580371
6419	-1
6420	-1
6421	7582935
6422	-1
6423	7585499
6424	-1
6425	-1
6426	7588063
6427	-1
6428	-1
6429	7590627
6430	-1
6431	7593191
6432	-1
6433	-1
6434	7595755
6435	-1
6436	7598319
6437	-1
6438	-1
6439	7600883
6440	-1
6441	7603447
6442	-1
6443	-1
6444	7606011
6445	-1
6446	-1
6447	7608575
6448	-1
6449	7611139
6450	-1
6451	-1
6452	7613703
6453	-1
6454	7616267
6455	-1
6456	-1
6457	7618831
6458	-1
6459	7621395
6460	-1
6461	-1
6462	7623959
6463	-1
6464	-1
6465	7626523
6466	-1
6467	7629087
6468	-1
6469	-1
6470	7631651
6471	-1
6472	7634215
6473	-1
6474	-1
6475	7636779
6476	-1
6477	7639343
6478	-1
6479	-1
6480	7641907
6481	-1
6482	7644471
6483	-1
6484	-1
6485	7647035
6486	-1
6487	-1
6488	7649599
6489	-1
6490	7652163
6491	-1
6492	-1
6493	7654727
6494	-1
6495	7657291
6496	-1
6497	-1
6498	7659855
6499	-1
6500	7662419
6501	-1
6502	-1
6503	7664983
6504	-1
6505	-1
6506	7667547
6507	-1
6508	7670111
6509	-1
6510	-1
6511	7672675
6512	-1
6513	7675239
6514	-1
6515	-1
6516	7677803
6517	-1
6518	7680367
6519	-1
6520	-1
6521	7682931
6522	-1
6523	7685495
6524	-1
6525	-1
6526	7688059
6527	-1
6528	-1
6529	7690623
6530	-1
6531	7693187
6532	-1
6533	-1
6534	7695751
6535	-1
6536	7698315
6537	-1
6538	-1
6539	7700879
6540	-1
6541	7703443
6542	-1
6543	-1
6544	7706007
6545	-1
6546	-1
6547	7708571
6548	-1
6549	7711135
6550	-1
6551	-1
6552	7713699
6553	-1
6554	7716263
6555	-1
6556	-1
6557	7718827
6558	-1
6559	7721391
6560	-1
6561	-1
6562	7723955
6563	-1
6564	-1
6565	7726519
6566	-1
6567	7729083
6568	-1
6569	-1
6570	7731647
6571	-1
6572	7734211
6573	-1
6574	-1
6575	7736775
6576	-1
6577	7739339
6578	-1
6579	-1
6580	7741903
6581	-1
6582	7744467
6583	-1
6584	-1
6585	7747031
6586	-1
6587	-1
6588	7749595
6589	-1
6590	7752159
6591	-1
6592	-1
6593	7754723
6594	-1
6595	7757287
6596	-1
6597	-1
6598	7759851
6599	-1
6600	7762415
6601	-1
6602	-1
6603	7764979
6604	-1
6605	-1
6606	7767543
6607	-1
6608	7770107
6609	-1
6610	-1
6611	7772671
6612	-1
6613	7775235
6614	-1
6615	-1
6616	7777799
6617	-1
6618	7780363
6619	-1
6620	-1
6621	7782927
6622	-1
6623	7785491
6624	-1
6625	-1
6626	7788055
6627	-1
6628	-1
6629	7790619
6630	-1
6631	7793183
6632	-1
6633	-1
6634	7795747
6635	-1
6636	7798311
6637	-1
6638	-1
6639	7800875
6640	-1
6641	7803439
6642	-1
6643	-1
6644	7806003
6645	-1
6646	-1
6647	7808567
6648	-1
6649	7811131
6650	-1
6651	-1
6652	7813695
6653	-1
6654	7816259
6655	-1
6656	-1
6657	7818823
6658	-1
6659	7821387
6660	-1
6661	-1
6662	7823951
6663	-1
6664	-1
6665	7826515
6666	-1
6667	7829079
6668	-1
6669	-1
6670	7831643
6671	-1
6672	7834207
6673	-1
6674	-1
6675	7836771
6676	-1
6677	7839335
6678	-1
6679	-1
6680	7841899
6681	-1
6682	7844463
6683	-1
6684	-1
6685	7847027
6686	-1
6687	-1
6688	7849591
6689	-1
6690	7852155
6691	-1
6692	-1
6693	7854719
6694	-1
6695	7857283
6696	-1
6697	-1
6698	7859847
6699	-1
6700	7862411
6701	-1
6702	-1
6703	7864975
6704	-1
6705	-1
6706	7867539
6707	-1
6708	7870103
6709	-1
6710	-1
6711	7872667
6712	-1
6713	7875231
6714	-1
6715	-1
6716	7877795
6717	-1
6718	7880359
6719	-1
6720	-1
6721	7882923
6722	-1
6723	7885487
6724	-1
6725	-1
6726	7888051
6727	-1
6728	-1
6729	7890615
6730	-1
6731	7893179
6732	-1
6733	-1
6734	7895743
6735	-1
6736	7898307
6737	-1
6738	-1
6739	7900871
6740	-1
6741	7903435
6742	-1
6743	-1
6744	7905999
6745	-1
6746	-1
6747	7908563
6748	-1
6749	7911127
6750	-1
6751	-1
6752	7913691
6753	-1
6754	7916255
6755	-1
6756	-1
6757	7918819
6758	-1
6759	7921383
6760	-1
6761	-1
6762	7923947
6763	-1
6764	-1
6765	7926511
6766	-1
6767	7929075
6768	-1
6769	-1
6770	7931639
6771	-1
6772	7934203
6773	-1
6774	-1
6775	7936767
6776	-1
6777	7939331
6778	-1
6779	-1
6780	7941895
6781	-1
6782	7944459
6783	-1
6784	-1
6785	7947023
6786	-1
6787	-1
6788	7949587
6789	-1
6790	7952151
6791	-1
6792	-1
6793	7954715
6794	-1
6795	7957279
6796	-1
6797	-1
6798	7959843
6799	-1
6800	7962407
6801	-1
6802	-1
6803	7964971
6804	-1
6805	-1
6806	7967535
6807	-1
6808	7970099
6809	-1
6810	-1
6811	7972663
6812	-1
6813	7975227
6814	-1
6815	-1
6816	7977791
6817	-1
6818	7980355
6819	-1
6820	-1
6821	7982919
6822	-1
6823	7985483
6824	-1
6825	-1
6826	7988047
6827	-1
6828	-1
6829	7990611
6830	-1
6831	7993175
6832	-1
6833	-1
6834	7995739
6835	-1
6836	7998303
6837	-1
6838	-1
6839	8000867
6840	-1
6841	8003431
6842	-1
6843	-1
6844	8005995
6845	-1
6846	-1
6847	8008559
6848	-1
6849	8011123
6850	-1
6851	-1
6852	8013687
6853	-1
6854	8016251
6855	-1
6856	-1
6857	8018815
6858	-1
6859	8021379
6860	-1
6861	-1
6862	8023943
6863	-1
6864	-1
6865	8026507
6866	-1
6867	8029071
6868	-1
6869	-1
6870	8031635
6871	-1
6872	8034199
6873	-1
6874	-1
6875	8036763
6876	-1
6877	8039327
6878	-1
6879	-1
6880	8041891
6881	-1
6882	8044455
6883	-1
6884	-1
6885	8047019
6886	-1
6887	-1
6888	8049583
6889	-1
6890	8052147
6891	-1
6892	-1
6893	8054711
6894	-1
6895	8057275
6896	-1
6897	-1
6898	8059839
6899	-1
6900	8062403
6901	-1
6902	-1
6903	8064967
6904	-1
6905	-1
6906	8067531
6907	-1
6908	8070095
6909	-1
6910	-1
6911	8072659
6912	-1
6913	8075223
6914	-1
6915	-1
6916	8077787
6917	-1
6918	8080351
6919	-1
6920	-1
6921	8082915
6922	-1
6923	8085479
6924	-1
6925	-1
6926	8088043
6927	-1
6928	-1
6929	8090607
6930	-1
6931	8093171
6932	-1
6933	-1
6934	8095735
6935	-1
6936	8098299
6937	-1
6938	-1
6939	8100863
6940	-1
6941	8103427
6942	-1
6943	-1
6944	8105991
6945	-1
6946	-1
6947	8108555
6948	-1
6949	8111119
6950	-1
6951	-1
6952	8113683
6953	-1
6954	8116247
6955	-1
6956	-1
6957	8118811
6958	-1
6959	8121375
6960	-1
6961	-1
6962	8123939
6963	-1
6964	8126503
6965	-1
6966	-1
6967	8129067
6968	-1
6969	-1
6970	8131631
6971	-1
6972	8134195
6973	-1
6974	-1
6975	8136759
6976	-1
6977	8139323
6978	-1
6979	-1
6980	8141887
6981	-1
6982	8144451
6983	-1
6984	-1
6985	8147015
6986	-1
6987	-1
6988	8149579
6989	-1
6990	8152143
6991	-1
6992	-1
6993	8154707
6994	-1
6995	8157271
6996	-1
6997	-1
6998	8159835
6999	-1
7000	8162399
7001	-1
7002	-1
7003	8164963
7004	-1
7005	-1
7006	8167527
7007	-1
7008	8170091
7009	-1
7010	-1
7011	8172655
7012	-1
7013	8175219
7014	-1
7015	-1
7016	8177783
7017	-1
7018	8180347
7019	-1
7020	-1
7021	8182911
7022	-1
7023	8185475
7024	-1
7025	-1
7026	8188039
7027	-1
7028	-1
7029	8190603
7030	-1
7031	8193167
7032	-1
7033	-1
7034	8195731
7035	-1
7036	8198295
7037	-1
7038	-1
7039	8200859
7040	-1
7041	8203423
7042	-1
7043	-1
7044	8205987
7045	-1
7046	-1
7047	8208551
7048	-1
7049	8211115
7050	-1
7051	-1
7052	8213679
7053	-1
7054	8216243
7055	-1
7056	-1
7057	8218807
7058	-1
7059	8221371
7060	-1
7061	-1
7062	8223935
7063	-1
7064	8226499
7065	-1
7066	-1
7067	8229063
7068	-1
7069	-1
7070	8231627
7071	-1
7072	8234191
7073	-1
7074	-1
7075	8236755
7076	-1
7077	8239319
7078	-1
7079	-1
7080	8241883
7081	-1
7082	8244447
7083	-1
7084	-1
7085	8247011
7086	-1
7087	-1
7088	8249575
7089	-1
7090	8252139
7091	-1
7092	-1
7093	8254703
7094	-1
7095	8257267
7096	-1
7097	-1
7098	8259831
7099	-1
7100	8262395
7101	-1
7102	-1
7103	8264959
7104	-1
7105	-1
7106	8267523
7107	-1
7108	8270087
7109	-1
7110	-1
7111	8272651
7112	-1
7113	8275215
7114	-1
7115	-1
7116	8277779
7117	-1
7118	8280343
7119	-1
7120	-1
7121	8282907
7122	-1
7123	8285471
7124	-1
7125	-1
7126	8288035
7127	-1
7128	-1
7129	8290599
7130	-1
7131	8293163
7132	-1
7133	-1
7134	8295727
7135	-1
7136	8298291
7137	-1
7138	-1
7139	8300855
7140	-1
7141	8303419
7142	-1
7143	-1
7144	8305983
7145	-1
7146	-1
7147	8308547
7148	-1
7149	8311111
7150	-1
7151	-1
7152	8313675
7153	-1
7154	8316239
7155	-1
7156	-1
7157	8318803
7158	-1
7159	8321367
7160	-1
7161	-1
7162	8323931
7163	-1
7164	8326495
7165	-1
7166	-1
7167	8329059
7168	-1
7169	-1
7170	8331623
7171	-1
7172	8334187
7173	-1
7174	-1
7175	8336751
7176	-1
7177	8339315
7178	-1
7179	-1
7180	8341879
7181	-1
7182	8344443
7183	-1
7184	-1
7185	8347007
7186	-1
7187	-1
7188	8349571
7189	-1
7190	8352135
7191	-1
7192	-1
7193	8354699
7194	-1
7195	8357263
7196	-1
7197	-1
7198	8359827
7199	-1
7200	8362391
7201	-1
7202	-1
7203	8364955
7204	-1
7205	-1
7206	8367519
7207	-1
7208	8370083
7209	-1
7210	-1
7211	8372647
7212	-1
7213	8375211
7214	-1
7215	-1
7216	8377775
7217	-1
7218	8380339
7219	-1
7220	-1
7221	8382903
7222	-1
7223	8385467
7224	-1
7225	-1
7226	8388031
7227	-1
7228	-1
7229	8390595
7230	-1
7231	8393159
7232	-1
7233	-1
7234	8395723
7235	-1
7236	8398287
7237	-1
7238	-1
7239	8400851
7240	-1
7241	8403415
7242	-1
7243	-1
7244	8405979
7245	-1
7246	-1
7247	8408543
7248	-1
7249	8411107
7250	-1
7251	-1
7252	8413671
7253	-1
7254	8416235
7255	-1
7256	-1
7257	8418799
7258	-1
7259	8421363
7260	-1
7261	-1
7262	8423927
7263	-1
7264	8426491
7265	-1
7266	-1
7267	8429055
7268	-1
7269	-1
7270	8431619
7271	-1
7272	8434183
7273	-1
7274	-1
7275	8436747
7276	-1
7277	8439311
7278	-1
7279	-1
7280	8441875
7281	-1
7282	8444439
7283	-1
7284	-1
7285	8447003
7286	-1
7287	-1
7288	8449567
7289	-1
7290	8452131
7291	-1
7292	-1
7293	8454695
7294	-1
7295	8457259
7296	-1
7297	-1
7298	8459823
7299	-1
7300	8462387
7301	-1
7302	-1
7303	8464951
7304	-1
7305	-1
7306	8467515
7307	-1
7308	8470079
7309	-1
7310	-1
7311	8472643
7312	-1
7313	8475207
7314	-1
7315	-1
7316	8477771
7317	-1
7318	8480335
7319	-1
7320	-1
7321	8482899
7322	-1
7323	8485463
7324	-1
7325	-1
7326	8488027
7327	-1
7328	-1
7329	8490591
7330	-1
7331	8493155
7332	-1
7333	-1
7334	8495719
7335	-1
7336	8498283
7337	-1
7338	-1
7339	8500847
7340	-1
7341	8503411
7342	-1
7343	-1
7344	8505975
7345	-1
7346	-1
7347	8508539
7348	-1
7349	8511103
7350	-1
7351	-1
7352	8513667
7353	-1
7354	8516231
7355	-1
7356	-1
7357	8518795
7358	-1
7359	8521359
7360	-1
7361	-1
7362	8523923
7363	-1
7364	8526487
7365	-1
7366	-1
7367	8529051
7368	-1
7369	-1
7370	8531615
7371	-1
7372	8534179
7373	-1
7374	-1
7375	8536743
7376	-1
7377	8539307
7378	-1
7379	-1
7380	8541871
7381	-1
7382	8544435
7383	-1
7384	-1
7385	8546999
7386	-1
7387	-1
7388	8549563
7389	-1
7390	8552127
7391	-1
7392	-1
7393	8554691
7394	-1
7395	8557255
7396	-1
7397	-1
7398	8559819
7399	-1
7400	8562383
7401	-1
7402	-1
7403	8564947
7404	-1
7405	-1
7406	8567511
7407	-1
7408	8570075
7409	-1
7410	-1
7411	8572639
7412	-1
7413	8575203
7414	-1
7415	-1
7416	8577767
7417	-1
7418	8580331
7419	-1
7420	-1
7421	8582895
7422	-1
7423	8585459
7424	-1
7425	-1
7426	8588023
7427	-1
7428	-1
7429	8590587
7430	-1
7431	8593151
7432	-1
7433	-1
7434	8595715
7435	-1
7436	8598279
7437	-1
7438	-1
7439	8600843
7440	-1
7441	8603407
7442	-1
7443	-1
7444	8605971
7445	-1
7446	-1
7447	8608535
7448	-1
7449	8611099
7450	-1
7451	-1
7452	8613663
7453	-1
7454	8616227
7455	-1
7456	-1
7457	8618791
7458	-1
7459	8621355
7460	-1
7461	-1
7462	8623919
7463	-1
7464	8626483
7465	-1
7466	-1
7467	8629047
7468	-1
7469	-1
7470	8631611
7471	-1
7472	8634175
7473	-1
7474	-1
7475	8636739
7476	-1
7477	8639303
7478	-1
7479	-1
7480	8641867
7481	-1
7482	8644431
7483	-1
7484	-1
7485	8646995
7486	-1
7487	-1
7488	8649559
7489	-1
7490	8652123
7491	-1
7492	-1
7493	8654687
7494	-1
7495	8657251
7496	-1
7497	-1
7498	8659815
7499	-1
7500	8662379
7501	-1
7502	-1
7503	8664943
7504	-1
7505	-1
7506	8667507
7507	-1
7508	8670071
7509	-1
7510	-1
7511	8672635
7512	-1
7513	8675199
7514	-1
7515	-1
7516	8677763
7517	-1
7518	8680327
7519	-1
7520	-1
7521	8682891
7522	-1
7523	8685455
7524	-1
7525	-1
7526	8688019
7527	-1
7528	-1
7529	8690583
7530	-1
7531	8693147
7532	-1
7533	-1
7534	8695711
7535	-1
7536	8698275
7537	-1
7538	-1
7539	8700839
7540	-1
7541	8703403
7542	-1
7543	-1
7544	8705967
7545	-1
7546	-1
7547	8708531
7548	-1
7549	8711095
7550	-1
7551	-1
7552	8713659
7553	-1
7554	8716223
7555	-1
7556	-1
7557	8718787
7558	-1
7559	8721351
7560	-1
7561	-1
7562	8723915
7563	-1
7564	8726479
7565	-1
7566	-1
7567	8729043
7568	-1
7569	-1
7570	8731607
7571	-1
7572	8734171
7573	-1
7574	-1
7575	8736735
7576	-1
7577	8739299
7578	-1
7579	-1
7580	8741863
7581	-1
7582	8744427
7583	-1
7584	-1
7585	8746991
7586	-1
7587	-1
7588	8749555
7589	-1
7590	8752119
7591	-1
7592	-1
7593	8754683
7594	-1
7595	8757247
7596	-1
7597	-1
7598	8759811
7599	-1
7600	8762375
7601	-1
7602	-1
7603	8764939
7604	-1
7605	8767503
7606	-1
7607	-1
7608	8770067
7609	-1
7610	-1
7611	8772631
7612	-1
7613	8775195
7614	-1
7615	-1
7616	8777759
7617	-1
7618	8780323
7619	-1
7620	-1
7621	8782887
7622	-1
7623	8785451
7624	-1
7625	-1
7626	8788015
7627	-1
7628	-1
7629	8790579
7630	-1
7631	8793143
7632	-1
7633	-1
7634	8795707
7635	-1
7636	8798271
7637	-1
7638	-1
7639	8800835
7640	-1
7641	8803399
7642	-1
7643	-1
7644	8805963
7645	-1
7646	-1
7647	8808527
7648	-1
7649	8811091
7650	-1
7651	-1
7652	8813655
7653	-1
7654	8816219
7655	-1
7656	-1
7657	8818783
7658	-1
7659	8821347
7660	-1
7661	-1
7662	8823911
7663	-1
7664	8826475
7665	-1
7666	-1
7667	8829039
7668	-1
7669	-1
7670	8831603
7671	-1
7672	8834167
7673	-1
7674	-1
7675	8836731
7676	-1
7677	8839295
7678	-1
7679	-1
7680	8841859
7681	-1
7682	8844423
7683	-1
7684	-1
7685	8846987
7686	-1
7687	-1
7688	8849551
7689	-1
7690	8852115
7691	-1
7692	-1
7693	8854679
7694	-1
7695	8857243
7696	-1
7697	-1
7698	8859807
7699	-1
7700	8862371
7701	-1
7702	-1
7703	8864935
7704	-1
7705	8867499
7706	-1
7707	-1
7708	8870063
7709	-1
7710	-1
7711	8872627
7712	-1
7713	8875191
7714	-1
7715	-1
7716	8877755
7717	-1
7718	8880319
7719	-1
7720	-1
7721	8882883
7722	-1
7723	8885447
7724	-1
7725	-1
7726	8888011
7727	-1
7728	-1
7729	8890575
7730	-1
7731	8893139
7732	-1
7733	-1
7734	8895703
7735	-1
7736	8898267
7737	-1
7738	-1
7739	8900831
7740	-1
7741	8903395
7742	-1
7743	-1
7744	8905959
7745	-1
7746	-1
7747	8908523
7748	-1
7749	8911087
7750	-1
7751	-1
7752	8913651
7753	-1
7754	8916215
7755	-1
7756	-1
7757	8918779
7758	-1
7759	8921343
7760	-1
7761	-1
7762	8923907
7763	-1
7764	8926471
7765	-1
7766	-1
7767	8929035
7768	-1
7769	-1
7770	8931599
7771	-1
7772	8934163
7773	-1
7774	-1
7775	8936727
7776	-1
7777	8939291
7778	-1
7779	-1
7780	8941855
7781	-1
7782	8944419
7783	-1
7784	-1
7785	8946983
7786	-1
7787	-1
7788	8949547
7789	-1
7790	8952111
7791	-1
7792	-1
7793	8954675
7794	-1
7795	8957239
7796	-1
7797	-1
7798	8959803
7799	-1
7800	8962367
7801	-1
7802	-1
7803	8964931
7804	-1
7805	8967495
7806	-1
7807	-1
7808	8970059
7809	-1
7810	-1
7811	8972623
7812	-1
7813	8975187
7814	-1
7815	-1
7816	8977751
7817	-1
7818	8980315
7819	-1
7820	-1
7821	8982879
7822	-1
7823	8985443
7824	-1
7825	-1
7826	8988007
7827	-1
7828	-1
7829	8990571
7830	-1
7831	8993135
7832	-1
7833	-1
7834	8995699
7835	-1
7836	8998263
7837	-1
7838	-1
7839	9000827
7840	-1
7841	9003391
7842	-1
7843	-1
7844	9005955
7845	-1
7846	-1
7847	9008519
7848	-1
7849	9011083
7850	-1
7851	-1
7852	9013647
7853	-1
7854	9016211
7855	-1
7856	-1
7857	9018775
7858	-1
7859	9021339
7860	-1
7861	-1
7862	9023903
7863	-1
7864	9026467
7865	-1
7866	-1
7867	9029031
7868	-1
7869	-1
7870	9031595
7871	-1
7872	9034159
7873	-1
7874	-1
7875	9036723
7876	-1
7877	9039287
7878	-1
7879	-1
7880	9041851
7881	-1
7882	9044415
7883	-1
7884	-1
7885	9046979
7886	-1
7887	-1
7888	9049543
7889	-1
7890	9052107
7891	-1
7892	-1
7893	9054671
7894	-1
7895	9057235
7896	-1
7897	-1
7898	9059799
7899	-1
7900	9062363
7901	-1
7902	-1
7903	9064927
7904	-1
7905	9067491
7906	-1
7907	-1
7908	9070055
7909	-1
7910	-1
7911	9072619
7912	-1
7913	9075183
7914	-1
7915	-1
7916	9077747
7917	-1
7918	9080311
7919	-1
7920	-1
7921	9082875
7922	-1
7923	9085439
7924	-1
7925	-1
7926	9088003
7927	-1
7928	-1
7929	9090567
7930	-1
7931	9093131
7932	-1
7933	-1
7934	9095695
7935	-1
7936	9098259
7937	-1
7938	-1
7939	9100823
7940	-1
7941	9103387
7942	-1
7943	-1
7944	9105951
7945	-1
7946	-1
7947	9108515
7948	-1
7949	9111079
7950	-1
7951	-1
7952	9113643
7953	-1
7954	9116207
7955	-1
7956	-1
7957	9118771
7958	-1
7959	9121335
7960	-1
7961	-1
7962	9123899
7963	-1
7964	9126463
7965	-1
7966	-1
7967	9129027
7968	-1
7969	-1
7970	9131591
7971	-1
7972	9134155
7973	-1
7974	-1
7975	9136719
7976	-1
7977	9139283
7978	-1
7979	-1
7980	9141847
7981	-1
7982	9144411
7983	-1
7984	-1
7985	9146975
7986	-1
7987	-1
7988	9149539
7989	-1
7990	9152103
7991	-1
7992	-1
7993	9154667
7994	-1
7995	9157231
7996	-1
7997	-1
7998	9159795
7999	-1
8000	9162359
8001	-1
8002	-1
8003	9164923
8004	-1
8005	9167487
8006	-1
8007	-1
8008	9170051
8009	-1
8010	-1
8011	9172615
8012	-1
8013	9175179
8014	-1
8015	-1
8016	9177743
8017	-1
8018	9180307
8019	-1
8020	-1
8021	9182871
8022	-1
8023	9185435
8024	-1
8025	-1
8026	9187999
8027	-1
8028	-1
8029	9190563
8030	-1
8031	9193127
8032	-1
8033	-1
8034	9195691
8035	-1
8036	9198255
8037	-1
8038	-1
8039	9200819
8040	-1
8041	9203383
8042	-1
8043	-1
8044	9205947
8045	-1
8046	-1
8047	9208511
8048	-1
8049	9211075
8050	-1
8051	-1
8052	9213639
8053	-1
8054	9216203
8055	-1
8056	-1
8057	9218767
8058	-1
8059	9221331
8060	-1
8061	-1
8062	9223895
8063	-1
8064	9226459
8065	-1
8066	-1
8067	9229023
8068	-1
8069	-1
8070	9231587
8071	-1
8072	9234151
8073	-1
8074	-1
8075	9236715
8076	-1
8077	9239279
8078	-1
8079	-1
8080	9241843
8081	-1
8082	9244407
8083	-1
8084	-1
8085	9246971
8086	-1
8087	-1
8088	9249535
8089	-1
8090	9252099
8091	-1
8092	-1
8093	9254663
8094	-1
8095	9257227
8096	-1
8097	-1
8098	9259791
8099	-1
8100	9262355
8101	-1
8102	-1
8103	9264919
8104	-1
8105	9267483
8106	-1
8107	-1
8108	9270047
8109	-1
8110	-1
8111	9272611
8112	-1
8113	9275175
8114	-1
8115	-1
8116	9277739
8117	-1
8118	9280303
8119	-1
8120	-1
8121	9282867
8122	-1
8123	9285431
8124	-1
8125	-1
8126	9287995
8127	-1
8128	-1
8129	9290559
8130	-1
8131	9293123
8132	-1
8133	-1
8134	9295687
8135	-1
8136	9298251
8137	-1
8138	-1
8139	9300815
8140	-1
8141	9303379
8142	-1
8143	-1
8144	9305943
8145	-1
8146	-1
8147	9308507
8148	-1
8149	9311071
8150	-1
8151	-1
8152	9313635
8153	-1
8154	9316199
8155	-1
8156	-1
8157	9318763
8158	-1
8159	9321327
8160	-1
8161	-1
8162	9323891
8163	-1
8164	9326455
8165	-1
8166	-1
8167	9329019
8168	-1
8169	-1
8170	9331583
8171	-1
8172	9334147
8173	-1
8174	-1
8175	9336711
8176	-1
8177	9339275
8178	-1
8179	-1
8180	9341839
8181	-1
8182	9344403
8183	-1
8184	-1
8185	9346967
8186	-1
8187	-1
8188	9349531
8189	-1
8190	9352095
8191	-1
8192	-1
8193	9354659
8194	-1
8195	9357223
8196	-1
8197	-1
8198	9359787
8199	-1
8200	9362351
8201	-1
8202	-1
8203	9364915
8204	-1
8205	9367479
8206	-1
8207	-1
8208	9370043
8209	-1
8210	-1
8211	9372607
8212	-1
8213	9375171
8214	-1
8215	-1
8216	9377735
8217	-1
8218	9380299
8219	-1
8220	-1
8221	9382863
8222	-1
8223	9385427
8224	-1
8225	-1
8226	9387991
8227	-1
8228	-1
8229	9390555
8230	-1
8231	9393119
8232	-1
8233	-1
8234	9395683
8235	-1
8236	9398247
8237	-1
8238	-1
8239	9400811
8240	-1
8241	9403375
8242	-1
8243	-1
8244	9405939
8245	-1
8246	9408503
8247	-1
8248	-1
8249	9411067
8250	-1
8251	-1
8252	9413631
8253	-1
8254	9416195
8255	-1
8256	-1
8257	9418759
8258	-1
8259	9421323
8260	-1
8261	-1
8262	9423887
8263	-1
8264	9426451
8265	-1
8266	-1
8267	9429015
8268	-1
8269	-1
8270	9431579
8271	-1
8272	9434143
8273	-1
8274	-1
8275	9436707
8276	-1
8277	9439271
8278	-1
8279	-1
8280	9441835
8281	-1
8282	9444399
8283	-1
8284	-1
8285	9446963
8286	-1
8287	-1
8288	9449527
8289	-1
8290	9452091
8291	-1
8292	-1
8293	9454655
8294	-1
8295	9457219
8296	-1
8297	-1
8298	9459783
8299	-1
8300	9462347
8301	-1
8302	-1
8303	9464911
8304	-1
8305	9467475
8306	-1
8307	-1
8308	9470039
8309	-1
8310	-1
8311	9472603
8312	-1
8313	9475167
8314	-1
8315	-1
8316	9477731
8317	-1
8318	9480295
8319	-1
8320	-1
8321	9482859
8322	-1
8323	9485423
8324	-1
8325	-1
8326	9487987
8327	-1
8328	-1
8329	9490551
8330	-1
8331	9493115
8332	-1
8333	-1
8334	9495679
8335	-1
8336	9498243
8337	-1
8338	-1
8339	9500807
8340	-1
8341	9503371
8342	-1
8343	-1
8344	9505935
8345	-1
8346	9508499
8347	-1
8348	-1
8349	9511063
8350	-1
8351	-1
8352	9513627
8353	-1
8354	9516191
8355	-1
8356	-1
8357	9518755
8358	-1
8359	9521319
8360	-1
8361	-1
8362	9523883
8363	-1
8364	9526447
8365	-1
8366	-1
8367	9529011
8368	-1
8369	-1
8370	9531575
8371	-1
8372	9534139
8373	-1
8374	-1
8375	9536703
8376	-1
8377	9539267
8378	-1
8379	-1
8380	9541831
8381	-1
8382	9544395
8383	-1
8384	-1
8385	9546959
8386	-1
8387	-1
8388	9549523
8389	-1
8390	9552087
8391	-1
8392	-1
8393	9554651
8394	-1
8395	9557215
8396	-1
8397	-1
8398	9559779
8399	-1
8400	9562343
8401	-1
8402	-1
8403	9564907
8404	-1
8405	9567471
8406	-1
8407	-1
8408	9570035
8409	-1
8410	-1
8411	9572599
8412	-1
8413	9575163
8414	-1
8415	-1
8416	9577727
8417	-1
8418	9580291
8419	-1
8420	-1
8421	9582855
8422	-1
8423	9585419
8424	-1
8425	-1
8426	9587983
8427	-1
8428	-1
8429	9590547
8430	-1
8431	9593111
8432	-1
8433	-1
8434	9595675
8435	-1
8436	9598239
8437	-1
8438	-1
8439	9600803
8440	-1
8441	9603367
8442	-1
8443	-1
8444	9605931
8445	-1
8446	9608495
8447	-1
8448	-1
8449	9611059
8450	-1
8451	-1
8452	9613623
8453	-1
8454	9616187
8455	-1
8456	-1
8457	9618751
8458	-1
8459	9621315
8460	-1
8461	-1
8462	9623879
8463	-1
8464	9626443
8465	-1
8466	-1
8467	9629007
8468	-1
8469	-1
8470	9631571
8471	-1
8472	9634135
8473	-1
8474	-1
8475	9636699
8476	-1
8477	9639263
8478	-1
8479	-1
8480	9641827
8481	-1
8482	9644391
8483	-1
8484	-1
8485	9646955
8486	-1
8487	-1
8488	9649519
8489	-1
8490	9652083
8491	-1
8492	-1
8493	9654647
8494	-1
8495	9657211
8496	-1
8497	-1
8498	9659775
8499	-1
8500	9662339
8501	-1
8502	-1
8503	9664903
8504	-1
8505	9667467
8506	-1
8507	-1
8508	9670031
8509	-1
8510	-1
8511	9672595
8512	-1
8513	9675159
8514	-1
8515	-1
8516	9677723
8517	-1
8518	9680287
8519	-1
8520	-1
8521	9682851
8522	-1
8523	9685415
8524	-1
8525	-1
8526	9687979
8527	-1
8528	-1
8529	9690543
8530	-1
8531	9693107
8532	-1
8533	-1
8534	9695671
8535	-1
8536	9698235
8537	-1
8538	-1
8539	9700799
8540	-1
8541	9703363
8542	-1
8543	-1
8544	9705927
8545	-1
8546	9708491
8547	-1
8548	-1
8549	9711055
8550	-1
8551	-1
8552	9713619
8553	-1
8554	9716183
8555	-1
8556	-1
8557	9718747
8558	-1
8559	9721311
8560	-1
8561	-1
8562	9723875
8563	-1
8564	9726439
8565	-1
8566	-1
8567	9729003
8568	-1
8569	-1
8570	9731567
8571	-1
8572	9734131
8573	-1
8574	-1
8575	9736695
8576	-1
8577	9739259
8578	-1
8579	-1
8580	9741823
8581	-1
8582	9744387
8583	-1
8584	-1
8585	9746951
8586	-1
8587	-1
8588	9749515
8589	-1
8590	9752079
8591	-1
8592	-1
8593	9754643
8594	-1
8595	9757207
8596	-1
8597	-1
8598	9759771
8599	-1
8600	9762335
8601	-1
8602	-1
8603	9764899
8604	-1
8605	9767463
8606	-1
8607	-1
8608	9770027
8609	-1
8610	-1
8611	9772591
8612	-1
8613	9775155
8614	-1
8615	-1
8616	9777719
8617	-1
8618	9780283
8619	-1
8620	-1
8621	9782847
8622	-1
8623	9785411
8624	-1
8625	-1
8626	9787975
8627	-1
8628	-1
8629	9790539
8630	-1
8631	9793103
8632	-1
8633	-1
8634	9795667
8635	-1
8636	9798231
8637	-1
8638	-1
8639	9800795
8640	-1
8641	9803359
8642	-1
8643	-1
8644	9805923
8645	-1
8646	9808487
8647	-1
8648	-1
8649	9811051
8650	-1
8651	-1
8652	9813615
8653	-1
8654	9816179
8655	-1
8656	-1
8657	9818743
8658	-1
8659	9821307
8660	-1
8661	-1
8662	9823871
8663	-1
8664	9826435
8665	-1
8666	-1
8667	9828999
8668	-1
8669	-1
8670	9831563
8671	-1
8672	9834127
8673	-1
8674	-1
8675	9836691
8676	-1
8677	9839255
8678	-1
8679	-1
8680	9841819
8681	-1
8682	9844383
8683	-1
8684	-1
8685	9846947
8686	-1
8687	-1
8688	9849511
8689	-1
8690	9852075
8691	-1
8692	-1
8693	9854639
8694	-1
8695	9857203
8696	-1
8697	-1
8698	9859767
8699	-1
8700	9862331
8701	-1
8702	-1
8703	9864895
8704	-1
8705	9867459
8706	-1
8707	-1
8708	9870023
8709	-1
8710	-1
8711	9872587
8712	-1
8713	9875151
8714	-1
8715	-1
8716	9877715
8717	-1
8718	9880279
8719	-1
8720	-1
8721	9882843
8722	-1
8723	9885407
8724	-1
8725	-1
8726	9887971
8727	-1
8728	-1
8729	9890535
8730	-1
8731	9893099
8732	-1
8733	-1
8734	9895663
8735	-1
8736	9898227
8737	-1
8738	-1
8739	9900791
8740	-1
8741	9903355
8742	-1
8743	-1
8744	9905919
8745	-1
8746	9908483
8747	-1
8748	-1
8749	9911047
8750	-1
8751	-1
8752	9913611
8753	-1
8754	9916175
8755	-1
8756	-1
8757	9918739
8758	-1
8759	9921303
8760	-1
8761	-1
8762	9923867
8763	-1
8764	9926431
8765	-1
8766	-1
8767	9928995
8768	-1
8769	-1
8770	9931559
8771	-1
8772	9934123
8773	-1
8774	-1
8775	9936687
8776	-1
8777	9939251
8778	-1
8779	-1
8780	9941815
8781	-1
8782	9944379
8783	-1
8784	-1
8785	9946943
8786	-1
8787	-1
8788	9949507
8789	-1
8790	9952071
8791	-1
8792	-1
8793	9954635
8794	-1
8795	9957199
8796	-1
8797	-1
8798	9959763
8799	-1
8800	9962327
8801	-1
8802	-1
8803	9964891
8804	-1
8805	9967455
8806	-1
8807	-1
8808	9970019
8809	-1
8810	-1
8811	9972583
8812	-1
8813	9975147
8814	-1
8815	-1
8816	9977711
8817	-1
8818	9980275
8819	-1
8820	-1
8821	9982839
8822	-1
8823	9985403
8824	-1
8825	-1
8826	9987967
8827	-1
8828	-1
8829	9990531
8830	-1
8831	9993095
8832	-1
8833	-1
8834	9995659
8835	-1
8836	9998223
8837	-1
8838	-1
8839	-1
8840	-1
8841	-1
8842	-1
8843	-1
8844	-1
8845	-1
8846	-1
8847	-1
8848	-1
8849	-1
8850	-1
8851	-1
8852	-1
8853	-1
8854	-1
8855	-1
8856	-1
8857	-1
8858	-1
8859	-1
8860	-1
8861	-1
8862	-1
8863	-1
8864	-1
8865	-1
8866	-1
8867	-1
8868	-1
8869	-1
8870	-1
8871	-1
8872	-1
8873	-1
8874	-1
8875	-1
8876	-1
8877	-1
8878	-1
8879	-1
8880	-1
8881	-1
8882	-1
8883	-1
8884	-1
8885	-1
8886	-1
8887	-1
8888	-1
8889	-1
8890	-1
8891	-1
8892	-1
8893	-1
8894	-1
8895	-1
8896	-1
8897	-1
8898	-1
8899	-1
8900	-1
8901	-1
8902	-1
8903	-1
8904	-1
8905	-1
8906	-1
8907	-1
8908	-1
8909	-1
8910	-1
8911	-1
8912	-1
8913	-1
8914	-1
8915	-1
8916	-1
8917	-1
8918	-1
8919	-1
8920	-1
8921	-1
8922	-1
8923	-1
8924	-1
8925	-1
8926	-1
8927	-1
8928	-1
8929	-1
8930	-1
8931	-1
8932	-1
8933	-1
8934	-1
8935	-1
8936	-1
8937	-1
8938	-1
8939	-1
8940	-1
8941	-1
8942	-1
8943	-1
8944	-1
8945	-1
8946	-1
8947	-1
8948	-1
8949	-1
8950	-1
8951	-1
8952	-1
8953	-1
8954	-1
8955	-1
8956	-1
8957	-1
8958	-1
8959	-1
8960	-1
8961	-1
8962	-1
8963	-1
8964	-1
8965	-1
8966	-1
8967	-1
8968	-1
8969	-1
8970	-1
8971	-1
8972	-1
8973	-1
8974	-1
8975	-1
8976	-1
8977	-1
8978	-1
8979	-1
8980	-1
8981	-1
8982	-1
8983	-1
8984	-1
8985	-1
8986	-1
8987	-1
8988	-1
8989	-1
8990	-1
8991	-1
8992	-1
8993	-1
8994	-1
8995	-1
8996	-1
8997	-1
8998	-1
8999	-1
9000	-1
9001	-1
9002	-1
9003	-1
9004	-1
9005	-1
9006	-1
9007	-1
9008	-1
9009	-1
9010	-1
9011	-1
9012	-1
9013	-1
9014	-1
9015	-1
9016	-1
9017	-1
9018	-1
9019	-1
9020	-1
9021	-1
9022	-1
9023	-1
9024	-1
9025	-1
9026	-1
9027	-1
9028	-1
9029	-1
9030	-1
9031	-1
9032	-1
9033	-1
9034	-1
9035	-1
9036	-1
9037	-1
9038	-1
9039	-1
9040	-1
9041	-1
9042	-1
9043	-1
9044	-1
9045	-1
9046	-1
9047	-1
9048	-1
9049	-1
9050	-1
9051	-1
9052	-1
9053	-1
9054	-1
9055	-1
9056	-1
9057	-1
9058	-1
9059	-1
9060	-1
9061	-1
9062	-1
9063	-1
9064	-1
9065	-1
9066	-1
9067	-1
9068	-1
9069	-1
9070	-1
9071	-1
9072	-1
9073	-1
9074	-1
9075	-1
9076	-1
9077	-1
9078	-1
9079	-1
9080	-1
9081	-1
9082	-1
9083	-1
9084	-1
9085	-1
9086	-1
9087	-1
9088	-1
9089	-1
9090	-1
9091	-1
9092	-1
9093	-1
9094	-1
9095	-1
9096	-1
9097	-1
9098	-1
9099	-1
9100	-1
9101	-1
9102	-1
9103	-1
9104	-1
9105	-1
9106	-1
9107	-1
9108	-1
9109	-1
9110	-1
9111	-1
9112	-1
9113	-1
9114	-1
9115	-1
9116	-1
9117	-1
9118	-1
9119	-1
9120	-1
9121	-1
9122	-1
9123	-1
9124	-1
9125	-1
9126	-1
9127	-1
9128	-1
9129	-1
9130	-1
9131	-1
9132	-1
9133	-1
9134	-1
9135	-1
9136	-1
9137	-1
9138	-1
9139	-1
9140	-1
9141	-1
9142	-1
9143	-1
9144	-1
9145	-1
9146	-1
9147	-1
9148	-1
9149	-1
9150	-1
9151	-1
9152	-1
9153	-1
9154	-1
9155	-1
9156	-1
9157	-1
9158	-1
9159	-1
9160	-1
9161	-1
9162	-1
9163	-1
9164	-1
9165	-1
9166	-1
9167	-1
9168	-1
9169	-1
9170	-1
9171	-1
9172	-1
9173	-1
9174	-1
9175	-1
9176	-1
9177	-1
9178	-1
9179	-1
9180	-1
9181	-1
9182	-1
9183	-1
9184	-1
9185	-1
9186	-1
9187	-1
9188	-1
9189	-1
9190	-1
9191	-1
9192	-1
9193	-1
9194	-1
9195	-1
9196	-1
9197	-1
9198	-1
9199	-1
9200	-1
9201	-1
9202	-1
9203	-1
9204	-1
9205	-1
9206	-1
9207	-1
9208	-1
9209	-1
9210	-1
9211	-1
9212	-1
9213	-1
9214	-1
9215	-1
9216	-1
9217	-1
9218	-1
9219	-1
9220	-1
9221	-1
9222	-1
9223	-1
9224	-1
9225	-1
9226	-1
9227	-1
9228	-1
9229	-1
9230	-1
9231	-1
9232	-1
9233	-1
9234	-1
9235	-1
9236	-1
9237	-1
9238	-1
9239	-1
9240	-1
9241	-1
9242	-1
9243	-1
9244	-1
9245	-1
9246	-1
9247	-1
9248	-1
9249	-1
9250	-1
9251	-1
9252	-1
9253	-1
9254	-1
9255	-1
9256	-1
9257	-1
9258	-1
9259	-1
9260	-1
9261	-1
9262	-1
9263	-1
9264	-1
9265	-1
9266	-1
9267	-1
9268	-1
9269	-1
9270	-1
9271	-1
9272	-1
9273	-1
9274	-1
9275	-1
9276	-1
9277	-1
9278	-1
9279	-1
9280	-1
9281	-1
9282	-1
9283	-1
9284	-1
9285	-1
9286	-1
9287	-1
9288	-1
9289	-1
9290	-1
9291	-1
9292	-1
9293	-1
9294	-1
9295	-1
9296	-1
9297	-1
9298	-1
9299	-1
9300	-1
9301	-1
9302	-1
9303	-1
9304	-1
9305	-1
9306	-1
9307	-1
9308	-1
9309	-1
9310	-1
9311	-1
9312	-1
9313	-1
9314	-1
9315	-1
9316	-1
9317	-1
9318	-1
9319	-1
9320	-1
9321	-1
9322	-1
9323	-1
9324	-1
9325	-1
9326	-1
9327	-1
9328	-1
9329	-1
9330	-1
9331	-1
9332	-1
9333	-1
9334	-1
9335	-1
9336	-1
9337	-1
9338	-1
9339	-1
9340	-1
9341	-1
9342	-1
9343	-1
9344	-1
9345	-1
9346	-1
9347	-1
9348	-1
9349	-1
9350	-1
9351	-1
9352	-1
9353	-1
9354	-1
9355	-1
9356	-1
9357	-1
9358	-1
9359	-1
9360	-1
9361	-1
9362	-1
9363	-1
9364	-1
9365	-1
9366	-1
9367	-1
9368	-1
9369	-1
9370	-1
9371	-1
9372	-1
9373	-1
9374	-1
9375	-1
9376	-1
9377	-1
9378	-1
9379	-1
9380	-1
9381	-1
9382	-1
9383	-1
9384	-1
9385	-1
9386	-1
9387	-1
9388	-1
9389	-1
9390	-1
9391	-1
9392	-1
9393	-1
9394	-1
9395	-1
9396	-1
9397	-1
9398	-1
9399	-1
9400	-1
9401	-1
9402	-1
9403	-1
9404	-1
9405	-1
9406	-1
9407	-1
9408	-1
9409	-1
9410	-1
9411	-1
9412	-1
9413	-1
9414	-1
9415	-1
9416	-1
9417	-1
9418	-1
9419	-1
9420	-1
9421	-1
9422	-1
9423	-1
9424	-1
9425	-1
9426	-1
9427	-1
9428	-1
9429	-1
9430	-1
9431	-1
9432	-1
9433	-1
9434	-1
9435	-1
9436	-1
9437	-1
9438	-1
9439	-1
9440	-1
9441	-1
9442	-1
9443	-1
9444	-1
9445	-1
9446	-1
9447	-1
9448	-1
9449	-1
9450	-1
9451	-1
9452	-1
9453	-1
9454	-1
9455	-1
9456	-1
9457	-1
9458	-1
9459	-1
9460	-1
9461	-1
9462	-1
9463	-1
9464	-1
9465	-1
9466	-1
9467	-1
9468	-1
9469	-1
9470	-1
9471	-1
9472	-1
9473	-1
9474	-1
9475	-1
9476	-1
9477	-1
9478	-1
9479	-1
9480	-1
9481	-1
9482	-1
9483	-1
9484	-1
9485	-1
9486	-1
9487	-1
9488	-1
9489	-1
9490	-1
9491	-1
9492	-1
9493	-1
9494	-1
9495	-1
9496	-1
9497	-1
9498	-1
9499	-1
9500	-1
9501	-1
9502	-1
9503	-1
9504	-1
9505	-1
9506	-1
9507	-1
9508	-1
9509	-1
9510	-1
9511	-1
9512	-1
9513	-1
9514	-1
9515	-1
9516	-1
9517	-1
9518	-1
9519	-1
9520	-1
9521	-1
9522	-1
9523	-1
9524	-1
9525	-1
9526	-1
9527	-1
9528	-1
9529	-1
9530	-1
9531	-1
9532	-1
9533	-1
9534	-1
9535	-1
9536	-1
9537	-1
9538	-1
9539	-1
9540	-1
9541	-1
9542	-1
9543	-1
9544	-1
9545	-1
9546	-1
9547	-1
9548	-1
9549	-1
9550	-1
9551	-1
9552	-1
9553	-1
9554	-1
9555	-1
9556	-1
9557	-1
9558	-1
9559	-1
9560	-1
9561	-1
9562	-1
9563	-1
9564	-1
9565	-1
9566	-1
9567	-1
9568	-1
9569	-1
9570	-1
9571	-1
9572	-1
9573	-1
9574	-1
9575	-1
9576	-1
9577	-1
9578	-1
9579	-1
9580	-1
9581	-1
9582	-1
9583	-1
9584	-1
9585	-1
9586	-1
9587	-1
9588	-1
9589	-1
9590	-1
9591	-1
9592	-1
9593	-1
9594	-1
9595	-1
9596	-1
9597	-1
9598	-1
9599	-1
9600	-1
9601	-1
9602	-1
9603	-1
9604	-1
9605	-1
9606	-1
9607	-1
9608	-1
9609	-1
9610	-1
9611	-1
9612	-1
9613	-1
9614	-1
9615	-1
9616	-1
9617	-1
9618	-1
9619	-1
9620	-1
9621	-1
9622	-1
9623	-1
9624	-1
9625	-1
9626	-1
9627	-1
9628	-1
9629	-1
9630	-1
9631	-1
9632	-1
9633	-1
9634	-1
9635	-1
9636	-1
9637	-1
9638	-1
9639	-1
9640	-1
9641	-1
9642	-1
9643	-1
9644	-1
9645	-1
9646	-1
9647	-1
9648	-1
9649	-1
9650	-1
9651	-1
9652	-1
9653	-1
9654	-1
9655	-1
9656	-1
9657	-1
9658	-1
9659	-1
9660	-1
9661	-1
9662	-1
9663	-1
9664	-1
9665	-1
9666	-1
9667	-1
9668	-1
9669	-1
9670	-1
9671	-1
9672	-1
9673	-1
9674	-1
9675	-1
9676	-1
9677	-1
9678	-1
9679	-1
9680	-1
9681	-1
9682	-1
9683	-1
9684	-1
9685	-1
9686	-1
9687	-1
9688	-1
9689	-1
9690	-1
9691	-1
9692	-1
9693	-1
9694	-1
9695	-1
9696	-1
9697	-1
9698	-1
9699	-1
9700	-1
9701	-1
9702	-1
9703	-1
9704	-1
9705	-1
9706	-1
9707	-1
9708	-1
9709	-1
9710	-1
9711	-1
9712	-1
9713	-1
9714	-1
9715	-1
9716	-1
9717	-1
9718	-1
9719	-1
9720	-1
9721	-1
9722	-1
9723	-1
9724	-1
9725	-1
9726	-1
9727	-1
9728	-1
9729	-1
9730	-1
9731	-1
9732	-1
9733	-1
9734	-1
9735	-1
9736	-1
9737	-1
9738	-1
9739	-1
9740	-1
9741	-1
9742	-1
9743	-1
9744	-1
9745	-1
9746	-1
9747	-1
9748	-1
9749	-1
9750	-1
9751	-1
9752	-1
9753	-1
9754	-1
9755	-1
9756	-1
9757	-1
9758	-1
9759	-1
9760	-1
9761	-1
9762	-1
9763	-1
9764	-1
9765	-1
9766	-1
9767	-1
9768	-1
9769	-1
9770	-1
9771	-1
9772	-1
9773	-1
9774	-1
9775	-1
9776	-1
9777	-1
9778	-1
9779	-1
9780	-1
9781	-1
9782	-1
9783	-1
9784	-1
9785	-1
9786	-1
9787	-1
9788	-1
9789	-1
9790	-1
9791	-1
9792	-1
9793	-1
9794	-1
9795	-1
9796	-1
9797	-1
9798	-1
9799	-1
9800	-1
9801	-1
9802	-1
9803	-1
9804	-1
9805	-1
9806	-1
9807	-1
9808	-1
9809	-1
9810	-1
9811	-1
9812	-1
9813	-1
9814	-1
9815	-1
9816	-1
9817	-1
9818	-1
9819	-1
9820	-1
9821	-1
9822	-1
9823	-1
9824	-1
9825	-1
9826	-1
9827	-1
9828	-1
9829	-1
9830	-1
9831	-1
9832	-1
9833	-1
9834	-1
9835	-1
9836	-1
9837	-1
9838	-1
9839	-1
9840	-1
9841	-1
9842	-1
9843	-1
9844	-1
9845	-1
9846	-1
9847	-1
9848	-1
9849	-1
9850	-1
9851	-1
9852	-1
9853	-1
9854	-1
9855	-1
9856	-1
9857	-1
9858	-1
9859	-1
9860	-1
9861	-1
9862	-1
9863	-1
9864	-1
9865	-1
9866	-1
9867	-1
9868	-1
9869	-1
9870	-1
9871	-1
9872	-1
9873	-1
9874	-1
9875	-1
9876	-1
9877	-1
9878	-1
9879	-1
9880	-1
9881	-1
9882	-1
9883	-1
9884	-1
9885	-1
9886	-1
9887	-1
9888	-1
9889	-1
9890	-1
9891	-1
9892	-1
9893	-1
9894	-1
9895	-1
9896	-1
9897	-1
9898	-1
9899	-1
9900	-1
9901	-1
9902	-1
9903	-1
9904	-1
9905	-1
9906	-1
9907	-1
9908	-1
9909	-1
9910	-1
9911	-1
9912	-1
9913	-1
9914	-1
9915	-1
9916	-1
9917	-1
9918	-1
9919	-1
9920	-1
9921	-1
9922	-1
9923	-1
9924	-1
9925	-1
9926	-1
9927	-1
9928	-1
9929	-1
9930	-1
9931	-1
9932	-1
9933	-1
9934	-1
9935	-1
9936	-1
9937	-1
9938	-1
9939	-1
9940	-1
9941	-1
9942	-1
9943	-1
9944	-1
9945	-1
9946	-1
9947	-1
9948	-1
9949	-1
9950	-1
9951	-1
9952	-1
9953	-1
9954	-1
9955	-1
9956	-1
9957	-1
9958	-1
9959	-1
9960	-1
9961	-1
9962	-1
9963	-1
9964	-1
9965	-1
9966	-1
9967	-1
9968	-1
9969	-1
9970	-1
9971	-1
9972	-1
9973	-1
9974	-1
9975	-1
9976	-1
9977	-1
9978	-1
9979	-1
9980	-1
9981	-1
9982	-1
9983	-1
9984	-1
9985	-1
9986	-1
9987	-1
9988	-1
9989	-1
9990	-1
9991	-1
9992	-1
9993	-1
9994	-1
9995	-1
9996	-1
9997	-1
9998	-1
9999	-1
