0	1006527
1	1007408
2	1008408
3	1009408
4	1010404
5	1011408
6	1012408
7	1013408
8	1014408
9	1015404
10	1016404
11	1017408
12	1018408
13	1019404
14	1020404
15	1021408
16	1022408
17	1023400
18	1024408
19	1025408
20	1026408
21	1027408
22	1028408
23	1029408
24	1030404
25	1031404
26	1032404
27	1033408
28	1034404
29	1035404
30	1036404
31	1037408
32	1038404
33	1039408
34	1040408
35	1041408
36	1042408
37	1043408
38	1044408
39	1045408
40	1046408
41	1047404
42	1048408
43	1049408
44	1050404
45	1051404
46	1052408
47	1053408
48	1054404
49	1055404
50	1056408
51	1057408
52	1058408
53	1059408
54	1060408
55	1061408
56	1062408
57	1063404
58	1064408
59	1065408
60	1066404
61	1067408
62	1068408
63	1069404
64	1070404
65	1071408
66	1072408
67	1073408
68	1074408
69	1075408
70	1076408
71	1077408
72	1078408
73	1079408
74	1080408
75	1081408
76	1082404
77	1083408
78	1084408
79	1085408
80	1086404
81	1087408
82	1088404
83	1089408
84	1090400
85	1091408
86	1092408
87	1093408
88	1094408
89	1095408
90	1096408
91	1097408
92	1098408
93	1099408
94	1100404
95	1101408
96	1102408
97	1103408
98	1104404
99	1105408
100	1106408
101	1107408
102	1108408
103	1109408
104	1110408
105	1111408
106	1112408
107	1113408
108	1114408
109	1115408
110	1116404
111	1117408
112	1118408
113	1119404
114	1120404
115	1121408
116	1122408
117	1123408
118	1124408
119	1125408
120	1126408
121	1127408
122	1128408
123	1129408
124	1130408
125	1131404
126	1132404
127	1133408
128	1134408
129	1135404
130	1136404
131	1137408
132	1138408
133	1139404
134	1140408
135	1141408
136	1142408
137	1143408
138	1144408
139	1145408
140	1146408
141	1147404
142	1148404
143	1149408
144	1150408
145	1151408
146	1152408
147	1153408
148	1154408
149	1155408
150	1156408
151	1157408
152	1158408
153	1159408
154	1160408
155	1161408
156	1162408
157	1163408
158	1164408
159	1165408
160	1166408
161	1167408
162	1168408
163	1169408
164	1170408
165	1171408
166	1172408
167	1173408
168	1174408
169	1175408
170	1176408
171	1177408
172	1178408
173	1179408
174	1180408
175	1181408
176	1182408
177	1183408
178	1184408
179	1185408
180	1186408
181	1187408
182	1188408
183	1189408
184	1190408
185	1191408
186	1192408
187	1193408
188	1194408
189	1195408
190	1196408
191	1197408
192	1198408
193	1199408
194	1200408
195	1201408
196	1202408
197	1203408
198	1204408
199	1205408
200	1206408
201	1207408
202	1208408
203	1209408
204	1210408
205	1211408
206	1212408
207	1213408
208	1214408
209	1215408
210	1216408
211	1217408
212	1218408
213	1219408
214	1220408
215	1221408
216	1222408
217	1223408
218	1224408
219	1225408
220	1226408
221	1227408
222	1228408
223	1229408
224	1230408
225	1231408
226	1232408
227	1233408
228	1234408
229	1235408
230	1236408
231	1237408
232	1238408
233	1239408
234	1240408
235	1241408
236	1242408
237	1243408
238	1244408
239	1245408
240	1246408
241	1247408
242	1248408
243	1249408
244	1250408
245	1251408
246	1252408
247	1253408
248	1254408
249	1255408
250	1256408
251	1257408
252	1258408
253	1259408
254	1260408
255	1261408
256	1262412
257	1263412
258	1264412
259	1265412
260	1266408
261	1267412
262	1268412
263	1269412
264	1270412
265	1271412
266	1272412
267	1273412
268	1274412
269	1275412
270	1276412
271	1277412
272	1278412
273	1279404
274	1280412
275	1281412
276	1282412
277	1283412
278	1284412
279	1285412
280	1286412
281	1287412
282	1288412
283	1289412
284	1290412
285	1291412
286	1292412
287	1293412
288	1294412
289	1295412
290	1296412
291	1297412
292	1298412
293	1299412
294	1300412
295	1301412
296	1302412
297	1303412
298	1304412
299	1305412
300	1306412
301	1307412
302	1308412
303	1309412
304	1310412
305	1311412
306	1312412
307	1313412
308	1314412
309	1315412
310	1316412
311	1317412
312	1318412
313	1319412
314	1320412
315	1321412
316	1322412
317	1323412
318	1324412
319	1325412
320	1326412
321	1327412
322	1328412
323	1329412
324	1330412
325	1331412
326	1332412
327	1333412
328	1334412
329	1335412
330	1336412
331	1337412
332	1338412
333	1339412
334	1340412
335	1341412
336	1342412
337	1343412
338	1344412
339	1345412
340	1346408
341	1347412
342	1348412
343	1349412
344	1350412
345	1351412
346	1352412
347	1353412
348	1354412
349	1355412
350	1356412
351	1357412
352	1358412
353	1359412
354	1360412
355	1361412
356	1362412
357	1363412
358	1364412
359	1365412
360	1366412
361	1367412
362	1368412
363	1369412
364	1370412
365	1371412
366	1372412
367	1373412
368	1374412
369	1375412
370	1376412
371	1377412
372	1378412
373	1379412
374	1380412
375	1381412
376	1382412
377	1383412
378	1384412
379	1385412
380	1386412
381	1387412
382	1388412
383	1389412
384	1390412
385	1391412
386	1392412
387	1393412
388	1394412
389	1395412
390	1396412
391	1397412
392	1398412
393	1399412
394	1400412
395	1401412
396	1402412
397	1403412
398	1404412
399	1405412
400	1406412
401	1407412
402	1408412
403	1409412
404	1410412
405	1411412
406	1412412
407	1413412
408	1414412
409	1415412
410	1416412
411	1417412
412	1418412
413	1419412
414	1420412
415	1421412
416	1422412
417	1423412
418	1424412
419	1425412
420	1426412
421	1427412
422	1428412
423	1429412
424	1430412
425	1431412
426	1432412
427	1433412
428	1434412
429	1435412
430	1436412
431	1437412
432	1438412
433	1439412
434	1440412
435	1441412
436	1442412
437	1443412
438	1444412
439	1445412
440	1446412
441	1447412
442	1448412
443	1449412
444	1450412
445	1451412
446	1452412
447	1453412
448	1454412
449	1455412
450	1456412
451	1457412
452	1458412
453	1459412
454	1460412
455	1461412
456	1462412
457	1463412
458	1464412
459	1465412
460	1466412
461	1467412
462	1468412
463	1469412
464	1470412
465	1471412
466	1472412
467	1473412
468	1474412
469	1475412
470	1476412
471	1477412
472	1478412
473	1479412
474	1480412
475	1481412
476	1482412
477	1483412
478	1484412
479	1485412
480	1486412
481	1487412
482	1488412
483	1489412
484	1490412
485	1491412
486	1492412
487	1493412
488	1494412
489	1495412
490	1496412
491	1497412
492	1498412
493	1499412
494	1500412
495	1501412
496	1502412
497	1503412
498	1504412
499	1505412
500	1506412
501	1507412
502	1508412
503	1509412
504	1510412
505	1511412
506	1512412
507	1513412
508	1514412
509	1515412
510	1516412
511	1517412
512	1518412
513	1519412
514	1520412
515	1521412
516	1522408
517	1523412
518	1524412
519	1525412
520	1526412
521	1527412
522	1528412
523	1529412
524	1530412
525	1531412
526	1532412
527	1533412
528	1534412
529	1535404
530	1536412
531	1537412
532	1538412
533	1539412
534	1540412
535	1541412
536	1542412
537	1543412
538	1544412
539	1545412
540	1546412
541	1547412
542	1548412
543	1549412
544	1550412
545	1551412
546	1552412
547	1553412
548	1554412
549	1555412
550	1556412
551	1557412
552	1558412
553	1559412
554	1560412
555	1561412
556	1562412
557	1563412
558	1564412
559	1565412
560	1566412
561	1567412
562	1568412
563	1569412
564	1570412
565	1571412
566	1572412
567	1573412
568	1574412
569	1575412
570	1576412
571	1577412
572	1578412
573	1579412
574	1580412
575	1581412
576	1582412
577	1583412
578	1584412
579	1585412
580	1586412
581	1587412
582	1588412
583	1589412
584	1590412
585	1591412
586	1592412
587	1593412
588	1594412
589	1595412
590	1596412
591	1597412
592	1598412
593	1599412
594	1600412
595	1601412
596	1602408
597	1603412
598	1604412
599	1605412
600	1606412
601	1607412
602	1608412
603	1609412
604	1610412
605	1611412
606	1612412
607	1613412
608	1614412
609	1615412
610	1616412
611	1617412
612	1618412
613	1619412
614	1620412
615	1621412
616	1622412
617	1623412
618	1624412
619	1625412
620	1626412
621	1627412
622	1628412
623	1629412
624	1630412
625	1631412
626	1632412
627	1633412
628	1634412
629	1635412
630	1636412
631	1637412
632	1638412
633	1639412
634	1640412
635	1641412
636	1642412
637	1643412
638	1644412
639	1645412
640	1646412
641	1647412
642	1648412
643	1649412
644	1650412
645	1651412
646	1652412
647	1653412
648	1654412
649	1655412
650	1656412
651	1657412
652	1658412
653	1659412
654	1660412
655	1661412
656	1662412
657	1663412
658	1664412
659	1665412
660	1666412
661	1667412
662	1668412
663	1669412
664	1670412
665	1671412
666	1672412
667	1673412
668	1674412
669	1675412
670	1676412
671	1677412
672	1678412
673	1679412
674	1680412
675	1681412
676	1682412
677	1683412
678	1684412
679	1685412
680	1686412
681	1687412
682	1688412
683	1689412
684	1690412
685	1691412
686	1692412
687	1693412
688	1694412
689	1695412
690	1696412
691	1697412
692	1698412
693	1699412
694	1700412
695	1701412
696	1702412
697	1703412
698	1704412
699	1705412
700	1706412
701	1707412
702	1708412
703	1709412
704	1710412
705	1711412
706	1712412
707	1713412
708	1714412
709	1715412
710	1716412
711	1717412
712	1718412
713	1719412
714	1720412
715	1721412
716	1722412
717	1723412
718	1724412
719	1725412
720	1726412
721	1727412
722	1728412
723	1729412
724	1730412
725	1731412
726	1732412
727	1733412
728	1734412
729	1735412
730	1736412
731	1737412
732	1738412
733	1739412
734	1740412
735	1741412
736	1742412
737	1743412
738	1744412
739	1745412
740	1746412
741	1747412
742	1748412
743	1749412
744	1750412
745	1751412
746	1752412
747	1753412
748	1754412
749	1755412
750	1756412
751	1757412
752	1758412
753	1759412
754	1760412
755	1761412
756	1762412
757	1763412
758	1764412
759	1765412
760	1766412
761	1767412
762	1768412
763	1769412
764	1770412
765	1771412
766	1772412
767	1773412
768	1774412
769	1775412
770	1776412
771	1777412
772	1778412
773	1779412
774	1780412
775	1781412
776	1782412
777	1783412
778	1784412
779	1785412
780	1786412
781	1787412
782	1788412
783	1789412
784	1790412
785	1791404
786	1792412
787	1793412
788	1794412
789	1795412
790	1796412
791	1797412
792	1798412
793	1799412
794	1800412
795	1801412
796	1802412
797	1803412
798	1804412
799	1805412
800	1806412
801	1807412
802	1808412
803	1809412
804	1810412
805	1811412
806	1812412
807	1813412
808	1814412
809	1815412
810	1816412
811	1817412
812	1818412
813	1819412
814	1820412
815	1821412
816	1822412
817	1823412
818	1824412
819	1825412
820	1826412
821	1827412
822	1828412
823	1829412
824	1830412
825	1831412
826	1832412
827	1833412
828	1834412
829	1835412
830	1836412
831	1837412
832	1838412
833	1839412
834	1840412
835	1841412
836	1842412
837	1843412
838	1844412
839	1845412
840	1846412
841	1847412
842	1848412
843	1849412
844	1850412
845	1851412
846	1852412
847	1853412
848	1854412
849	1855412
850	1856412
851	1857412
852	1858408
853	1859412
854	1860412
855	1861412
856	1862412
857	1863412
858	1864412
859	1865412
860	1866412
861	1867412
862	1868412
863	1869412
864	1870412
865	1871412
866	1872412
867	1873412
868	1874412
869	1875412
870	1876412
871	1877412
872	1878412
873	1879412
874	1880412
875	1881412
876	1882412
877	1883412
878	1884412
879	1885412
880	1886412
881	1887412
882	1888412
883	1889412
884	1890412
885	1891412
886	1892412
887	1893412
888	1894412
889	1895412
890	1896412
891	1897412
892	1898412
893	1899412
894	1900412
895	1901412
896	1902412
897	1903412
898	1904412
899	1905412
900	1906412
901	1907412
902	1908412
903	1909412
904	1910412
905	1911412
906	1912412
907	1913412
908	1914412
909	1915412
910	1916412
911	1917412
912	1918412
913	1919412
914	1920412
915	1921412
916	1922412
917	1923412
918	1924412
919	1925412
920	1926412
921	1927412
922	1928412
923	1929412
924	1930412
925	1931412
926	1932412
927	1933412
928	1934412
929	1935412
930	1936412
931	1937412
932	1938412
933	1939412
934	1940412
935	1941412
936	1942412
937	1943412
938	1944412
939	1945412
940	1946412
941	1947412
942	1948412
943	1949412
944	1950412
945	1951412
946	1952412
947	1953412
948	1954412
949	1955412
950	1956412
951	1957412
952	1958412
953	1959412
954	1960412
955	1961412
956	1962412
957	1963412
958	1964412
959	1965412
960	1966412
961	1967412
962	1968412
963	1969412
964	1970412
965	1971412
966	1972412
967	1973412
968	1974412
969	1975412
970	1976412
971	1977412
972	1978412
973	1979412
974	1980412
975	1981412
976	1982412
977	1983412
978	1984412
979	1985412
980	1986412
981	1987412
982	1988412
983	1989412
984	1990412
985	1991412
986	1992412
987	1993412
988	1994412
989	1995412
990	1996412
991	1997412
992	1998412
993	1999412
994	2000412
995	2001412
996	2002412
997	2003412
998	2004412
999	2005412
