0	1010879
1	1015443
2	1020007
3	1024571
4	1029135
5	1033699
6	1038263
7	1042827
8	1047391
9	1051955
10	1056519
11	1061083
12	1065647
13	1070211
14	1074775
15	1079339
16	1083903
17	1088467
18	1093031
19	1097595
20	1102159
21	1106723
22	1111287
23	1115851
24	1120415
25	1124979
26	1129543
27	1134107
28	1138671
29	1143235
30	1147799
31	1152363
32	1156927
33	1161491
34	1166055
35	1170619
36	1175183
37	1179747
38	1184311
39	1188875
40	1193439
41	1198003
42	1202567
43	1207131
44	1211695
45	1216259
46	1220823
47	1225387
48	1229951
49	1234515
50	1239079
51	1243643
52	1248207
53	1252771
54	1257335
55	1261899
56	1266463
57	1271027
58	1275591
59	1280155
60	1284719
61	1289283
62	1293847
63	1298411
64	1302975
65	1307539
66	1312103
67	1316667
68	1321231
69	1325795
70	1330359
71	1334923
72	1339487
73	1344051
74	1348615
75	1353179
76	1357743
77	-1
78	1362307
79	-1
80	-1
81	-1
82	-1
83	1366871
84	-1
85	-1
86	-1
87	1371435
88	-1
89	-1
90	-1
91	-1
92	1375999
93	-1
94	-1
95	-1
96	1380563
97	-1
98	-1
99	-1
100	-1
101	1385127
102	-1
103	-1
104	-1
105	-1
106	1389691
107	-1
108	-1
109	-1
110	1394255
111	-1
112	-1
113	-1
114	-1
115	1398819
116	-1
117	-1
118	-1
119	1403383
120	-1
121	-1
122	-1
123	-1
124	1407947
125	-1
126	-1
127	-1
128	1412511
129	-1
130	-1
131	-1
132	-1
133	1417075
134	-1
135	-1
136	-1
137	-1
138	1421639
139	-1
140	-1
141	-1
142	1426203
143	-1
144	-1
145	-1
146	-1
147	1430767
148	-1
149	-1
150	-1
151	1435331
152	-1
153	-1
154	-1
155	-1
156	1439895
157	-1
158	-1
159	-1
160	1444459
161	-1
162	-1
163	-1
164	-1
165	1449023
166	-1
167	-1
168	-1
169	-1
170	1453587
171	-1
172	-1
173	-1
174	1458151
175	-1
176	-1
177	-1
178	-1
179	1462715
180	-1
181	-1
182	-1
183	1467279
184	-1
185	-1
186	-1
187	-1
188	1471843
189	-1
190	-1
191	-1
192	1476407
193	-1
194	-1
195	-1
196	-1
197	1480971
198	-1
199	-1
200	-1
201	1485535
202	-1
203	-1
204	-1
205	-1
206	1490099
207	-1
208	-1
209	-1
210	-1
211	1494663
212	-1
213	-1
214	-1
215	1499227
216	-1
217	-1
218	-1
219	-1
220	1503791
221	-1
222	-1
223	-1
224	1508355
225	-1
226	-1
227	-1
228	-1
229	1512919
230	-1
231	-1
232	-1
233	1517483
234	-1
235	-1
236	-1
237	-1
238	1522047
239	-1
240	-1
241	-1
242	-1
243	1526611
244	-1
245	-1
246	-1
247	1531175
248	-1
249	-1
250	-1
251	-1
252	1535739
253	-1
254	-1
255	-1
256	1540303
257	-1
258	-1
259	-1
260	-1
261	1544867
262	-1
263	-1
264	-1
265	1549431
266	-1
267	-1
268	-1
269	-1
270	1553995
271	-1
272	-1
273	-1
274	1558559
275	-1
276	-1
277	-1
278	-1
279	1563123
280	-1
281	-1
282	-1
283	-1
284	1567687
285	-1
286	-1
287	-1
288	1572251
289	-1
290	-1
291	-1
292	-1
293	1576815
294	-1
295	-1
296	-1
297	1581379
298	-1
299	-1
300	-1
301	-1
302	1585943
303	-1
304	-1
305	-1
306	1590507
307	-1
308	-1
309	-1
310	-1
311	1595071
312	-1
313	-1
314	-1
315	-1
316	1599635
317	-1
318	-1
319	-1
320	1604199
321	-1
322	-1
323	-1
324	-1
325	1608763
326	-1
327	-1
328	-1
329	1613327
330	-1
331	-1
332	-1
333	-1
334	1617891
335	-1
336	-1
337	-1
338	1622455
339	-1
340	-1
341	-1
342	-1
343	1627019
344	-1
345	-1
346	-1
347	1631583
348	-1
349	-1
350	-1
351	-1
352	1636147
353	-1
354	-1
355	-1
356	-1
357	1640711
358	-1
359	-1
360	-1
361	1645275
362	-1
363	-1
364	-1
365	-1
366	1649839
367	-1
368	-1
369	-1
370	1654403
371	-1
372	-1
373	-1
374	-1
375	1658967
376	-1
377	-1
378	-1
379	1663531
380	-1
381	-1
382	-1
383	-1
384	1668095
385	-1
386	-1
387	-1
388	-1
389	1672659
390	-1
391	-1
392	-1
393	1677223
394	-1
395	-1
396	-1
397	-1
398	1681787
399	-1
400	-1
401	-1
402	1686351
403	-1
404	-1
405	-1
406	-1
407	1690915
408	-1
409	-1
410	-1
411	1695479
412	-1
413	-1
414	-1
415	-1
416	1700043
417	-1
418	-1
419	-1
420	-1
421	1704607
422	-1
423	-1
424	-1
425	1709171
426	-1
427	-1
428	-1
429	-1
430	1713735
431	-1
432	-1
433	-1
434	1718299
435	-1
436	-1
437	-1
438	-1
439	1722863
440	-1
441	-1
442	-1
443	1727427
444	-1
445	-1
446	-1
447	-1
448	1731991
449	-1
450	-1
451	-1
452	1736555
453	-1
454	-1
455	-1
456	-1
457	1741119
458	-1
459	-1
460	-1
461	-1
462	1745683
463	-1
464	-1
465	-1
466	1750247
467	-1
468	-1
469	-1
470	-1
471	1754811
472	-1
473	-1
474	-1
475	1759375
476	-1
477	-1
478	-1
479	-1
480	1763939
481	-1
482	-1
483	-1
484	1768503
485	-1
486	-1
487	-1
488	-1
489	1773067
490	-1
491	-1
492	-1
493	-1
494	1777631
495	-1
496	-1
497	-1
498	1782195
499	-1
