0	1008839
1	1011403
2	-1
3	1013967
4	-1
5	-1
6	1016531
7	-1
8	1019095
9	-1
10	-1
11	1021659
12	-1
13	1024223
14	-1
15	-1
16	1026787
17	-1
18	-1
19	1029351
20	-1
21	1031915
22	-1
23	-1
24	1034479
25	-1
26	1037043
27	-1
28	-1
29	1039607
30	-1
31	1042171
32	-1
33	-1
34	1044735
35	-1
36	-1
37	1047299
38	-1
39	1049863
40	-1
41	-1
42	1052427
43	-1
44	1054991
45	-1
46	-1
47	1057555
48	-1
49	1060119
50	-1
51	-1
52	1062683
53	-1
54	-1
55	1065247
56	-1
57	1067811
58	-1
59	-1
60	1070375
61	-1
62	1072939
63	-1
64	-1
65	1075503
66	-1
67	1078067
68	-1
69	-1
70	1080631
71	-1
72	1083195
73	-1
74	-1
75	1085759
76	-1
77	-1
78	1088323
79	-1
80	1090887
81	-1
82	-1
83	1093451
84	-1
85	1096015
86	-1
87	-1
88	1098579
89	-1
90	1101143
91	-1
92	-1
93	1103707
94	-1
95	-1
96	1106271
97	-1
98	1108835
99	-1
100	-1
101	1111399
102	-1
103	1113963
104	-1
105	-1
106	1116527
107	-1
108	1119091
109	-1
110	-1
111	1121655
112	-1
113	1124219
114	-1
115	-1
116	1126783
117	-1
118	-1
119	1129347
120	-1
121	1131911
122	-1
123	-1
124	1134475
125	-1
126	1137039
127	-1
128	-1
129	1139603
130	-1
131	1142167
132	-1
133	-1
134	1144731
135	-1
136	-1
137	1147295
138	-1
139	1149859
140	-1
141	-1
142	1152423
143	-1
144	1154987
145	-1
146	-1
147	1157551
148	-1
149	1160115
150	-1
151	-1
152	1162679
153	-1
154	-1
155	1165243
156	-1
157	1167807
158	-1
159	-1
160	1170371
161	-1
162	1172935
163	-1
164	-1
165	1175499
166	-1
167	1178063
168	-1
169	-1
170	1180627
171	-1
172	1183191
173	-1
174	-1
175	1185755
176	-1
177	-1
178	1188319
179	-1
180	1190883
181	-1
182	-1
183	1193447
184	-1
185	1196011
186	-1
187	-1
188	1198575
189	-1
190	1201139
191	-1
192	-1
193	1203703
194	-1
195	-1
196	1206267
197	-1
198	1208831
199	-1
200	-1
201	1211395
202	-1
203	1213959
204	-1
205	-1
206	1216523
207	-1
208	1219087
209	-1
210	-1
211	1221651
212	-1
213	1224215
214	-1
215	-1
216	1226779
217	-1
218	-1
219	1229343
220	-1
221	1231907
222	-1
223	-1
224	1234471
225	-1
226	1237035
227	-1
228	-1
229	1239599
230	-1
231	1242163
232	-1
233	-1
234	1244727
235	-1
236	-1
237	1247291
238	-1
239	1249855
240	-1
241	-1
242	1252419
243	-1
244	1254983
245	-1
246	-1
247	1257547
248	-1
249	1260111
250	-1
251	-1
252	1262675
253	-1
254	-1
255	1265239
256	-1
257	1267803
258	-1
259	-1
260	1270367
261	-1
262	1272931
263	-1
264	-1
265	1275495
266	-1
267	1278059
268	-1
269	-1
270	1280623
271	-1
272	1283187
273	-1
274	-1
275	1285751
276	-1
277	-1
278	1288315
279	-1
280	1290879
281	-1
282	-1
283	1293443
284	-1
285	1296007
286	-1
287	-1
288	1298571
289	-1
290	1301135
291	-1
292	-1
293	1303699
294	-1
295	-1
296	1306263
297	-1
298	1308827
299	-1
300	-1
301	1311391
302	-1
303	1313955
304	-1
305	-1
306	1316519
307	-1
308	1319083
309	-1
310	-1
311	1321647
312	-1
313	1324211
314	-1
315	-1
316	1326775
317	-1
318	-1
319	1329339
320	-1
321	1331903
322	-1
323	-1
324	1334467
325	-1
326	1337031
327	-1
328	-1
329	1339595
330	-1
331	1342159
332	-1
333	-1
334	1344723
335	-1
336	-1
337	1347287
338	-1
339	1349851
340	-1
341	-1
342	1352415
343	-1
344	1354979
345	-1
346	-1
347	1357543
348	-1
349	1360107
350	-1
351	-1
352	1362671
353	-1
354	-1
355	1365235
356	-1
357	1367799
358	-1
359	-1
360	1370363
361	-1
362	1372927
363	-1
364	-1
365	1375491
366	-1
367	1378055
368	-1
369	-1
370	1380619
371	-1
372	1383183
373	-1
374	-1
375	1385747
376	-1
377	-1
378	1388311
379	-1
380	1390875
381	-1
382	-1
383	1393439
384	-1
385	1396003
386	-1
387	-1
388	1398567
389	-1
390	1401131
391	-1
392	-1
393	1403695
394	-1
395	-1
396	1406259
397	-1
398	1408823
399	-1
400	-1
401	1411387
402	-1
403	1413951
404	-1
405	-1
406	1416515
407	-1
408	1419079
409	-1
410	-1
411	1421643
412	-1
413	1424207
414	-1
415	-1
416	1426771
417	-1
418	-1
419	1429335
420	-1
421	1431899
422	-1
423	-1
424	1434463
425	-1
426	1437027
427	-1
428	-1
429	1439591
430	-1
431	1442155
432	-1
433	-1
434	1444719
435	-1
436	-1
437	1447283
438	-1
439	1449847
440	-1
441	-1
442	1452411
443	-1
444	1454975
445	-1
446	-1
447	1457539
448	-1
449	1460103
450	-1
451	-1
452	1462667
453	-1
454	-1
455	1465231
456	-1
457	1467795
458	-1
459	-1
460	1470359
461	-1
462	1472923
463	-1
464	-1
465	1475487
466	-1
467	1478051
468	-1
469	-1
470	1480615
471	-1
472	1483179
473	-1
474	-1
475	1485743
476	-1
477	-1
478	1488307
479	-1
480	1490871
481	-1
482	-1
483	1493435
484	-1
485	1495999
486	-1
487	-1
488	1498563
489	-1
490	1501127
491	-1
492	-1
493	1503691
494	-1
495	-1
496	1506255
497	-1
498	1508819
499	-1
500	-1
501	1511383
502	-1
503	1513947
504	-1
505	-1
506	1516511
507	-1
508	1519075
509	-1
510	-1
511	1521639
512	-1
513	1524203
514	-1
515	-1
516	1526767
517	-1
518	-1
519	1529331
520	-1
521	1531895
522	-1
523	-1
524	1534459
525	-1
526	1537023
527	-1
528	-1
529	1539587
530	-1
531	1542151
532	-1
533	-1
534	1544715
535	-1
536	-1
537	1547279
538	-1
539	1549843
540	-1
541	-1
542	1552407
543	-1
544	1554971
545	-1
546	-1
547	1557535
548	-1
549	1560099
550	-1
551	-1
552	1562663
553	-1
554	1565227
555	-1
556	-1
557	1567791
558	-1
559	-1
560	1570355
561	-1
562	1572919
563	-1
564	-1
565	1575483
566	-1
567	1578047
568	-1
569	-1
570	1580611
571	-1
572	1583175
573	-1
574	-1
575	1585739
576	-1
577	-1
578	1588303
579	-1
580	1590867
581	-1
582	-1
583	1593431
584	-1
585	1595995
586	-1
587	-1
588	1598559
589	-1
590	1601123
591	-1
592	-1
593	1603687
594	-1
595	-1
596	1606251
597	-1
598	1608815
599	-1
600	-1
601	1611379
602	-1
603	1613943
604	-1
605	-1
606	1616507
607	-1
608	1619071
609	-1
610	-1
611	1621635
612	-1
613	1624199
614	-1
615	-1
616	1626763
617	-1
618	-1
619	1629327
620	-1
621	1631891
622	-1
623	-1
624	1634455
625	-1
626	1637019
627	-1
628	-1
629	1639583
630	-1
631	1642147
632	-1
633	-1
634	1644711
635	-1
636	-1
637	1647275
638	-1
639	1649839
640	-1
641	-1
642	1652403
643	-1
644	1654967
645	-1
646	-1
647	1657531
648	-1
649	1660095
650	-1
651	-1
652	1662659
653	-1
654	1665223
655	-1
656	-1
657	1667787
658	-1
659	-1
660	1670351
661	-1
662	1672915
663	-1
664	-1
665	1675479
666	-1
667	1678043
668	-1
669	-1
670	1680607
671	-1
672	1683171
673	-1
674	-1
675	1685735
676	-1
677	-1
678	1688299
679	-1
680	1690863
681	-1
682	-1
683	1693427
684	-1
685	1695991
686	-1
687	-1
688	1698555
689	-1
690	1701119
691	-1
692	-1
693	1703683
694	-1
695	-1
696	1706247
697	-1
698	1708811
699	-1
700	-1
701	1711375
702	-1
703	1713939
704	-1
705	-1
706	1716503
707	-1
708	1719067
709	-1
710	-1
711	1721631
712	-1
713	1724195
714	-1
715	-1
716	1726759
717	-1
718	-1
719	1729323
720	-1
721	1731887
722	-1
723	-1
724	1734451
725	-1
726	1737015
727	-1
728	-1
729	1739579
730	-1
731	1742143
732	-1
733	-1
734	1744707
735	-1
736	-1
737	1747271
738	-1
739	1749835
740	-1
741	-1
742	1752399
743	-1
744	1754963
745	-1
746	-1
747	1757527
748	-1
749	1760091
750	-1
751	-1
752	1762655
753	-1
754	1765219
755	-1
756	-1
757	1767783
758	-1
759	-1
760	1770347
761	-1
762	1772911
763	-1
764	-1
765	1775475
766	-1
767	1778039
768	-1
769	-1
770	1780603
771	-1
772	1783167
773	-1
774	-1
775	1785731
776	-1
777	-1
778	1788295
779	-1
780	1790859
781	-1
782	-1
783	1793423
784	-1
785	1795987
786	-1
787	-1
788	1798551
789	-1
790	1801115
791	-1
792	-1
793	1803679
794	-1
795	-1
796	1806243
797	-1
798	1808807
799	-1
800	-1
801	1811371
802	-1
803	1813935
804	-1
805	-1
806	1816499
807	-1
808	1819063
809	-1
810	-1
811	1821627
812	-1
813	1824191
814	-1
815	-1
816	1826755
817	-1
818	-1
819	1829319
820	-1
821	1831883
822	-1
823	-1
824	1834447
825	-1
826	1837011
827	-1
828	-1
829	1839575
830	-1
831	1842139
832	-1
833	-1
834	1844703
835	-1
836	-1
837	1847267
838	-1
839	1849831
840	-1
841	-1
842	1852395
843	-1
844	1854959
845	-1
846	-1
847	1857523
848	-1
849	1860087
850	-1
851	-1
852	1862651
853	-1
854	1865215
855	-1
856	-1
857	1867779
858	-1
859	-1
860	1870343
861	-1
862	1872907
863	-1
864	-1
865	1875471
866	-1
867	1878035
868	-1
869	-1
870	1880599
871	-1
872	1883163
873	-1
874	-1
875	1885727
876	-1
877	-1
878	1888291
879	-1
880	1890855
881	-1
882	-1
883	1893419
884	-1
885	1895983
886	-1
887	-1
888	1898547
889	-1
890	1901111
891	-1
892	-1
893	1903675
894	-1
895	-1
896	1906239
897	-1
898	1908803
899	-1
900	-1
901	1911367
902	-1
903	1913931
904	-1
905	-1
906	1916495
907	-1
908	1919059
909	-1
910	-1
911	1921623
912	-1
913	1924187
914	-1
915	-1
916	1926751
917	-1
918	-1
919	1929315
920	-1
921	1931879
922	-1
923	-1
924	1934443
925	-1
926	1937007
927	-1
928	-1
929	1939571
930	-1
931	1942135
932	-1
933	-1
934	1944699
935	-1
936	-1
937	1947263
938	-1
939	1949827
940	-1
941	-1
942	1952391
943	-1
944	1954955
945	-1
946	-1
947	1957519
948	-1
949	1960083
950	-1
951	-1
952	1962647
953	-1
954	1965211
955	-1
956	-1
957	1967775
958	-1
959	-1
960	1970339
961	-1
962	1972903
963	-1
964	-1
965	1975467
966	-1
967	1978031
968	-1
969	-1
970	1980595
971	-1
972	1983159
973	-1
974	-1
975	1985723
976	-1
977	-1
978	1988287
979	-1
980	1990851
981	-1
982	-1
983	1993415
984	-1
985	1995979
986	-1
987	-1
988	1998543
989	-1
990	2001107
991	-1
992	-1
993	2003671
994	-1
995	-1
996	2006235
997	-1
998	2008799
999	-1
1000	-1
1001	2011363
1002	-1
1003	2013927
1004	-1
1005	-1
1006	2016491
1007	-1
1008	2019055
1009	-1
1010	-1
1011	2021619
1012	-1
1013	2024183
1014	-1
1015	-1
1016	2026747
1017	-1
1018	-1
1019	2029311
1020	-1
1021	2031875
1022	-1
1023	-1
1024	2034439
1025	-1
1026	2037003
1027	-1
1028	-1
1029	2039567
1030	-1
1031	2042131
1032	-1
1033	-1
1034	2044695
1035	-1
1036	-1
1037	2047259
1038	-1
1039	2049823
1040	-1
1041	-1
1042	2052387
1043	-1
1044	2054951
1045	-1
1046	-1
1047	2057515
1048	-1
1049	2060079
1050	-1
1051	-1
1052	2062643
1053	-1
1054	2065207
1055	-1
1056	-1
1057	2067771
1058	-1
1059	-1
1060	2070335
1061	-1
1062	2072899
1063	-1
1064	-1
1065	2075463
1066	-1
1067	2078027
1068	-1
1069	-1
1070	2080591
1071	-1
1072	2083155
1073	-1
1074	-1
1075	2085719
1076	-1
1077	-1
1078	2088283
1079	-1
1080	2090847
1081	-1
1082	-1
1083	2093411
1084	-1
1085	2095975
1086	-1
1087	-1
1088	2098539
1089	-1
1090	2101103
1091	-1
1092	-1
1093	2103667
1094	-1
1095	-1
1096	2106231
1097	-1
1098	2108795
1099	-1
1100	-1
1101	2111359
1102	-1
1103	2113923
1104	-1
1105	-1
1106	2116487
1107	-1
1108	2119051
1109	-1
1110	-1
1111	2121615
1112	-1
1113	2124179
1114	-1
1115	-1
1116	2126743
1117	-1
1118	-1
1119	2129307
1120	-1
1121	2131871
1122	-1
1123	-1
1124	2134435
1125	-1
1126	2136999
1127	-1
1128	-1
1129	2139563
1130	-1
1131	2142127
1132	-1
1133	-1
1134	2144691
1135	-1
1136	-1
1137	2147255
1138	-1
1139	2149819
1140	-1
1141	-1
1142	2152383
1143	-1
1144	2154947
1145	-1
1146	-1
1147	2157511
1148	-1
1149	2160075
1150	-1
1151	-1
1152	2162639
1153	-1
1154	2165203
1155	-1
1156	-1
1157	2167767
1158	-1
1159	-1
1160	2170331
1161	-1
1162	2172895
1163	-1
1164	-1
1165	2175459
1166	-1
1167	2178023
1168	-1
1169	-1
1170	2180587
1171	-1
1172	2183151
1173	-1
1174	-1
1175	2185715
1176	-1
1177	-1
1178	2188279
1179	-1
1180	2190843
1181	-1
1182	-1
1183	2193407
1184	-1
1185	2195971
1186	-1
1187	-1
1188	2198535
1189	-1
1190	2201099
1191	-1
1192	-1
1193	2203663
1194	-1
1195	2206227
1196	-1
1197	-1
1198	2208791
1199	-1
1200	-1
1201	2211355
1202	-1
1203	2213919
1204	-1
1205	-1
1206	2216483
1207	-1
1208	2219047
1209	-1
1210	-1
1211	2221611
1212	-1
1213	2224175
1214	-1
1215	-1
1216	2226739
1217	-1
1218	-1
1219	2229303
1220	-1
1221	2231867
1222	-1
1223	-1
1224	2234431
1225	-1
1226	2236995
1227	-1
1228	-1
1229	2239559
1230	-1
1231	2242123
1232	-1
1233	-1
1234	2244687
1235	-1
1236	-1
1237	2247251
1238	-1
1239	2249815
1240	-1
1241	-1
1242	2252379
1243	-1
1244	2254943
1245	-1
1246	-1
1247	2257507
1248	-1
1249	2260071
1250	-1
1251	-1
1252	2262635
1253	-1
1254	2265199
1255	-1
1256	-1
1257	2267763
1258	-1
1259	-1
1260	2270327
1261	-1
1262	2272891
1263	-1
1264	-1
1265	2275455
1266	-1
1267	2278019
1268	-1
1269	-1
1270	2280583
1271	-1
1272	2283147
1273	-1
1274	-1
1275	2285711
1276	-1
1277	-1
1278	2288275
1279	-1
1280	2290839
1281	-1
1282	-1
1283	2293403
1284	-1
1285	2295967
1286	-1
1287	-1
1288	2298531
1289	-1
1290	2301095
1291	-1
1292	-1
1293	2303659
1294	-1
1295	2306223
1296	-1
1297	-1
1298	2308787
1299	-1
1300	-1
1301	2311351
1302	-1
1303	2313915
1304	-1
1305	-1
1306	2316479
1307	-1
1308	2319043
1309	-1
1310	-1
1311	2321607
1312	-1
1313	2324171
1314	-1
1315	-1
1316	2326735
1317	-1
1318	-1
1319	2329299
1320	-1
1321	2331863
1322	-1
1323	-1
1324	2334427
1325	-1
1326	2336991
1327	-1
1328	-1
1329	2339555
1330	-1
1331	2342119
1332	-1
1333	-1
1334	2344683
1335	-1
1336	-1
1337	2347247
1338	-1
1339	2349811
1340	-1
1341	-1
1342	2352375
1343	-1
1344	2354939
1345	-1
1346	-1
1347	2357503
1348	-1
1349	2360067
1350	-1
1351	-1
1352	2362631
1353	-1
1354	2365195
1355	-1
1356	-1
1357	2367759
1358	-1
1359	-1
1360	2370323
1361	-1
1362	2372887
1363	-1
1364	-1
1365	2375451
1366	-1
1367	2378015
1368	-1
1369	-1
1370	2380579
1371	-1
1372	2383143
1373	-1
1374	-1
1375	2385707
1376	-1
1377	-1
1378	2388271
1379	-1
1380	2390835
1381	-1
1382	-1
1383	2393399
1384	-1
1385	2395963
1386	-1
1387	-1
1388	2398527
1389	-1
1390	2401091
1391	-1
1392	-1
1393	2403655
1394	-1
1395	2406219
1396	-1
1397	-1
1398	2408783
1399	-1
1400	-1
1401	2411347
1402	-1
1403	2413911
1404	-1
1405	-1
1406	2416475
1407	-1
1408	2419039
1409	-1
1410	-1
1411	2421603
1412	-1
1413	2424167
1414	-1
1415	-1
1416	2426731
1417	-1
1418	-1
1419	2429295
1420	-1
1421	2431859
1422	-1
1423	-1
1424	2434423
1425	-1
1426	2436987
1427	-1
1428	-1
1429	2439551
1430	-1
1431	2442115
1432	-1
1433	-1
1434	2444679
1435	-1
1436	-1
1437	2447243
1438	-1
1439	2449807
1440	-1
1441	-1
1442	2452371
1443	-1
1444	2454935
1445	-1
1446	-1
1447	2457499
1448	-1
1449	2460063
1450	-1
1451	-1
1452	2462627
1453	-1
1454	2465191
1455	-1
1456	-1
1457	2467755
1458	-1
1459	-1
1460	2470319
1461	-1
1462	2472883
1463	-1
1464	-1
1465	2475447
1466	-1
1467	2478011
1468	-1
1469	-1
1470	2480575
1471	-1
1472	2483139
1473	-1
1474	-1
1475	2485703
1476	-1
1477	-1
1478	2488267
1479	-1
1480	2490831
1481	-1
1482	-1
1483	2493395
1484	-1
1485	2495959
1486	-1
1487	-1
1488	2498523
1489	-1
1490	2501087
1491	-1
1492	-1
1493	2503651
1494	-1
1495	2506215
1496	-1
1497	-1
1498	2508779
1499	-1
1500	-1
1501	2511343
1502	-1
1503	2513907
1504	-1
1505	-1
1506	2516471
1507	-1
1508	2519035
1509	-1
1510	-1
1511	2521599
1512	-1
1513	2524163
1514	-1
1515	-1
1516	2526727
1517	-1
1518	-1
1519	2529291
1520	-1
1521	2531855
1522	-1
1523	-1
1524	2534419
1525	-1
1526	2536983
1527	-1
1528	-1
1529	2539547
1530	-1
1531	2542111
1532	-1
1533	-1
1534	2544675
1535	-1
1536	-1
1537	2547239
1538	-1
1539	2549803
1540	-1
1541	-1
1542	2552367
1543	-1
1544	2554931
1545	-1
1546	-1
1547	2557495
1548	-1
1549	2560059
1550	-1
1551	-1
1552	2562623
1553	-1
1554	2565187
1555	-1
1556	-1
1557	2567751
1558	-1
1559	-1
1560	2570315
1561	-1
1562	2572879
1563	-1
1564	-1
1565	2575443
1566	-1
1567	2578007
1568	-1
1569	-1
1570	2580571
1571	-1
1572	2583135
1573	-1
1574	-1
1575	2585699
1576	-1
1577	-1
1578	2588263
1579	-1
1580	2590827
1581	-1
1582	-1
1583	2593391
1584	-1
1585	2595955
1586	-1
1587	-1
1588	2598519
1589	-1
1590	2601083
1591	-1
1592	-1
1593	2603647
1594	-1
1595	2606211
1596	-1
1597	-1
1598	2608775
1599	-1
1600	-1
1601	2611339
1602	-1
1603	2613903
1604	-1
1605	-1
1606	2616467
1607	-1
1608	2619031
1609	-1
1610	-1
1611	2621595
1612	-1
1613	2624159
1614	-1
1615	-1
1616	2626723
1617	-1
1618	-1
1619	2629287
1620	-1
1621	2631851
1622	-1
1623	-1
1624	2634415
1625	-1
1626	2636979
1627	-1
1628	-1
1629	2639543
1630	-1
1631	2642107
1632	-1
1633	-1
1634	2644671
1635	-1
1636	-1
1637	2647235
1638	-1
1639	2649799
1640	-1
1641	-1
1642	2652363
1643	-1
1644	2654927
1645	-1
1646	-1
1647	2657491
1648	-1
1649	2660055
1650	-1
1651	-1
1652	2662619
1653	-1
1654	2665183
1655	-1
1656	-1
1657	2667747
1658	-1
1659	-1
1660	2670311
1661	-1
1662	2672875
1663	-1
1664	-1
1665	2675439
1666	-1
1667	2678003
1668	-1
1669	-1
1670	2680567
1671	-1
1672	2683131
1673	-1
1674	-1
1675	2685695
1676	-1
1677	-1
1678	2688259
1679	-1
1680	2690823
1681	-1
1682	-1
1683	2693387
1684	-1
1685	2695951
1686	-1
1687	-1
1688	2698515
1689	-1
1690	2701079
1691	-1
1692	-1
1693	2703643
1694	-1
1695	2706207
1696	-1
1697	-1
1698	2708771
1699	-1
1700	-1
1701	2711335
1702	-1
1703	2713899
1704	-1
1705	-1
1706	2716463
1707	-1
1708	2719027
1709	-1
1710	-1
1711	2721591
1712	-1
1713	2724155
1714	-1
1715	-1
1716	2726719
1717	-1
1718	-1
1719	2729283
1720	-1
1721	2731847
1722	-1
1723	-1
1724	2734411
1725	-1
1726	2736975
1727	-1
1728	-1
1729	2739539
1730	-1
1731	2742103
1732	-1
1733	-1
1734	2744667
1735	-1
1736	-1
1737	2747231
1738	-1
1739	2749795
1740	-1
1741	-1
1742	2752359
1743	-1
1744	2754923
1745	-1
1746	-1
1747	2757487
1748	-1
1749	2760051
1750	-1
1751	-1
1752	2762615
1753	-1
1754	2765179
1755	-1
1756	-1
1757	2767743
1758	-1
1759	-1
1760	2770307
1761	-1
1762	2772871
1763	-1
1764	-1
1765	2775435
1766	-1
1767	2777999
1768	-1
1769	-1
1770	2780563
1771	-1
1772	2783127
1773	-1
1774	-1
1775	2785691
1776	-1
1777	-1
1778	2788255
1779	-1
1780	2790819
1781	-1
1782	-1
1783	2793383
1784	-1
1785	2795947
1786	-1
1787	-1
1788	2798511
1789	-1
1790	2801075
1791	-1
1792	-1
1793	2803639
1794	-1
1795	2806203
1796	-1
1797	-1
1798	2808767
1799	-1
1800	-1
1801	2811331
1802	-1
1803	2813895
1804	-1
1805	-1
1806	2816459
1807	-1
1808	2819023
1809	-1
1810	-1
1811	2821587
1812	-1
1813	2824151
1814	-1
1815	-1
1816	2826715
1817	-1
1818	-1
1819	2829279
1820	-1
1821	2831843
1822	-1
1823	-1
1824	2834407
1825	-1
1826	2836971
1827	-1
1828	-1
1829	2839535
1830	-1
1831	2842099
1832	-1
1833	-1
1834	2844663
1835	-1
1836	2847227
1837	-1
1838	-1
1839	2849791
1840	-1
1841	-1
1842	2852355
1843	-1
1844	2854919
1845	-1
1846	-1
1847	2857483
1848	-1
1849	2860047
1850	-1
1851	-1
1852	2862611
1853	-1
1854	2865175
1855	-1
1856	-1
1857	2867739
1858	-1
1859	-1
1860	2870303
1861	-1
1862	2872867
1863	-1
1864	-1
1865	2875431
1866	-1
1867	2877995
1868	-1
1869	-1
1870	2880559
1871	-1
1872	2883123
1873	-1
1874	-1
1875	2885687
1876	-1
1877	-1
1878	2888251
1879	-1
1880	2890815
1881	-1
1882	-1
1883	2893379
1884	-1
1885	2895943
1886	-1
1887	-1
1888	2898507
1889	-1
1890	2901071
1891	-1
1892	-1
1893	2903635
1894	-1
1895	2906199
1896	-1
1897	-1
1898	2908763
1899	-1
1900	-1
1901	2911327
1902	-1
1903	2913891
1904	-1
1905	-1
1906	2916455
1907	-1
1908	2919019
1909	-1
1910	-1
1911	2921583
1912	-1
1913	2924147
1914	-1
1915	-1
1916	2926711
1917	-1
1918	-1
1919	2929275
1920	-1
1921	2931839
1922	-1
1923	-1
1924	2934403
1925	-1
1926	2936967
1927	-1
1928	-1
1929	2939531
1930	-1
1931	2942095
1932	-1
1933	-1
1934	2944659
1935	-1
1936	2947223
1937	-1
1938	-1
1939	2949787
1940	-1
1941	-1
1942	2952351
1943	-1
1944	2954915
1945	-1
1946	-1
1947	2957479
1948	-1
1949	2960043
1950	-1
1951	-1
1952	2962607
1953	-1
1954	2965171
1955	-1
1956	-1
1957	2967735
1958	-1
1959	-1
1960	2970299
1961	-1
1962	2972863
1963	-1
1964	-1
1965	2975427
1966	-1
1967	2977991
1968	-1
1969	-1
1970	2980555
1971	-1
1972	2983119
1973	-1
1974	-1
1975	2985683
1976	-1
1977	-1
1978	2988247
1979	-1
1980	2990811
1981	-1
1982	-1
1983	2993375
1984	-1
1985	2995939
1986	-1
1987	-1
1988	2998503
1989	-1
1990	3001067
1991	-1
1992	-1
1993	3003631
1994	-1
1995	3006195
1996	-1
1997	-1
1998	3008759
1999	-1
2000	-1
2001	3011323
2002	-1
2003	3013887
2004	-1
2005	-1
2006	3016451
2007	-1
2008	3019015
2009	-1
2010	-1
2011	3021579
2012	-1
2013	3024143
2014	-1
2015	-1
2016	3026707
2017	-1
2018	-1
2019	3029271
2020	-1
2021	3031835
2022	-1
2023	-1
2024	3034399
2025	-1
2026	3036963
2027	-1
2028	-1
2029	3039527
2030	-1
2031	3042091
2032	-1
2033	-1
2034	3044655
2035	-1
2036	3047219
2037	-1
2038	-1
2039	3049783
2040	-1
2041	-1
2042	3052347
2043	-1
2044	3054911
2045	-1
2046	-1
2047	3057475
2048	-1
2049	3060039
2050	-1
2051	-1
2052	3062603
2053	-1
2054	3065167
2055	-1
2056	-1
2057	3067731
2058	-1
2059	-1
2060	3070295
2061	-1
2062	3072859
2063	-1
2064	-1
2065	3075423
2066	-1
2067	3077987
2068	-1
2069	-1
2070	3080551
2071	-1
2072	3083115
2073	-1
2074	-1
2075	3085679
2076	-1
2077	-1
2078	3088243
2079	-1
2080	3090807
2081	-1
2082	-1
2083	3093371
2084	-1
2085	3095935
2086	-1
2087	-1
2088	3098499
2089	-1
2090	3101063
2091	-1
2092	-1
2093	3103627
2094	-1
2095	3106191
2096	-1
2097	-1
2098	3108755
2099	-1
2100	-1
2101	3111319
2102	-1
2103	3113883
2104	-1
2105	-1
2106	3116447
2107	-1
2108	3119011
2109	-1
2110	-1
2111	3121575
2112	-1
2113	3124139
2114	-1
2115	-1
2116	3126703
2117	-1
2118	-1
2119	3129267
2120	-1
2121	3131831
2122	-1
2123	-1
2124	3134395
2125	-1
2126	3136959
2127	-1
2128	-1
2129	3139523
2130	-1
2131	3142087
2132	-1
2133	-1
2134	3144651
2135	-1
2136	3147215
2137	-1
2138	-1
2139	3149779
2140	-1
2141	-1
2142	3152343
2143	-1
2144	3154907
2145	-1
2146	-1
2147	3157471
2148	-1
2149	3160035
2150	-1
2151	-1
2152	3162599
2153	-1
2154	3165163
2155	-1
2156	-1
2157	3167727
2158	-1
2159	-1
2160	3170291
2161	-1
2162	3172855
2163	-1
2164	-1
2165	3175419
2166	-1
2167	3177983
2168	-1
2169	-1
2170	3180547
2171	-1
2172	3183111
2173	-1
2174	-1
2175	3185675
2176	-1
2177	-1
2178	3188239
2179	-1
2180	3190803
2181	-1
2182	-1
2183	3193367
2184	-1
2185	3195931
2186	-1
2187	-1
2188	3198495
2189	-1
2190	3201059
2191	-1
2192	-1
2193	3203623
2194	-1
2195	3206187
2196	-1
2197	-1
2198	3208751
2199	-1
2200	-1
2201	3211315
2202	-1
2203	3213879
2204	-1
2205	-1
2206	3216443
2207	-1
2208	3219007
2209	-1
2210	-1
2211	3221571
2212	-1
2213	3224135
2214	-1
2215	-1
2216	3226699
2217	-1
2218	-1
2219	3229263
2220	-1
2221	3231827
2222	-1
2223	-1
2224	3234391
2225	-1
2226	3236955
2227	-1
2228	-1
2229	3239519
2230	-1
2231	3242083
2232	-1
2233	-1
2234	3244647
2235	-1
2236	3247211
2237	-1
2238	-1
2239	3249775
2240	-1
2241	-1
2242	3252339
2243	-1
2244	3254903
2245	-1
2246	-1
2247	3257467
2248	-1
2249	3260031
2250	-1
2251	-1
2252	3262595
2253	-1
2254	3265159
2255	-1
2256	-1
2257	3267723
2258	-1
2259	-1
2260	3270287
2261	-1
2262	3272851
2263	-1
2264	-1
2265	3275415
2266	-1
2267	3277979
2268	-1
2269	-1
2270	3280543
2271	-1
2272	3283107
2273	-1
2274	-1
2275	3285671
2276	-1
2277	-1
2278	3288235
2279	-1
2280	3290799
2281	-1
2282	-1
2283	3293363
2284	-1
2285	3295927
2286	-1
2287	-1
2288	3298491
2289	-1
2290	3301055
2291	-1
2292	-1
2293	3303619
2294	-1
2295	3306183
2296	-1
2297	-1
2298	3308747
2299	-1
2300	-1
2301	3311311
2302	-1
2303	3313875
2304	-1
2305	-1
2306	3316439
2307	-1
2308	3319003
2309	-1
2310	-1
2311	3321567
2312	-1
2313	3324131
2314	-1
2315	-1
2316	3326695
2317	-1
2318	-1
2319	3329259
2320	-1
2321	3331823
2322	-1
2323	-1
2324	3334387
2325	-1
2326	3336951
2327	-1
2328	-1
2329	3339515
2330	-1
2331	3342079
2332	-1
2333	-1
2334	3344643
2335	-1
2336	3347207
2337	-1
2338	-1
2339	3349771
2340	-1
2341	-1
2342	3352335
2343	-1
2344	3354899
2345	-1
2346	-1
2347	3357463
2348	-1
2349	3360027
2350	-1
2351	-1
2352	3362591
2353	-1
2354	3365155
2355	-1
2356	-1
2357	3367719
2358	-1
2359	-1
2360	3370283
2361	-1
2362	3372847
2363	-1
2364	-1
2365	3375411
2366	-1
2367	3377975
2368	-1
2369	-1
2370	3380539
2371	-1
2372	3383103
2373	-1
2374	-1
2375	3385667
2376	-1
2377	-1
2378	3388231
2379	-1
2380	3390795
2381	-1
2382	-1
2383	3393359
2384	-1
2385	3395923
2386	-1
2387	-1
2388	3398487
2389	-1
2390	3401051
2391	-1
2392	-1
2393	3403615
2394	-1
2395	3406179
2396	-1
2397	-1
2398	3408743
2399	-1
2400	-1
2401	3411307
2402	-1
2403	3413871
2404	-1
2405	-1
2406	3416435
2407	-1
2408	3418999
2409	-1
2410	-1
2411	3421563
2412	-1
2413	3424127
2414	-1
2415	-1
2416	3426691
2417	-1
2418	-1
2419	3429255
2420	-1
2421	3431819
2422	-1
2423	-1
2424	3434383
2425	-1
2426	3436947
2427	-1
2428	-1
2429	3439511
2430	-1
2431	3442075
2432	-1
2433	-1
2434	3444639
2435	-1
2436	3447203
2437	-1
2438	-1
2439	3449767
2440	-1
2441	-1
2442	3452331
2443	-1
2444	3454895
2445	-1
2446	-1
2447	3457459
2448	-1
2449	3460023
2450	-1
2451	-1
2452	3462587
2453	-1
2454	3465151
2455	-1
2456	-1
2457	3467715
2458	-1
2459	-1
2460	3470279
2461	-1
2462	3472843
2463	-1
2464	-1
2465	3475407
2466	-1
2467	3477971
2468	-1
2469	-1
2470	3480535
2471	-1
2472	3483099
2473	-1
2474	-1
2475	3485663
2476	-1
2477	3488227
2478	-1
2479	-1
2480	3490791
2481	-1
2482	-1
2483	3493355
2484	-1
2485	3495919
2486	-1
2487	-1
2488	3498483
2489	-1
2490	3501047
2491	-1
2492	-1
2493	3503611
2494	-1
2495	3506175
2496	-1
2497	-1
2498	3508739
2499	-1
2500	-1
2501	3511303
2502	-1
2503	3513867
2504	-1
2505	-1
2506	3516431
2507	-1
2508	3518995
2509	-1
2510	-1
2511	3521559
2512	-1
2513	3524123
2514	-1
2515	-1
2516	3526687
2517	-1
2518	-1
2519	3529251
2520	-1
2521	3531815
2522	-1
2523	-1
2524	3534379
2525	-1
2526	3536943
2527	-1
2528	-1
2529	3539507
2530	-1
2531	3542071
2532	-1
2533	-1
2534	3544635
2535	-1
2536	3547199
2537	-1
2538	-1
2539	3549763
2540	-1
2541	-1
2542	3552327
2543	-1
2544	3554891
2545	-1
2546	-1
2547	3557455
2548	-1
2549	3560019
2550	-1
2551	-1
2552	3562583
2553	-1
2554	3565147
2555	-1
2556	-1
2557	3567711
2558	-1
2559	-1
2560	3570275
2561	-1
2562	3572839
2563	-1
2564	-1
2565	3575403
2566	-1
2567	3577967
2568	-1
2569	-1
2570	3580531
2571	-1
2572	3583095
2573	-1
2574	-1
2575	3585659
2576	-1
2577	3588223
2578	-1
2579	-1
2580	3590787
2581	-1
2582	-1
2583	3593351
2584	-1
2585	3595915
2586	-1
2587	-1
2588	3598479
2589	-1
2590	3601043
2591	-1
2592	-1
2593	3603607
2594	-1
2595	3606171
2596	-1
2597	-1
2598	3608735
2599	-1
2600	-1
2601	3611299
2602	-1
2603	3613863
2604	-1
2605	-1
2606	3616427
2607	-1
2608	3618991
2609	-1
2610	-1
2611	3621555
2612	-1
2613	3624119
2614	-1
2615	-1
2616	3626683
2617	-1
2618	-1
2619	3629247
2620	-1
2621	3631811
2622	-1
2623	-1
2624	3634375
2625	-1
2626	3636939
2627	-1
2628	-1
2629	3639503
2630	-1
2631	3642067
2632	-1
2633	-1
2634	3644631
2635	-1
2636	3647195
2637	-1
2638	-1
2639	3649759
2640	-1
2641	-1
2642	3652323
2643	-1
2644	3654887
2645	-1
2646	-1
2647	3657451
2648	-1
2649	3660015
2650	-1
2651	-1
2652	3662579
2653	-1
2654	3665143
2655	-1
2656	-1
2657	3667707
2658	-1
2659	-1
2660	3670271
2661	-1
2662	3672835
2663	-1
2664	-1
2665	3675399
2666	-1
2667	3677963
2668	-1
2669	-1
2670	3680527
2671	-1
2672	3683091
2673	-1
2674	-1
2675	3685655
2676	-1
2677	3688219
2678	-1
2679	-1
2680	3690783
2681	-1
2682	-1
2683	3693347
2684	-1
2685	3695911
2686	-1
2687	-1
2688	3698475
2689	-1
2690	3701039
2691	-1
2692	-1
2693	3703603
2694	-1
2695	3706167
2696	-1
2697	-1
2698	3708731
2699	-1
2700	-1
2701	3711295
2702	-1
2703	3713859
2704	-1
2705	-1
2706	3716423
2707	-1
2708	3718987
2709	-1
2710	-1
2711	3721551
2712	-1
2713	3724115
2714	-1
2715	-1
2716	3726679
2717	-1
2718	-1
2719	3729243
2720	-1
2721	3731807
2722	-1
2723	-1
2724	3734371
2725	-1
2726	3736935
2727	-1
2728	-1
2729	3739499
2730	-1
2731	3742063
2732	-1
2733	-1
2734	3744627
2735	-1
2736	3747191
2737	-1
2738	-1
2739	3749755
2740	-1
2741	-1
2742	3752319
2743	-1
2744	3754883
2745	-1
2746	-1
2747	3757447
2748	-1
2749	3760011
2750	-1
2751	-1
2752	3762575
2753	-1
2754	3765139
2755	-1
2756	-1
2757	3767703
2758	-1
2759	-1
2760	3770267
2761	-1
2762	3772831
2763	-1
2764	-1
2765	3775395
2766	-1
2767	3777959
2768	-1
2769	-1
2770	3780523
2771	-1
2772	3783087
2773	-1
2774	-1
2775	3785651
2776	-1
2777	3788215
2778	-1
2779	-1
2780	3790779
2781	-1
2782	-1
2783	3793343
2784	-1
2785	3795907
2786	-1
2787	-1
2788	3798471
2789	-1
2790	3801035
2791	-1
2792	-1
2793	3803599
2794	-1
2795	3806163
2796	-1
2797	-1
2798	3808727
2799	-1
2800	-1
2801	3811291
2802	-1
2803	3813855
2804	-1
2805	-1
2806	3816419
2807	-1
2808	3818983
2809	-1
2810	-1
2811	3821547
2812	-1
2813	3824111
2814	-1
2815	-1
2816	3826675
2817	-1
2818	-1
2819	3829239
2820	-1
2821	3831803
2822	-1
2823	-1
2824	3834367
2825	-1
2826	3836931
2827	-1
2828	-1
2829	3839495
2830	-1
2831	3842059
2832	-1
2833	-1
2834	3844623
2835	-1
2836	3847187
2837	-1
2838	-1
2839	3849751
2840	-1
2841	-1
2842	3852315
2843	-1
2844	3854879
2845	-1
2846	-1
2847	3857443
2848	-1
2849	3860007
2850	-1
2851	-1
2852	3862571
2853	-1
2854	3865135
2855	-1
2856	-1
2857	3867699
2858	-1
2859	-1
2860	3870263
2861	-1
2862	3872827
2863	-1
2864	-1
2865	3875391
2866	-1
2867	3877955
2868	-1
2869	-1
2870	3880519
2871	-1
2872	3883083
2873	-1
2874	-1
2875	3885647
2876	-1
2877	3888211
2878	-1
2879	-1
2880	3890775
2881	-1
2882	-1
2883	3893339
2884	-1
2885	3895903
2886	-1
2887	-1
2888	3898467
2889	-1
2890	3901031
2891	-1
2892	-1
2893	3903595
2894	-1
2895	3906159
2896	-1
2897	-1
2898	3908723
2899	-1
2900	-1
2901	3911287
2902	-1
2903	3913851
2904	-1
2905	-1
2906	3916415
2907	-1
2908	3918979
2909	-1
2910	-1
2911	3921543
2912	-1
2913	3924107
2914	-1
2915	-1
2916	3926671
2917	-1
2918	-1
2919	3929235
2920	-1
2921	3931799
2922	-1
2923	-1
2924	3934363
2925	-1
2926	3936927
2927	-1
2928	-1
2929	3939491
2930	-1
2931	3942055
2932	-1
2933	-1
2934	3944619
2935	-1
2936	3947183
2937	-1
2938	-1
2939	3949747
2940	-1
2941	-1
2942	3952311
2943	-1
2944	3954875
2945	-1
2946	-1
2947	3957439
2948	-1
2949	3960003
2950	-1
2951	-1
2952	3962567
2953	-1
2954	3965131
2955	-1
2956	-1
2957	3967695
2958	-1
2959	-1
2960	3970259
2961	-1
2962	3972823
2963	-1
2964	-1
2965	3975387
2966	-1
2967	3977951
2968	-1
2969	-1
2970	3980515
2971	-1
2972	3983079
2973	-1
2974	-1
2975	3985643
2976	-1
2977	3988207
2978	-1
2979	-1
2980	3990771
2981	-1
2982	-1
2983	3993335
2984	-1
2985	3995899
2986	-1
2987	-1
2988	3998463
2989	-1
2990	4001027
2991	-1
2992	-1
2993	4003591
2994	-1
2995	4006155
2996	-1
2997	-1
2998	4008719
2999	-1
3000	-1
3001	4011283
3002	-1
3003	4013847
3004	-1
3005	-1
3006	4016411
3007	-1
3008	4018975
3009	-1
3010	-1
3011	4021539
3012	-1
3013	4024103
3014	-1
3015	-1
3016	4026667
3017	-1
3018	-1
3019	4029231
3020	-1
3021	4031795
3022	-1
3023	-1
3024	4034359
3025	-1
3026	4036923
3027	-1
3028	-1
3029	4039487
3030	-1
3031	4042051
3032	-1
3033	-1
3034	4044615
3035	-1
3036	4047179
3037	-1
3038	-1
3039	4049743
3040	-1
3041	-1
3042	4052307
3043	-1
3044	4054871
3045	-1
3046	-1
3047	4057435
3048	-1
3049	4059999
3050	-1
3051	-1
3052	4062563
3053	-1
3054	4065127
3055	-1
3056	-1
3057	4067691
3058	-1
3059	-1
3060	4070255
3061	-1
3062	4072819
3063	-1
3064	-1
3065	4075383
3066	-1
3067	4077947
3068	-1
3069	-1
3070	4080511
3071	-1
3072	4083075
3073	-1
3074	-1
3075	4085639
3076	-1
3077	4088203
3078	-1
3079	-1
3080	4090767
3081	-1
3082	-1
3083	4093331
3084	-1
3085	4095895
3086	-1
3087	-1
3088	4098459
3089	-1
3090	4101023
3091	-1
3092	-1
3093	4103587
3094	-1
3095	4106151
3096	-1
3097	-1
3098	4108715
3099	-1
3100	-1
3101	4111279
3102	-1
3103	4113843
3104	-1
3105	-1
3106	4116407
3107	-1
3108	4118971
3109	-1
3110	-1
3111	4121535
3112	-1
3113	4124099
3114	-1
3115	-1
3116	4126663
3117	-1
3118	4129227
3119	-1
3120	-1
3121	4131791
3122	-1
3123	-1
3124	4134355
3125	-1
3126	4136919
3127	-1
3128	-1
3129	4139483
3130	-1
3131	4142047
3132	-1
3133	-1
3134	4144611
3135	-1
3136	4147175
3137	-1
3138	-1
3139	4149739
3140	-1
3141	-1
3142	4152303
3143	-1
3144	4154867
3145	-1
3146	-1
3147	4157431
3148	-1
3149	4159995
3150	-1
3151	-1
3152	4162559
3153	-1
3154	4165123
3155	-1
3156	-1
3157	4167687
3158	-1
3159	-1
3160	4170251
3161	-1
3162	4172815
3163	-1
3164	-1
3165	4175379
3166	-1
3167	4177943
3168	-1
3169	-1
3170	4180507
3171	-1
3172	4183071
3173	-1
3174	-1
3175	4185635
3176	-1
3177	4188199
3178	-1
3179	-1
3180	4190763
3181	-1
3182	-1
3183	4193327
3184	-1
3185	4195891
3186	-1
3187	-1
3188	4198455
3189	-1
3190	4201019
3191	-1
3192	-1
3193	4203583
3194	-1
3195	4206147
3196	-1
3197	-1
3198	4208711
3199	-1
3200	-1
3201	4211275
3202	-1
3203	4213839
3204	-1
3205	-1
3206	4216403
3207	-1
3208	4218967
3209	-1
3210	-1
3211	4221531
3212	-1
3213	4224095
3214	-1
3215	-1
3216	4226659
3217	-1
3218	4229223
3219	-1
3220	-1
3221	4231787
3222	-1
3223	-1
3224	4234351
3225	-1
3226	4236915
3227	-1
3228	-1
3229	4239479
3230	-1
3231	4242043
3232	-1
3233	-1
3234	4244607
3235	-1
3236	4247171
3237	-1
3238	-1
3239	4249735
3240	-1
3241	-1
3242	4252299
3243	-1
3244	4254863
3245	-1
3246	-1
3247	4257427
3248	-1
3249	4259991
3250	-1
3251	-1
3252	4262555
3253	-1
3254	4265119
3255	-1
3256	-1
3257	4267683
3258	-1
3259	-1
3260	4270247
3261	-1
3262	4272811
3263	-1
3264	-1
3265	4275375
3266	-1
3267	4277939
3268	-1
3269	-1
3270	4280503
3271	-1
3272	4283067
3273	-1
3274	-1
3275	4285631
3276	-1
3277	4288195
3278	-1
3279	-1
3280	4290759
3281	-1
3282	-1
3283	4293323
3284	-1
3285	4295887
3286	-1
3287	-1
3288	4298451
3289	-1
3290	4301015
3291	-1
3292	-1
3293	4303579
3294	-1
3295	4306143
3296	-1
3297	-1
3298	4308707
3299	-1
3300	-1
3301	4311271
3302	-1
3303	4313835
3304	-1
3305	-1
3306	4316399
3307	-1
3308	4318963
3309	-1
3310	-1
3311	4321527
3312	-1
3313	4324091
3314	-1
3315	-1
3316	4326655
3317	-1
3318	4329219
3319	-1
3320	-1
3321	4331783
3322	-1
3323	-1
3324	4334347
3325	-1
3326	4336911
3327	-1
3328	-1
3329	4339475
3330	-1
3331	4342039
3332	-1
3333	-1
3334	4344603
3335	-1
3336	4347167
3337	-1
3338	-1
3339	4349731
3340	-1
3341	-1
3342	4352295
3343	-1
3344	4354859
3345	-1
3346	-1
3347	4357423
3348	-1
3349	4359987
3350	-1
3351	-1
3352	4362551
3353	-1
3354	4365115
3355	-1
3356	-1
3357	4367679
3358	-1
3359	-1
3360	4370243
3361	-1
3362	4372807
3363	-1
3364	-1
3365	4375371
3366	-1
3367	4377935
3368	-1
3369	-1
3370	4380499
3371	-1
3372	4383063
3373	-1
3374	-1
3375	4385627
3376	-1
3377	4388191
3378	-1
3379	-1
3380	4390755
3381	-1
3382	-1
3383	4393319
3384	-1
3385	4395883
3386	-1
3387	-1
3388	4398447
3389	-1
3390	4401011
3391	-1
3392	-1
3393	4403575
3394	-1
3395	4406139
3396	-1
3397	-1
3398	4408703
3399	-1
3400	-1
3401	4411267
3402	-1
3403	4413831
3404	-1
3405	-1
3406	4416395
3407	-1
3408	4418959
3409	-1
3410	-1
3411	4421523
3412	-1
3413	4424087
3414	-1
3415	-1
3416	4426651
3417	-1
3418	4429215
3419	-1
3420	-1
3421	4431779
3422	-1
3423	-1
3424	4434343
3425	-1
3426	4436907
3427	-1
3428	-1
3429	4439471
3430	-1
3431	4442035
3432	-1
3433	-1
3434	4444599
3435	-1
3436	4447163
3437	-1
3438	-1
3439	4449727
3440	-1
3441	-1
3442	4452291
3443	-1
3444	4454855
3445	-1
3446	-1
3447	4457419
3448	-1
3449	4459983
3450	-1
3451	-1
3452	4462547
3453	-1
3454	4465111
3455	-1
3456	-1
3457	4467675
3458	-1
3459	-1
3460	4470239
3461	-1
3462	4472803
3463	-1
3464	-1
3465	4475367
3466	-1
3467	4477931
3468	-1
3469	-1
3470	4480495
3471	-1
3472	4483059
3473	-1
3474	-1
3475	4485623
3476	-1
3477	4488187
3478	-1
3479	-1
3480	4490751
3481	-1
3482	-1
3483	4493315
3484	-1
3485	4495879
3486	-1
3487	-1
3488	4498443
3489	-1
3490	4501007
3491	-1
3492	-1
3493	4503571
3494	-1
3495	4506135
3496	-1
3497	-1
3498	4508699
3499	-1
3500	-1
3501	4511263
3502	-1
3503	4513827
3504	-1
3505	-1
3506	4516391
3507	-1
3508	4518955
3509	-1
3510	-1
3511	4521519
3512	-1
3513	4524083
3514	-1
3515	-1
3516	4526647
3517	-1
3518	4529211
3519	-1
3520	-1
3521	4531775
3522	-1
3523	-1
3524	4534339
3525	-1
3526	4536903
3527	-1
3528	-1
3529	4539467
3530	-1
3531	4542031
3532	-1
3533	-1
3534	4544595
3535	-1
3536	4547159
3537	-1
3538	-1
3539	4549723
3540	-1
3541	-1
3542	4552287
3543	-1
3544	4554851
3545	-1
3546	-1
3547	4557415
3548	-1
3549	4559979
3550	-1
3551	-1
3552	4562543
3553	-1
3554	4565107
3555	-1
3556	-1
3557	4567671
3558	-1
3559	-1
3560	4570235
3561	-1
3562	4572799
3563	-1
3564	-1
3565	4575363
3566	-1
3567	4577927
3568	-1
3569	-1
3570	4580491
3571	-1
3572	4583055
3573	-1
3574	-1
3575	4585619
3576	-1
3577	4588183
3578	-1
3579	-1
3580	4590747
3581	-1
3582	-1
3583	4593311
3584	-1
3585	4595875
3586	-1
3587	-1
3588	4598439
3589	-1
3590	4601003
3591	-1
3592	-1
3593	4603567
3594	-1
3595	4606131
3596	-1
3597	-1
3598	4608695
3599	-1
3600	-1
3601	4611259
3602	-1
3603	4613823
3604	-1
3605	-1
3606	4616387
3607	-1
3608	4618951
3609	-1
3610	-1
3611	4621515
3612	-1
3613	4624079
3614	-1
3615	-1
3616	4626643
3617	-1
3618	4629207
3619	-1
3620	-1
3621	4631771
3622	-1
3623	-1
3624	4634335
3625	-1
3626	4636899
3627	-1
3628	-1
3629	4639463
3630	-1
3631	4642027
3632	-1
3633	-1
3634	4644591
3635	-1
3636	4647155
3637	-1
3638	-1
3639	4649719
3640	-1
3641	-1
3642	4652283
3643	-1
3644	4654847
3645	-1
3646	-1
3647	4657411
3648	-1
3649	4659975
3650	-1
3651	-1
3652	4662539
3653	-1
3654	4665103
3655	-1
3656	-1
3657	4667667
3658	-1
3659	-1
3660	4670231
3661	-1
3662	4672795
3663	-1
3664	-1
3665	4675359
3666	-1
3667	4677923
3668	-1
3669	-1
3670	4680487
3671	-1
3672	4683051
3673	-1
3674	-1
3675	4685615
3676	-1
3677	4688179
3678	-1
3679	-1
3680	4690743
3681	-1
3682	-1
3683	4693307
3684	-1
3685	4695871
3686	-1
3687	-1
3688	4698435
3689	-1
3690	4700999
3691	-1
3692	-1
3693	4703563
3694	-1
3695	4706127
3696	-1
3697	-1
3698	4708691
3699	-1
3700	-1
3701	4711255
3702	-1
3703	4713819
3704	-1
3705	-1
3706	4716383
3707	-1
3708	4718947
3709	-1
3710	-1
3711	4721511
3712	-1
3713	4724075
3714	-1
3715	-1
3716	4726639
3717	-1
3718	4729203
3719	-1
3720	-1
3721	4731767
3722	-1
3723	-1
3724	4734331
3725	-1
3726	4736895
3727	-1
3728	-1
3729	4739459
3730	-1
3731	4742023
3732	-1
3733	-1
3734	4744587
3735	-1
3736	4747151
3737	-1
3738	-1
3739	4749715
3740	-1
3741	-1
3742	4752279
3743	-1
3744	4754843
3745	-1
3746	-1
3747	4757407
3748	-1
3749	4759971
3750	-1
3751	-1
3752	4762535
3753	-1
3754	4765099
3755	-1
3756	-1
3757	4767663
3758	-1
3759	4770227
3760	-1
3761	-1
3762	4772791
3763	-1
3764	-1
3765	4775355
3766	-1
3767	4777919
3768	-1
3769	-1
3770	4780483
3771	-1
3772	4783047
3773	-1
3774	-1
3775	4785611
3776	-1
3777	4788175
3778	-1
3779	-1
3780	4790739
3781	-1
3782	-1
3783	4793303
3784	-1
3785	4795867
3786	-1
3787	-1
3788	4798431
3789	-1
3790	4800995
3791	-1
3792	-1
3793	4803559
3794	-1
3795	4806123
3796	-1
3797	-1
3798	4808687
3799	-1
3800	-1
3801	4811251
3802	-1
3803	4813815
3804	-1
3805	-1
3806	4816379
3807	-1
3808	4818943
3809	-1
3810	-1
3811	4821507
3812	-1
3813	4824071
3814	-1
3815	-1
3816	4826635
3817	-1
3818	4829199
3819	-1
3820	-1
3821	4831763
3822	-1
3823	-1
3824	4834327
3825	-1
3826	4836891
3827	-1
3828	-1
3829	4839455
3830	-1
3831	4842019
3832	-1
3833	-1
3834	4844583
3835	-1
3836	4847147
3837	-1
3838	-1
3839	4849711
3840	-1
3841	-1
3842	4852275
3843	-1
3844	4854839
3845	-1
3846	-1
3847	4857403
3848	-1
3849	4859967
3850	-1
3851	-1
3852	4862531
3853	-1
3854	4865095
3855	-1
3856	-1
3857	4867659
3858	-1
3859	4870223
3860	-1
3861	-1
3862	4872787
3863	-1
3864	-1
3865	4875351
3866	-1
3867	4877915
3868	-1
3869	-1
3870	4880479
3871	-1
3872	4883043
3873	-1
3874	-1
3875	4885607
3876	-1
3877	4888171
3878	-1
3879	-1
3880	4890735
3881	-1
3882	-1
3883	4893299
3884	-1
3885	4895863
3886	-1
3887	-1
3888	4898427
3889	-1
3890	4900991
3891	-1
3892	-1
3893	4903555
3894	-1
3895	4906119
3896	-1
3897	-1
3898	4908683
3899	-1
3900	-1
3901	4911247
3902	-1
3903	4913811
3904	-1
3905	-1
3906	4916375
3907	-1
3908	4918939
3909	-1
3910	-1
3911	4921503
3912	-1
3913	4924067
3914	-1
3915	-1
3916	4926631
3917	-1
3918	4929195
3919	-1
3920	-1
3921	4931759
3922	-1
3923	-1
3924	4934323
3925	-1
3926	4936887
3927	-1
3928	-1
3929	4939451
3930	-1
3931	4942015
3932	-1
3933	-1
3934	4944579
3935	-1
3936	4947143
3937	-1
3938	-1
3939	4949707
3940	-1
3941	-1
3942	4952271
3943	-1
3944	4954835
3945	-1
3946	-1
3947	4957399
3948	-1
3949	4959963
3950	-1
3951	-1
3952	4962527
3953	-1
3954	4965091
3955	-1
3956	-1
3957	4967655
3958	-1
3959	4970219
3960	-1
3961	-1
3962	4972783
3963	-1
3964	-1
3965	4975347
3966	-1
3967	4977911
3968	-1
3969	-1
3970	4980475
3971	-1
3972	4983039
3973	-1
3974	-1
3975	4985603
3976	-1
3977	4988167
3978	-1
3979	-1
3980	4990731
3981	-1
3982	-1
3983	4993295
3984	-1
3985	4995859
3986	-1
3987	-1
3988	4998423
3989	-1
3990	5000987
3991	-1
3992	-1
3993	5003551
3994	-1
3995	5006115
3996	-1
3997	-1
3998	5008679
3999	-1
4000	-1
4001	5011243
4002	-1
4003	5013807
4004	-1
4005	-1
4006	5016371
4007	-1
4008	5018935
4009	-1
4010	-1
4011	5021499
4012	-1
4013	5024063
4014	-1
4015	-1
4016	5026627
4017	-1
4018	5029191
4019	-1
4020	-1
4021	5031755
4022	-1
4023	-1
4024	5034319
4025	-1
4026	5036883
4027	-1
4028	-1
4029	5039447
4030	-1
4031	5042011
4032	-1
4033	-1
4034	5044575
4035	-1
4036	5047139
4037	-1
4038	-1
4039	5049703
4040	-1
4041	-1
4042	5052267
4043	-1
4044	5054831
4045	-1
4046	-1
4047	5057395
4048	-1
4049	5059959
4050	-1
4051	-1
4052	5062523
4053	-1
4054	5065087
4055	-1
4056	-1
4057	5067651
4058	-1
4059	5070215
4060	-1
4061	-1
4062	5072779
4063	-1
4064	-1
4065	5075343
4066	-1
4067	5077907
4068	-1
4069	-1
4070	5080471
4071	-1
4072	5083035
4073	-1
4074	-1
4075	5085599
4076	-1
4077	5088163
4078	-1
4079	-1
4080	5090727
4081	-1
4082	-1
4083	5093291
4084	-1
4085	5095855
4086	-1
4087	-1
4088	5098419
4089	-1
4090	5100983
4091	-1
4092	-1
4093	5103547
4094	-1
4095	5106111
4096	-1
4097	-1
4098	5108675
4099	-1
4100	-1
4101	5111239
4102	-1
4103	5113803
4104	-1
4105	-1
4106	5116367
4107	-1
4108	5118931
4109	-1
4110	-1
4111	5121495
4112	-1
4113	5124059
4114	-1
4115	-1
4116	5126623
4117	-1
4118	5129187
4119	-1
4120	-1
4121	5131751
4122	-1
4123	-1
4124	5134315
4125	-1
4126	5136879
4127	-1
4128	-1
4129	5139443
4130	-1
4131	5142007
4132	-1
4133	-1
4134	5144571
4135	-1
4136	5147135
4137	-1
4138	-1
4139	5149699
4140	-1
4141	-1
4142	5152263
4143	-1
4144	5154827
4145	-1
4146	-1
4147	5157391
4148	-1
4149	5159955
4150	-1
4151	-1
4152	5162519
4153	-1
4154	5165083
4155	-1
4156	-1
4157	5167647
4158	-1
4159	5170211
4160	-1
4161	-1
4162	5172775
4163	-1
4164	-1
4165	5175339
4166	-1
4167	5177903
4168	-1
4169	-1
4170	5180467
4171	-1
4172	5183031
4173	-1
4174	-1
4175	5185595
4176	-1
4177	5188159
4178	-1
4179	-1
4180	5190723
4181	-1
4182	-1
4183	5193287
4184	-1
4185	5195851
4186	-1
4187	-1
4188	5198415
4189	-1
4190	5200979
4191	-1
4192	-1
4193	5203543
4194	-1
4195	5206107
4196	-1
4197	-1
4198	5208671
4199	-1
4200	-1
4201	5211235
4202	-1
4203	5213799
4204	-1
4205	-1
4206	5216363
4207	-1
4208	5218927
4209	-1
4210	-1
4211	5221491
4212	-1
4213	5224055
4214	-1
4215	-1
4216	5226619
4217	-1
4218	5229183
4219	-1
4220	-1
4221	5231747
4222	-1
4223	-1
4224	5234311
4225	-1
4226	5236875
4227	-1
4228	-1
4229	5239439
4230	-1
4231	5242003
4232	-1
4233	-1
4234	5244567
4235	-1
4236	5247131
4237	-1
4238	-1
4239	5249695
4240	-1
4241	-1
4242	5252259
4243	-1
4244	5254823
4245	-1
4246	-1
4247	5257387
4248	-1
4249	5259951
4250	-1
4251	-1
4252	5262515
4253	-1
4254	5265079
4255	-1
4256	-1
4257	5267643
4258	-1
4259	5270207
4260	-1
4261	-1
4262	5272771
4263	-1
4264	-1
4265	5275335
4266	-1
4267	5277899
4268	-1
4269	-1
4270	5280463
4271	-1
4272	5283027
4273	-1
4274	-1
4275	5285591
4276	-1
4277	5288155
4278	-1
4279	-1
4280	5290719
4281	-1
4282	-1
4283	5293283
4284	-1
4285	5295847
4286	-1
4287	-1
4288	5298411
4289	-1
4290	5300975
4291	-1
4292	-1
4293	5303539
4294	-1
4295	5306103
4296	-1
4297	-1
4298	5308667
4299	-1
4300	-1
4301	5311231
4302	-1
4303	5313795
4304	-1
4305	-1
4306	5316359
4307	-1
4308	5318923
4309	-1
4310	-1
4311	5321487
4312	-1
4313	5324051
4314	-1
4315	-1
4316	5326615
4317	-1
4318	5329179
4319	-1
4320	-1
4321	5331743
4322	-1
4323	-1
4324	5334307
4325	-1
4326	5336871
4327	-1
4328	-1
4329	5339435
4330	-1
4331	5341999
4332	-1
4333	-1
4334	5344563
4335	-1
4336	5347127
4337	-1
4338	-1
4339	5349691
4340	-1
4341	-1
4342	5352255
4343	-1
4344	5354819
4345	-1
4346	-1
4347	5357383
4348	-1
4349	5359947
4350	-1
4351	-1
4352	5362511
4353	-1
4354	5365075
4355	-1
4356	-1
4357	5367639
4358	-1
4359	5370203
4360	-1
4361	-1
4362	5372767
4363	-1
4364	-1
4365	5375331
4366	-1
4367	5377895
4368	-1
4369	-1
4370	5380459
4371	-1
4372	5383023
4373	-1
4374	-1
4375	5385587
4376	-1
4377	5388151
4378	-1
4379	-1
4380	5390715
4381	-1
4382	-1
4383	5393279
4384	-1
4385	5395843
4386	-1
4387	-1
4388	5398407
4389	-1
4390	5400971
4391	-1
4392	-1
4393	5403535
4394	-1
4395	5406099
4396	-1
4397	-1
4398	5408663
4399	-1
4400	5411227
4401	-1
4402	-1
4403	5413791
4404	-1
4405	-1
4406	5416355
4407	-1
4408	5418919
4409	-1
4410	-1
4411	5421483
4412	-1
4413	5424047
4414	-1
4415	-1
4416	5426611
4417	-1
4418	5429175
4419	-1
4420	-1
4421	5431739
4422	-1
4423	-1
4424	5434303
4425	-1
4426	5436867
4427	-1
4428	-1
4429	5439431
4430	-1
4431	5441995
4432	-1
4433	-1
4434	5444559
4435	-1
4436	5447123
4437	-1
4438	-1
4439	5449687
4440	-1
4441	-1
4442	5452251
4443	-1
4444	5454815
4445	-1
4446	-1
4447	5457379
4448	-1
4449	5459943
4450	-1
4451	-1
4452	5462507
4453	-1
4454	5465071
4455	-1
4456	-1
4457	5467635
4458	-1
4459	5470199
4460	-1
4461	-1
4462	5472763
4463	-1
4464	-1
4465	5475327
4466	-1
4467	5477891
4468	-1
4469	-1
4470	5480455
4471	-1
4472	5483019
4473	-1
4474	-1
4475	5485583
4476	-1
4477	5488147
4478	-1
4479	-1
4480	5490711
4481	-1
4482	-1
4483	5493275
4484	-1
4485	5495839
4486	-1
4487	-1
4488	5498403
4489	-1
4490	5500967
4491	-1
4492	-1
4493	5503531
4494	-1
4495	5506095
4496	-1
4497	-1
4498	5508659
4499	-1
4500	5511223
4501	-1
4502	-1
4503	5513787
4504	-1
4505	-1
4506	5516351
4507	-1
4508	5518915
4509	-1
4510	-1
4511	5521479
4512	-1
4513	5524043
4514	-1
4515	-1
4516	5526607
4517	-1
4518	5529171
4519	-1
4520	-1
4521	5531735
4522	-1
4523	-1
4524	5534299
4525	-1
4526	5536863
4527	-1
4528	-1
4529	5539427
4530	-1
4531	5541991
4532	-1
4533	-1
4534	5544555
4535	-1
4536	5547119
4537	-1
4538	-1
4539	5549683
4540	-1
4541	-1
4542	5552247
4543	-1
4544	5554811
4545	-1
4546	-1
4547	5557375
4548	-1
4549	5559939
4550	-1
4551	-1
4552	5562503
4553	-1
4554	5565067
4555	-1
4556	-1
4557	5567631
4558	-1
4559	5570195
4560	-1
4561	-1
4562	5572759
4563	-1
4564	-1
4565	5575323
4566	-1
4567	5577887
4568	-1
4569	-1
4570	5580451
4571	-1
4572	5583015
4573	-1
4574	-1
4575	5585579
4576	-1
4577	5588143
4578	-1
4579	-1
4580	5590707
4581	-1
4582	-1
4583	5593271
4584	-1
4585	5595835
4586	-1
4587	-1
4588	5598399
4589	-1
4590	5600963
4591	-1
4592	-1
4593	5603527
4594	-1
4595	5606091
4596	-1
4597	-1
4598	5608655
4599	-1
4600	5611219
4601	-1
4602	-1
4603	5613783
4604	-1
4605	-1
4606	5616347
4607	-1
4608	5618911
4609	-1
4610	-1
4611	5621475
4612	-1
4613	5624039
4614	-1
4615	-1
4616	5626603
4617	-1
4618	5629167
4619	-1
4620	-1
4621	5631731
4622	-1
4623	-1
4624	5634295
4625	-1
4626	5636859
4627	-1
4628	-1
4629	5639423
4630	-1
4631	5641987
4632	-1
4633	-1
4634	5644551
4635	-1
4636	5647115
4637	-1
4638	-1
4639	5649679
4640	-1
4641	-1
4642	5652243
4643	-1
4644	5654807
4645	-1
4646	-1
4647	5657371
4648	-1
4649	5659935
4650	-1
4651	-1
4652	5662499
4653	-1
4654	5665063
4655	-1
4656	-1
4657	5667627
4658	-1
4659	5670191
4660	-1
4661	-1
4662	5672755
4663	-1
4664	-1
4665	5675319
4666	-1
4667	5677883
4668	-1
4669	-1
4670	5680447
4671	-1
4672	5683011
4673	-1
4674	-1
4675	5685575
4676	-1
4677	5688139
4678	-1
4679	-1
4680	5690703
4681	-1
4682	-1
4683	5693267
4684	-1
4685	5695831
4686	-1
4687	-1
4688	5698395
4689	-1
4690	5700959
4691	-1
4692	-1
4693	5703523
4694	-1
4695	5706087
4696	-1
4697	-1
4698	5708651
4699	-1
4700	5711215
4701	-1
4702	-1
4703	5713779
4704	-1
4705	-1
4706	5716343
4707	-1
4708	5718907
4709	-1
4710	-1
4711	5721471
4712	-1
4713	5724035
4714	-1
4715	-1
4716	5726599
4717	-1
4718	5729163
4719	-1
4720	-1
4721	5731727
4722	-1
4723	-1
4724	5734291
4725	-1
4726	5736855
4727	-1
4728	-1
4729	5739419
4730	-1
4731	5741983
4732	-1
4733	-1
4734	5744547
4735	-1
4736	5747111
4737	-1
4738	-1
4739	5749675
4740	-1
4741	-1
4742	5752239
4743	-1
4744	5754803
4745	-1
4746	-1
4747	5757367
4748	-1
4749	5759931
4750	-1
4751	-1
4752	5762495
4753	-1
4754	5765059
4755	-1
4756	-1
4757	5767623
4758	-1
4759	5770187
4760	-1
4761	-1
4762	5772751
4763	-1
4764	-1
4765	5775315
4766	-1
4767	5777879
4768	-1
4769	-1
4770	5780443
4771	-1
4772	5783007
4773	-1
4774	-1
4775	5785571
4776	-1
4777	5788135
4778	-1
4779	-1
4780	5790699
4781	-1
4782	-1
4783	5793263
4784	-1
4785	5795827
4786	-1
4787	-1
4788	5798391
4789	-1
4790	5800955
4791	-1
4792	-1
4793	5803519
4794	-1
4795	5806083
4796	-1
4797	-1
4798	5808647
4799	-1
4800	5811211
4801	-1
4802	-1
4803	5813775
4804	-1
4805	-1
4806	5816339
4807	-1
4808	5818903
4809	-1
4810	-1
4811	5821467
4812	-1
4813	5824031
4814	-1
4815	-1
4816	5826595
4817	-1
4818	5829159
4819	-1
4820	-1
4821	5831723
4822	-1
4823	-1
4824	5834287
4825	-1
4826	5836851
4827	-1
4828	-1
4829	5839415
4830	-1
4831	5841979
4832	-1
4833	-1
4834	5844543
4835	-1
4836	5847107
4837	-1
4838	-1
4839	5849671
4840	-1
4841	-1
4842	5852235
4843	-1
4844	5854799
4845	-1
4846	-1
4847	5857363
4848	-1
4849	5859927
4850	-1
4851	-1
4852	5862491
4853	-1
4854	5865055
4855	-1
4856	-1
4857	5867619
4858	-1
4859	5870183
4860	-1
4861	-1
4862	5872747
4863	-1
4864	-1
4865	5875311
4866	-1
4867	5877875
4868	-1
4869	-1
4870	5880439
4871	-1
4872	5883003
4873	-1
4874	-1
4875	5885567
4876	-1
4877	5888131
4878	-1
4879	-1
4880	5890695
4881	-1
4882	-1
4883	5893259
4884	-1
4885	5895823
4886	-1
4887	-1
4888	5898387
4889	-1
4890	5900951
4891	-1
4892	-1
4893	5903515
4894	-1
4895	5906079
4896	-1
4897	-1
4898	5908643
4899	-1
4900	5911207
4901	-1
4902	-1
4903	5913771
4904	-1
4905	-1
4906	5916335
4907	-1
4908	5918899
4909	-1
4910	-1
4911	5921463
4912	-1
4913	5924027
4914	-1
4915	-1
4916	5926591
4917	-1
4918	5929155
4919	-1
4920	-1
4921	5931719
4922	-1
4923	-1
4924	5934283
4925	-1
4926	5936847
4927	-1
4928	-1
4929	5939411
4930	-1
4931	5941975
4932	-1
4933	-1
4934	5944539
4935	-1
4936	5947103
4937	-1
4938	-1
4939	5949667
4940	-1
4941	-1
4942	5952231
4943	-1
4944	5954795
4945	-1
4946	-1
4947	5957359
4948	-1
4949	5959923
4950	-1
4951	-1
4952	5962487
4953	-1
4954	5965051
4955	-1
4956	-1
4957	5967615
4958	-1
4959	5970179
4960	-1
4961	-1
4962	5972743
4963	-1
4964	-1
4965	5975307
4966	-1
4967	5977871
4968	-1
4969	-1
4970	5980435
4971	-1
4972	5982999
4973	-1
4974	-1
4975	5985563
4976	-1
4977	5988127
4978	-1
4979	-1
4980	5990691
4981	-1
4982	-1
4983	5993255
4984	-1
4985	5995819
4986	-1
4987	-1
4988	5998383
4989	-1
4990	6000947
4991	-1
4992	-1
4993	6003511
4994	-1
4995	6006075
4996	-1
4997	-1
4998	6008639
4999	-1
5000	6011203
5001	-1
5002	-1
5003	6013767
5004	-1
5005	-1
5006	6016331
5007	-1
5008	6018895
5009	-1
5010	-1
5011	6021459
5012	-1
5013	6024023
5014	-1
5015	-1
5016	6026587
5017	-1
5018	6029151
5019	-1
5020	-1
5021	6031715
5022	-1
5023	-1
5024	6034279
5025	-1
5026	6036843
5027	-1
5028	-1
5029	6039407
5030	-1
5031	6041971
5032	-1
5033	-1
5034	6044535
5035	-1
5036	6047099
5037	-1
5038	-1
5039	6049663
5040	-1
5041	6052227
5042	-1
5043	-1
5044	6054791
5045	-1
5046	-1
5047	6057355
5048	-1
5049	6059919
5050	-1
5051	-1
5052	6062483
5053	-1
5054	6065047
5055	-1
5056	-1
5057	6067611
5058	-1
5059	6070175
5060	-1
5061	-1
5062	6072739
5063	-1
5064	-1
5065	6075303
5066	-1
5067	6077867
5068	-1
5069	-1
5070	6080431
5071	-1
5072	6082995
5073	-1
5074	-1
5075	6085559
5076	-1
5077	6088123
5078	-1
5079	-1
5080	6090687
5081	-1
5082	-1
5083	6093251
5084	-1
5085	6095815
5086	-1
5087	-1
5088	6098379
5089	-1
5090	6100943
5091	-1
5092	-1
5093	6103507
5094	-1
5095	6106071
5096	-1
5097	-1
5098	6108635
5099	-1
5100	6111199
5101	-1
5102	-1
5103	6113763
5104	-1
5105	-1
5106	6116327
5107	-1
5108	6118891
5109	-1
5110	-1
5111	6121455
5112	-1
5113	6124019
5114	-1
5115	-1
5116	6126583
5117	-1
5118	6129147
5119	-1
5120	-1
5121	6131711
5122	-1
5123	-1
5124	6134275
5125	-1
5126	6136839
5127	-1
5128	-1
5129	6139403
5130	-1
5131	6141967
5132	-1
5133	-1
5134	6144531
5135	-1
5136	6147095
5137	-1
5138	-1
5139	6149659
5140	-1
5141	6152223
5142	-1
5143	-1
5144	6154787
5145	-1
5146	-1
5147	6157351
5148	-1
5149	6159915
5150	-1
5151	-1
5152	6162479
5153	-1
5154	6165043
5155	-1
5156	-1
5157	6167607
5158	-1
5159	6170171
5160	-1
5161	-1
5162	6172735
5163	-1
5164	-1
5165	6175299
5166	-1
5167	6177863
5168	-1
5169	-1
5170	6180427
5171	-1
5172	6182991
5173	-1
5174	-1
5175	6185555
5176	-1
5177	6188119
5178	-1
5179	-1
5180	6190683
5181	-1
5182	-1
5183	6193247
5184	-1
5185	6195811
5186	-1
5187	-1
5188	6198375
5189	-1
5190	6200939
5191	-1
5192	-1
5193	6203503
5194	-1
5195	6206067
5196	-1
5197	-1
5198	6208631
5199	-1
5200	6211195
5201	-1
5202	-1
5203	6213759
5204	-1
5205	-1
5206	6216323
5207	-1
5208	6218887
5209	-1
5210	-1
5211	6221451
5212	-1
5213	6224015
5214	-1
5215	-1
5216	6226579
5217	-1
5218	6229143
5219	-1
5220	-1
5221	6231707
5222	-1
5223	-1
5224	6234271
5225	-1
5226	6236835
5227	-1
5228	-1
5229	6239399
5230	-1
5231	6241963
5232	-1
5233	-1
5234	6244527
5235	-1
5236	6247091
5237	-1
5238	-1
5239	6249655
5240	-1
5241	6252219
5242	-1
5243	-1
5244	6254783
5245	-1
5246	-1
5247	6257347
5248	-1
5249	6259911
5250	-1
5251	-1
5252	6262475
5253	-1
5254	6265039
5255	-1
5256	-1
5257	6267603
5258	-1
5259	6270167
5260	-1
5261	-1
5262	6272731
5263	-1
5264	-1
5265	6275295
5266	-1
5267	6277859
5268	-1
5269	-1
5270	6280423
5271	-1
5272	6282987
5273	-1
5274	-1
5275	6285551
5276	-1
5277	6288115
5278	-1
5279	-1
5280	6290679
5281	-1
5282	-1
5283	6293243
5284	-1
5285	6295807
5286	-1
5287	-1
5288	6298371
5289	-1
5290	6300935
5291	-1
5292	-1
5293	6303499
5294	-1
5295	6306063
5296	-1
5297	-1
5298	6308627
5299	-1
5300	6311191
5301	-1
5302	-1
5303	6313755
5304	-1
5305	-1
5306	6316319
5307	-1
5308	6318883
5309	-1
5310	-1
5311	6321447
5312	-1
5313	6324011
5314	-1
5315	-1
5316	6326575
5317	-1
5318	6329139
5319	-1
5320	-1
5321	6331703
5322	-1
5323	-1
5324	6334267
5325	-1
5326	6336831
5327	-1
5328	-1
5329	6339395
5330	-1
5331	6341959
5332	-1
5333	-1
5334	6344523
5335	-1
5336	6347087
5337	-1
5338	-1
5339	6349651
5340	-1
5341	6352215
5342	-1
5343	-1
5344	6354779
5345	-1
5346	-1
5347	6357343
5348	-1
5349	6359907
5350	-1
5351	-1
5352	6362471
5353	-1
5354	6365035
5355	-1
5356	-1
5357	6367599
5358	-1
5359	6370163
5360	-1
5361	-1
5362	6372727
5363	-1
5364	-1
5365	6375291
5366	-1
5367	6377855
5368	-1
5369	-1
5370	6380419
5371	-1
5372	6382983
5373	-1
5374	-1
5375	6385547
5376	-1
5377	6388111
5378	-1
5379	-1
5380	6390675
5381	-1
5382	-1
5383	6393239
5384	-1
5385	6395803
5386	-1
5387	-1
5388	6398367
5389	-1
5390	6400931
5391	-1
5392	-1
5393	6403495
5394	-1
5395	6406059
5396	-1
5397	-1
5398	6408623
5399	-1
5400	6411187
5401	-1
5402	-1
5403	6413751
5404	-1
5405	-1
5406	6416315
5407	-1
5408	6418879
5409	-1
5410	-1
5411	6421443
5412	-1
5413	6424007
5414	-1
5415	-1
5416	6426571
5417	-1
5418	6429135
5419	-1
5420	-1
5421	6431699
5422	-1
5423	-1
5424	6434263
5425	-1
5426	6436827
5427	-1
5428	-1
5429	6439391
5430	-1
5431	6441955
5432	-1
5433	-1
5434	6444519
5435	-1
5436	6447083
5437	-1
5438	-1
5439	6449647
5440	-1
5441	6452211
5442	-1
5443	-1
5444	6454775
5445	-1
5446	-1
5447	6457339
5448	-1
5449	6459903
5450	-1
5451	-1
5452	6462467
5453	-1
5454	6465031
5455	-1
5456	-1
5457	6467595
5458	-1
5459	6470159
5460	-1
5461	-1
5462	6472723
5463	-1
5464	-1
5465	6475287
5466	-1
5467	6477851
5468	-1
5469	-1
5470	6480415
5471	-1
5472	6482979
5473	-1
5474	-1
5475	6485543
5476	-1
5477	6488107
5478	-1
5479	-1
5480	6490671
5481	-1
5482	-1
5483	6493235
5484	-1
5485	6495799
5486	-1
5487	-1
5488	6498363
5489	-1
5490	6500927
5491	-1
5492	-1
5493	6503491
5494	-1
5495	6506055
5496	-1
5497	-1
5498	6508619
5499	-1
5500	6511183
5501	-1
5502	-1
5503	6513747
5504	-1
5505	-1
5506	6516311
5507	-1
5508	6518875
5509	-1
5510	-1
5511	6521439
5512	-1
5513	6524003
5514	-1
5515	-1
5516	6526567
5517	-1
5518	6529131
5519	-1
5520	-1
5521	6531695
5522	-1
5523	-1
5524	6534259
5525	-1
5526	6536823
5527	-1
5528	-1
5529	6539387
5530	-1
5531	6541951
5532	-1
5533	-1
5534	6544515
5535	-1
5536	6547079
5537	-1
5538	-1
5539	6549643
5540	-1
5541	6552207
5542	-1
5543	-1
5544	6554771
5545	-1
5546	-1
5547	6557335
5548	-1
5549	6559899
5550	-1
5551	-1
5552	6562463
5553	-1
5554	6565027
5555	-1
5556	-1
5557	6567591
5558	-1
5559	6570155
5560	-1
5561	-1
5562	6572719
5563	-1
5564	-1
5565	6575283
5566	-1
5567	6577847
5568	-1
5569	-1
5570	6580411
5571	-1
5572	6582975
5573	-1
5574	-1
5575	6585539
5576	-1
5577	6588103
5578	-1
5579	-1
5580	6590667
5581	-1
5582	-1
5583	6593231
5584	-1
5585	6595795
5586	-1
5587	-1
5588	6598359
5589	-1
5590	6600923
5591	-1
5592	-1
5593	6603487
5594	-1
5595	6606051
5596	-1
5597	-1
5598	6608615
5599	-1
5600	6611179
5601	-1
5602	-1
5603	6613743
5604	-1
5605	-1
5606	6616307
5607	-1
5608	6618871
5609	-1
5610	-1
5611	6621435
5612	-1
5613	6623999
5614	-1
5615	-1
5616	6626563
5617	-1
5618	6629127
5619	-1
5620	-1
5621	6631691
5622	-1
5623	-1
5624	6634255
5625	-1
5626	6636819
5627	-1
5628	-1
5629	6639383
5630	-1
5631	6641947
5632	-1
5633	-1
5634	6644511
5635	-1
5636	6647075
5637	-1
5638	-1
5639	6649639
5640	-1
5641	6652203
5642	-1
5643	-1
5644	6654767
5645	-1
5646	-1
5647	6657331
5648	-1
5649	6659895
5650	-1
5651	-1
5652	6662459
5653	-1
5654	6665023
5655	-1
5656	-1
5657	6667587
5658	-1
5659	6670151
5660	-1
5661	-1
5662	6672715
5663	-1
5664	-1
5665	6675279
5666	-1
5667	6677843
5668	-1
5669	-1
5670	6680407
5671	-1
5672	6682971
5673	-1
5674	-1
5675	6685535
5676	-1
5677	6688099
5678	-1
5679	-1
5680	6690663
5681	-1
5682	6693227
5683	-1
5684	-1
5685	6695791
5686	-1
5687	-1
5688	6698355
5689	-1
5690	6700919
5691	-1
5692	-1
5693	6703483
5694	-1
5695	6706047
5696	-1
5697	-1
5698	6708611
5699	-1
5700	6711175
5701	-1
5702	-1
5703	6713739
5704	-1
5705	-1
5706	6716303
5707	-1
5708	6718867
5709	-1
5710	-1
5711	6721431
5712	-1
5713	6723995
5714	-1
5715	-1
5716	6726559
5717	-1
5718	6729123
5719	-1
5720	-1
5721	6731687
5722	-1
5723	-1
5724	6734251
5725	-1
5726	6736815
5727	-1
5728	-1
5729	6739379
5730	-1
5731	6741943
5732	-1
5733	-1
5734	6744507
5735	-1
5736	6747071
5737	-1
5738	-1
5739	6749635
5740	-1
5741	6752199
5742	-1
5743	-1
5744	6754763
5745	-1
5746	-1
5747	6757327
5748	-1
5749	6759891
5750	-1
5751	-1
5752	6762455
5753	-1
5754	6765019
5755	-1
5756	-1
5757	6767583
5758	-1
5759	6770147
5760	-1
5761	-1
5762	6772711
5763	-1
5764	-1
5765	6775275
5766	-1
5767	6777839
5768	-1
5769	-1
5770	6780403
5771	-1
5772	6782967
5773	-1
5774	-1
5775	6785531
5776	-1
5777	6788095
5778	-1
5779	-1
5780	6790659
5781	-1
5782	6793223
5783	-1
5784	-1
5785	6795787
5786	-1
5787	-1
5788	6798351
5789	-1
5790	6800915
5791	-1
5792	-1
5793	6803479
5794	-1
5795	6806043
5796	-1
5797	-1
5798	6808607
5799	-1
5800	6811171
5801	-1
5802	-1
5803	6813735
5804	-1
5805	-1
5806	6816299
5807	-1
5808	6818863
5809	-1
5810	-1
5811	6821427
5812	-1
5813	6823991
5814	-1
5815	-1
5816	6826555
5817	-1
5818	6829119
5819	-1
5820	-1
5821	6831683
5822	-1
5823	-1
5824	6834247
5825	-1
5826	6836811
5827	-1
5828	-1
5829	6839375
5830	-1
5831	6841939
5832	-1
5833	-1
5834	6844503
5835	-1
5836	6847067
5837	-1
5838	-1
5839	6849631
5840	-1
5841	6852195
5842	-1
5843	-1
5844	6854759
5845	-1
5846	-1
5847	6857323
5848	-1
5849	6859887
5850	-1
5851	-1
5852	6862451
5853	-1
5854	6865015
5855	-1
5856	-1
5857	6867579
5858	-1
5859	6870143
5860	-1
5861	-1
5862	6872707
5863	-1
5864	-1
5865	6875271
5866	-1
5867	6877835
5868	-1
5869	-1
5870	6880399
5871	-1
5872	6882963
5873	-1
5874	-1
5875	6885527
5876	-1
5877	6888091
5878	-1
5879	-1
5880	6890655
5881	-1
5882	6893219
5883	-1
5884	-1
5885	6895783
5886	-1
5887	-1
5888	6898347
5889	-1
5890	6900911
5891	-1
5892	-1
5893	6903475
5894	-1
5895	6906039
5896	-1
5897	-1
5898	6908603
5899	-1
5900	6911167
5901	-1
5902	-1
5903	6913731
5904	-1
5905	-1
5906	6916295
5907	-1
5908	6918859
5909	-1
5910	-1
5911	6921423
5912	-1
5913	6923987
5914	-1
5915	-1
5916	6926551
5917	-1
5918	6929115
5919	-1
5920	-1
5921	6931679
5922	-1
5923	-1
5924	6934243
5925	-1
5926	6936807
5927	-1
5928	-1
5929	6939371
5930	-1
5931	6941935
5932	-1
5933	-1
5934	6944499
5935	-1
5936	6947063
5937	-1
5938	-1
5939	6949627
5940	-1
5941	6952191
5942	-1
5943	-1
5944	6954755
5945	-1
5946	-1
5947	6957319
5948	-1
5949	6959883
5950	-1
5951	-1
5952	6962447
5953	-1
5954	6965011
5955	-1
5956	-1
5957	6967575
5958	-1
5959	6970139
5960	-1
5961	-1
5962	6972703
5963	-1
5964	-1
5965	6975267
5966	-1
5967	6977831
5968	-1
5969	-1
5970	6980395
5971	-1
5972	6982959
5973	-1
5974	-1
5975	6985523
5976	-1
5977	6988087
5978	-1
5979	-1
5980	6990651
5981	-1
5982	6993215
5983	-1
5984	-1
5985	6995779
5986	-1
5987	-1
5988	6998343
5989	-1
5990	7000907
5991	-1
5992	-1
5993	7003471
5994	-1
5995	7006035
5996	-1
5997	-1
5998	7008599
5999	-1
6000	7011163
6001	-1
6002	-1
6003	7013727
6004	-1
6005	-1
6006	7016291
6007	-1
6008	7018855
6009	-1
6010	-1
6011	7021419
6012	-1
6013	7023983
6014	-1
6015	-1
6016	7026547
6017	-1
6018	7029111
6019	-1
6020	-1
6021	7031675
6022	-1
6023	-1
6024	7034239
6025	-1
6026	7036803
6027	-1
6028	-1
6029	7039367
6030	-1
6031	7041931
6032	-1
6033	-1
6034	7044495
6035	-1
6036	7047059
6037	-1
6038	-1
6039	7049623
6040	-1
6041	7052187
6042	-1
6043	-1
6044	7054751
6045	-1
6046	-1
6047	7057315
6048	-1
6049	7059879
6050	-1
6051	-1
6052	7062443
6053	-1
6054	7065007
6055	-1
6056	-1
6057	7067571
6058	-1
6059	7070135
6060	-1
6061	-1
6062	7072699
6063	-1
6064	-1
6065	7075263
6066	-1
6067	7077827
6068	-1
6069	-1
6070	7080391
6071	-1
6072	7082955
6073	-1
6074	-1
6075	7085519
6076	-1
6077	7088083
6078	-1
6079	-1
6080	7090647
6081	-1
6082	7093211
6083	-1
6084	-1
6085	7095775
6086	-1
6087	-1
6088	7098339
6089	-1
6090	7100903
6091	-1
6092	-1
6093	7103467
6094	-1
6095	7106031
6096	-1
6097	-1
6098	7108595
6099	-1
6100	7111159
6101	-1
6102	-1
6103	7113723
6104	-1
6105	-1
6106	7116287
6107	-1
6108	7118851
6109	-1
6110	-1
6111	7121415
6112	-1
6113	7123979
6114	-1
6115	-1
6116	7126543
6117	-1
6118	7129107
6119	-1
6120	-1
6121	7131671
6122	-1
6123	-1
6124	7134235
6125	-1
6126	7136799
6127	-1
6128	-1
6129	7139363
6130	-1
6131	7141927
6132	-1
6133	-1
6134	7144491
6135	-1
6136	7147055
6137	-1
6138	-1
6139	7149619
6140	-1
6141	7152183
6142	-1
6143	-1
6144	7154747
6145	-1
6146	-1
6147	7157311
6148	-1
6149	7159875
6150	-1
6151	-1
6152	7162439
6153	-1
6154	7165003
6155	-1
6156	-1
6157	7167567
6158	-1
6159	7170131
6160	-1
6161	-1
6162	7172695
6163	-1
6164	-1
6165	7175259
6166	-1
6167	7177823
6168	-1
6169	-1
6170	7180387
6171	-1
6172	7182951
6173	-1
6174	-1
6175	7185515
6176	-1
6177	7188079
6178	-1
6179	-1
6180	7190643
6181	-1
6182	7193207
6183	-1
6184	-1
6185	7195771
6186	-1
6187	-1
6188	7198335
6189	-1
6190	7200899
6191	-1
6192	-1
6193	7203463
6194	-1
6195	7206027
6196	-1
6197	-1
6198	7208591
6199	-1
6200	7211155
6201	-1
6202	-1
6203	7213719
6204	-1
6205	-1
6206	7216283
6207	-1
6208	7218847
6209	-1
6210	-1
6211	7221411
6212	-1
6213	7223975
6214	-1
6215	-1
6216	7226539
6217	-1
6218	7229103
6219	-1
6220	-1
6221	7231667
6222	-1
6223	-1
6224	7234231
6225	-1
6226	7236795
6227	-1
6228	-1
6229	7239359
6230	-1
6231	7241923
6232	-1
6233	-1
6234	7244487
6235	-1
6236	7247051
6237	-1
6238	-1
6239	7249615
6240	-1
6241	7252179
6242	-1
6243	-1
6244	7254743
6245	-1
6246	-1
6247	7257307
6248	-1
6249	7259871
6250	-1
6251	-1
6252	7262435
6253	-1
6254	7264999
6255	-1
6256	-1
6257	7267563
6258	-1
6259	7270127
6260	-1
6261	-1
6262	7272691
6263	-1
6264	-1
6265	7275255
6266	-1
6267	7277819
6268	-1
6269	-1
6270	7280383
6271	-1
6272	7282947
6273	-1
6274	-1
6275	7285511
6276	-1
6277	7288075
6278	-1
6279	-1
6280	7290639
6281	-1
6282	7293203
6283	-1
6284	-1
6285	7295767
6286	-1
6287	-1
6288	7298331
6289	-1
6290	7300895
6291	-1
6292	-1
6293	7303459
6294	-1
6295	7306023
6296	-1
6297	-1
6298	7308587
6299	-1
6300	7311151
6301	-1
6302	-1
6303	7313715
6304	-1
6305	-1
6306	7316279
6307	-1
6308	7318843
6309	-1
6310	-1
6311	7321407
6312	-1
6313	7323971
6314	-1
6315	-1
6316	7326535
6317	-1
6318	7329099
6319	-1
6320	-1
6321	7331663
6322	-1
6323	7334227
6324	-1
6325	-1
6326	7336791
6327	-1
6328	-1
6329	7339355
6330	-1
6331	7341919
6332	-1
6333	-1
6334	7344483
6335	-1
6336	7347047
6337	-1
6338	-1
6339	7349611
6340	-1
6341	7352175
6342	-1
6343	-1
6344	7354739
6345	-1
6346	-1
6347	7357303
6348	-1
6349	7359867
6350	-1
6351	-1
6352	7362431
6353	-1
6354	7364995
6355	-1
6356	-1
6357	7367559
6358	-1
6359	7370123
6360	-1
6361	-1
6362	7372687
6363	-1
6364	-1
6365	7375251
6366	-1
6367	7377815
6368	-1
6369	-1
6370	7380379
6371	-1
6372	7382943
6373	-1
6374	-1
6375	7385507
6376	-1
6377	7388071
6378	-1
6379	-1
6380	7390635
6381	-1
6382	7393199
6383	-1
6384	-1
6385	7395763
6386	-1
6387	-1
6388	7398327
6389	-1
6390	7400891
6391	-1
6392	-1
6393	7403455
6394	-1
6395	7406019
6396	-1
6397	-1
6398	7408583
6399	-1
6400	7411147
6401	-1
6402	-1
6403	7413711
6404	-1
6405	-1
6406	7416275
6407	-1
6408	7418839
6409	-1
6410	-1
6411	7421403
6412	-1
6413	7423967
6414	-1
6415	-1
6416	7426531
6417	-1
6418	7429095
6419	-1
6420	-1
6421	7431659
6422	-1
6423	7434223
6424	-1
6425	-1
6426	7436787
6427	-1
6428	-1
6429	7439351
6430	-1
6431	7441915
6432	-1
6433	-1
6434	7444479
6435	-1
6436	7447043
6437	-1
6438	-1
6439	7449607
6440	-1
6441	7452171
6442	-1
6443	-1
6444	7454735
6445	-1
6446	-1
6447	7457299
6448	-1
6449	7459863
6450	-1
6451	-1
6452	7462427
6453	-1
6454	7464991
6455	-1
6456	-1
6457	7467555
6458	-1
6459	7470119
6460	-1
6461	-1
6462	7472683
6463	-1
6464	-1
6465	7475247
6466	-1
6467	7477811
6468	-1
6469	-1
6470	7480375
6471	-1
6472	7482939
6473	-1
6474	-1
6475	7485503
6476	-1
6477	7488067
6478	-1
6479	-1
6480	7490631
6481	-1
6482	7493195
6483	-1
6484	-1
6485	7495759
6486	-1
6487	-1
6488	7498323
6489	-1
6490	7500887
6491	-1
6492	-1
6493	7503451
6494	-1
6495	7506015
6496	-1
6497	-1
6498	7508579
6499	-1
6500	7511143
6501	-1
6502	-1
6503	7513707
6504	-1
6505	-1
6506	7516271
6507	-1
6508	7518835
6509	-1
6510	-1
6511	7521399
6512	-1
6513	7523963
6514	-1
6515	-1
6516	7526527
6517	-1
6518	7529091
6519	-1
6520	-1
6521	7531655
6522	-1
6523	7534219
6524	-1
6525	-1
6526	7536783
6527	-1
6528	-1
6529	7539347
6530	-1
6531	7541911
6532	-1
6533	-1
6534	7544475
6535	-1
6536	7547039
6537	-1
6538	-1
6539	7549603
6540	-1
6541	7552167
6542	-1
6543	-1
6544	7554731
6545	-1
6546	-1
6547	7557295
6548	-1
6549	7559859
6550	-1
6551	-1
6552	7562423
6553	-1
6554	7564987
6555	-1
6556	-1
6557	7567551
6558	-1
6559	7570115
6560	-1
6561	-1
6562	7572679
6563	-1
6564	-1
6565	7575243
6566	-1
6567	7577807
6568	-1
6569	-1
6570	7580371
6571	-1
6572	7582935
6573	-1
6574	-1
6575	7585499
6576	-1
6577	7588063
6578	-1
6579	-1
6580	7590627
6581	-1
6582	7593191
6583	-1
6584	-1
6585	7595755
6586	-1
6587	-1
6588	7598319
6589	-1
6590	7600883
6591	-1
6592	-1
6593	7603447
6594	-1
6595	7606011
6596	-1
6597	-1
6598	7608575
6599	-1
6600	7611139
6601	-1
6602	-1
6603	7613703
6604	-1
6605	-1
6606	7616267
6607	-1
6608	7618831
6609	-1
6610	-1
6611	7621395
6612	-1
6613	7623959
6614	-1
6615	-1
6616	7626523
6617	-1
6618	7629087
6619	-1
6620	-1
6621	7631651
6622	-1
6623	7634215
6624	-1
6625	-1
6626	7636779
6627	-1
6628	-1
6629	7639343
6630	-1
6631	7641907
6632	-1
6633	-1
6634	7644471
6635	-1
6636	7647035
6637	-1
6638	-1
6639	7649599
6640	-1
6641	7652163
6642	-1
6643	-1
6644	7654727
6645	-1
6646	-1
6647	7657291
6648	-1
6649	7659855
6650	-1
6651	-1
6652	7662419
6653	-1
6654	7664983
6655	-1
6656	-1
6657	7667547
6658	-1
6659	7670111
6660	-1
6661	-1
6662	7672675
6663	-1
6664	-1
6665	7675239
6666	-1
6667	7677803
6668	-1
6669	-1
6670	7680367
6671	-1
6672	7682931
6673	-1
6674	-1
6675	7685495
6676	-1
6677	7688059
6678	-1
6679	-1
6680	7690623
6681	-1
6682	7693187
6683	-1
6684	-1
6685	7695751
6686	-1
6687	-1
6688	7698315
6689	-1
6690	7700879
6691	-1
6692	-1
6693	7703443
6694	-1
6695	7706007
6696	-1
6697	-1
6698	7708571
6699	-1
6700	7711135
6701	-1
6702	-1
6703	7713699
6704	-1
6705	-1
6706	7716263
6707	-1
6708	7718827
6709	-1
6710	-1
6711	7721391
6712	-1
6713	7723955
6714	-1
6715	-1
6716	7726519
6717	-1
6718	7729083
6719	-1
6720	-1
6721	7731647
6722	-1
6723	7734211
6724	-1
6725	-1
6726	7736775
6727	-1
6728	-1
6729	7739339
6730	-1
6731	7741903
6732	-1
6733	-1
6734	7744467
6735	-1
6736	7747031
6737	-1
6738	-1
6739	7749595
6740	-1
6741	7752159
6742	-1
6743	-1
6744	7754723
6745	-1
6746	-1
6747	7757287
6748	-1
6749	7759851
6750	-1
6751	-1
6752	7762415
6753	-1
6754	7764979
6755	-1
6756	-1
6757	7767543
6758	-1
6759	7770107
6760	-1
6761	-1
6762	7772671
6763	-1
6764	-1
6765	7775235
6766	-1
6767	7777799
6768	-1
6769	-1
6770	7780363
6771	-1
6772	7782927
6773	-1
6774	-1
6775	7785491
6776	-1
6777	7788055
6778	-1
6779	-1
6780	7790619
6781	-1
6782	7793183
6783	-1
6784	-1
6785	7795747
6786	-1
6787	-1
6788	7798311
6789	-1
6790	7800875
6791	-1
6792	-1
6793	7803439
6794	-1
6795	7806003
6796	-1
6797	-1
6798	7808567
6799	-1
6800	7811131
6801	-1
6802	-1
6803	7813695
6804	-1
6805	-1
6806	7816259
6807	-1
6808	7818823
6809	-1
6810	-1
6811	7821387
6812	-1
6813	7823951
6814	-1
6815	-1
6816	7826515
6817	-1
6818	7829079
6819	-1
6820	-1
6821	7831643
6822	-1
6823	7834207
6824	-1
6825	-1
6826	7836771
6827	-1
6828	-1
6829	7839335
6830	-1
6831	7841899
6832	-1
6833	-1
6834	7844463
6835	-1
6836	7847027
6837	-1
6838	-1
6839	7849591
6840	-1
6841	7852155
6842	-1
6843	-1
6844	7854719
6845	-1
6846	-1
6847	7857283
6848	-1
6849	7859847
6850	-1
6851	-1
6852	7862411
6853	-1
6854	7864975
6855	-1
6856	-1
6857	7867539
6858	-1
6859	7870103
6860	-1
6861	-1
6862	7872667
6863	-1
6864	-1
6865	7875231
6866	-1
6867	7877795
6868	-1
6869	-1
6870	7880359
6871	-1
6872	7882923
6873	-1
6874	-1
6875	7885487
6876	-1
6877	7888051
6878	-1
6879	-1
6880	7890615
6881	-1
6882	7893179
6883	-1
6884	-1
6885	7895743
6886	-1
6887	-1
6888	7898307
6889	-1
6890	7900871
6891	-1
6892	-1
6893	7903435
6894	-1
6895	7905999
6896	-1
6897	-1
6898	7908563
6899	-1
6900	7911127
6901	-1
6902	-1
6903	7913691
6904	-1
6905	-1
6906	7916255
6907	-1
6908	7918819
6909	-1
6910	-1
6911	7921383
6912	-1
6913	7923947
6914	-1
6915	-1
6916	7926511
6917	-1
6918	7929075
6919	-1
6920	-1
6921	7931639
6922	-1
6923	7934203
6924	-1
6925	-1
6926	7936767
6927	-1
6928	-1
6929	7939331
6930	-1
6931	7941895
6932	-1
6933	-1
6934	7944459
6935	-1
6936	7947023
6937	-1
6938	-1
6939	7949587
6940	-1
6941	7952151
6942	-1
6943	-1
6944	7954715
6945	-1
6946	-1
6947	7957279
6948	-1
6949	7959843
6950	-1
6951	-1
6952	7962407
6953	-1
6954	7964971
6955	-1
6956	-1
6957	7967535
6958	-1
6959	7970099
6960	-1
6961	-1
6962	7972663
6963	-1
6964	7975227
6965	-1
6966	-1
6967	7977791
6968	-1
6969	-1
6970	7980355
6971	-1
6972	7982919
6973	-1
6974	-1
6975	7985483
6976	-1
6977	7988047
6978	-1
6979	-1
6980	7990611
6981	-1
6982	7993175
6983	-1
6984	-1
6985	7995739
6986	-1
6987	-1
6988	7998303
6989	-1
6990	8000867
6991	-1
6992	-1
6993	8003431
6994	-1
6995	8005995
6996	-1
6997	-1
6998	8008559
6999	-1
7000	8011123
7001	-1
7002	-1
7003	8013687
7004	-1
7005	-1
7006	8016251
7007	-1
7008	8018815
7009	-1
7010	-1
7011	8021379
7012	-1
7013	8023943
7014	-1
7015	-1
7016	8026507
7017	-1
7018	8029071
7019	-1
7020	-1
7021	8031635
7022	-1
7023	8034199
7024	-1
7025	-1
7026	8036763
7027	-1
7028	-1
7029	8039327
7030	-1
7031	8041891
7032	-1
7033	-1
7034	8044455
7035	-1
7036	8047019
7037	-1
7038	-1
7039	8049583
7040	-1
7041	8052147
7042	-1
7043	-1
7044	8054711
7045	-1
7046	-1
7047	8057275
7048	-1
7049	8059839
7050	-1
7051	-1
7052	8062403
7053	-1
7054	8064967
7055	-1
7056	-1
7057	8067531
7058	-1
7059	8070095
7060	-1
7061	-1
7062	8072659
7063	-1
7064	8075223
7065	-1
7066	-1
7067	8077787
7068	-1
7069	-1
7070	8080351
7071	-1
7072	8082915
7073	-1
7074	-1
7075	8085479
7076	-1
7077	8088043
7078	-1
7079	-1
7080	8090607
7081	-1
7082	8093171
7083	-1
7084	-1
7085	8095735
7086	-1
7087	-1
7088	8098299
7089	-1
7090	8100863
7091	-1
7092	-1
7093	8103427
7094	-1
7095	8105991
7096	-1
7097	-1
7098	8108555
7099	-1
7100	8111119
7101	-1
7102	-1
7103	8113683
7104	-1
7105	-1
7106	8116247
7107	-1
7108	8118811
7109	-1
7110	-1
7111	8121375
7112	-1
7113	8123939
7114	-1
7115	-1
7116	8126503
7117	-1
7118	8129067
7119	-1
7120	-1
7121	8131631
7122	-1
7123	8134195
7124	-1
7125	-1
7126	8136759
7127	-1
7128	-1
7129	8139323
7130	-1
7131	8141887
7132	-1
7133	-1
7134	8144451
7135	-1
7136	8147015
7137	-1
7138	-1
7139	8149579
7140	-1
7141	8152143
7142	-1
7143	-1
7144	8154707
7145	-1
7146	-1
7147	8157271
7148	-1
7149	8159835
7150	-1
7151	-1
7152	8162399
7153	-1
7154	8164963
7155	-1
7156	-1
7157	8167527
7158	-1
7159	8170091
7160	-1
7161	-1
7162	8172655
7163	-1
7164	8175219
7165	-1
7166	-1
7167	8177783
7168	-1
7169	-1
7170	8180347
7171	-1
7172	8182911
7173	-1
7174	-1
7175	8185475
7176	-1
7177	8188039
7178	-1
7179	-1
7180	8190603
7181	-1
7182	8193167
7183	-1
7184	-1
7185	8195731
7186	-1
7187	-1
7188	8198295
7189	-1
7190	8200859
7191	-1
7192	-1
7193	8203423
7194	-1
7195	8205987
7196	-1
7197	-1
7198	8208551
7199	-1
7200	8211115
7201	-1
7202	-1
7203	8213679
7204	-1
7205	-1
7206	8216243
7207	-1
7208	8218807
7209	-1
7210	-1
7211	8221371
7212	-1
7213	8223935
7214	-1
7215	-1
7216	8226499
7217	-1
7218	8229063
7219	-1
7220	-1
7221	8231627
7222	-1
7223	8234191
7224	-1
7225	-1
7226	8236755
7227	-1
7228	-1
7229	8239319
7230	-1
7231	8241883
7232	-1
7233	-1
7234	8244447
7235	-1
7236	8247011
7237	-1
7238	-1
7239	8249575
7240	-1
7241	8252139
7242	-1
7243	-1
7244	8254703
7245	-1
7246	-1
7247	8257267
7248	-1
7249	8259831
7250	-1
7251	-1
7252	8262395
7253	-1
7254	8264959
7255	-1
7256	-1
7257	8267523
7258	-1
7259	8270087
7260	-1
7261	-1
7262	8272651
7263	-1
7264	8275215
7265	-1
7266	-1
7267	8277779
7268	-1
7269	-1
7270	8280343
7271	-1
7272	8282907
7273	-1
7274	-1
7275	8285471
7276	-1
7277	8288035
7278	-1
7279	-1
7280	8290599
7281	-1
7282	8293163
7283	-1
7284	-1
7285	8295727
7286	-1
7287	-1
7288	8298291
7289	-1
7290	8300855
7291	-1
7292	-1
7293	8303419
7294	-1
7295	8305983
7296	-1
7297	-1
7298	8308547
7299	-1
7300	8311111
7301	-1
7302	-1
7303	8313675
7304	-1
7305	-1
7306	8316239
7307	-1
7308	8318803
7309	-1
7310	-1
7311	8321367
7312	-1
7313	8323931
7314	-1
7315	-1
7316	8326495
7317	-1
7318	8329059
7319	-1
7320	-1
7321	8331623
7322	-1
7323	8334187
7324	-1
7325	-1
7326	8336751
7327	-1
7328	-1
7329	8339315
7330	-1
7331	8341879
7332	-1
7333	-1
7334	8344443
7335	-1
7336	8347007
7337	-1
7338	-1
7339	8349571
7340	-1
7341	8352135
7342	-1
7343	-1
7344	8354699
7345	-1
7346	-1
7347	8357263
7348	-1
7349	8359827
7350	-1
7351	-1
7352	8362391
7353	-1
7354	8364955
7355	-1
7356	-1
7357	8367519
7358	-1
7359	8370083
7360	-1
7361	-1
7362	8372647
7363	-1
7364	8375211
7365	-1
7366	-1
7367	8377775
7368	-1
7369	-1
7370	8380339
7371	-1
7372	8382903
7373	-1
7374	-1
7375	8385467
7376	-1
7377	8388031
7378	-1
7379	-1
7380	8390595
7381	-1
7382	8393159
7383	-1
7384	-1
7385	8395723
7386	-1
7387	-1
7388	8398287
7389	-1
7390	8400851
7391	-1
7392	-1
7393	8403415
7394	-1
7395	8405979
7396	-1
7397	-1
7398	8408543
7399	-1
7400	8411107
7401	-1
7402	-1
7403	8413671
7404	-1
7405	-1
7406	8416235
7407	-1
7408	8418799
7409	-1
7410	-1
7411	8421363
7412	-1
7413	8423927
7414	-1
7415	-1
7416	8426491
7417	-1
7418	8429055
7419	-1
7420	-1
7421	8431619
7422	-1
7423	8434183
7424	-1
7425	-1
7426	8436747
7427	-1
7428	-1
7429	8439311
7430	-1
7431	8441875
7432	-1
7433	-1
7434	8444439
7435	-1
7436	8447003
7437	-1
7438	-1
7439	8449567
7440	-1
7441	8452131
7442	-1
7443	-1
7444	8454695
7445	-1
7446	-1
7447	8457259
7448	-1
7449	8459823
7450	-1
7451	-1
7452	8462387
7453	-1
7454	8464951
7455	-1
7456	-1
7457	8467515
7458	-1
7459	8470079
7460	-1
7461	-1
7462	8472643
7463	-1
7464	8475207
7465	-1
7466	-1
7467	8477771
7468	-1
7469	-1
7470	8480335
7471	-1
7472	8482899
7473	-1
7474	-1
7475	8485463
7476	-1
7477	8488027
7478	-1
7479	-1
7480	8490591
7481	-1
7482	8493155
7483	-1
7484	-1
7485	8495719
7486	-1
7487	-1
7488	8498283
7489	-1
7490	8500847
7491	-1
7492	-1
7493	8503411
7494	-1
7495	8505975
7496	-1
7497	-1
7498	8508539
7499	-1
7500	8511103
7501	-1
7502	-1
7503	8513667
7504	-1
7505	-1
7506	8516231
7507	-1
7508	8518795
7509	-1
7510	-1
7511	8521359
7512	-1
7513	8523923
7514	-1
7515	-1
7516	8526487
7517	-1
7518	8529051
7519	-1
7520	-1
7521	8531615
7522	-1
7523	8534179
7524	-1
7525	-1
7526	8536743
7527	-1
7528	-1
7529	8539307
7530	-1
7531	8541871
7532	-1
7533	-1
7534	8544435
7535	-1
7536	8546999
7537	-1
7538	-1
7539	8549563
7540	-1
7541	8552127
7542	-1
7543	-1
7544	8554691
7545	-1
7546	-1
7547	8557255
7548	-1
7549	8559819
7550	-1
7551	-1
7552	8562383
7553	-1
7554	8564947
7555	-1
7556	-1
7557	8567511
7558	-1
7559	8570075
7560	-1
7561	-1
7562	8572639
7563	-1
7564	8575203
7565	-1
7566	-1
7567	8577767
7568	-1
7569	-1
7570	8580331
7571	-1
7572	8582895
7573	-1
7574	-1
7575	8585459
7576	-1
7577	8588023
7578	-1
7579	-1
7580	8590587
7581	-1
7582	8593151
7583	-1
7584	-1
7585	8595715
7586	-1
7587	-1
7588	8598279
7589	-1
7590	8600843
7591	-1
7592	-1
7593	8603407
7594	-1
7595	8605971
7596	-1
7597	-1
7598	8608535
7599	-1
7600	8611099
7601	-1
7602	-1
7603	8613663
7604	-1
7605	8616227
7606	-1
7607	-1
7608	8618791
7609	-1
7610	-1
7611	8621355
7612	-1
7613	8623919
7614	-1
7615	-1
7616	8626483
7617	-1
7618	8629047
7619	-1
7620	-1
7621	8631611
7622	-1
7623	8634175
7624	-1
7625	-1
7626	8636739
7627	-1
7628	-1
7629	8639303
7630	-1
7631	8641867
7632	-1
7633	-1
7634	8644431
7635	-1
7636	8646995
7637	-1
7638	-1
7639	8649559
7640	-1
7641	8652123
7642	-1
7643	-1
7644	8654687
7645	-1
7646	-1
7647	8657251
7648	-1
7649	8659815
7650	-1
7651	-1
7652	8662379
7653	-1
7654	8664943
7655	-1
7656	-1
7657	8667507
7658	-1
7659	8670071
7660	-1
7661	-1
7662	8672635
7663	-1
7664	8675199
7665	-1
7666	-1
7667	8677763
7668	-1
7669	-1
7670	8680327
7671	-1
7672	8682891
7673	-1
7674	-1
7675	8685455
7676	-1
7677	8688019
7678	-1
7679	-1
7680	8690583
7681	-1
7682	8693147
7683	-1
7684	-1
7685	8695711
7686	-1
7687	-1
7688	8698275
7689	-1
7690	8700839
7691	-1
7692	-1
7693	8703403
7694	-1
7695	8705967
7696	-1
7697	-1
7698	8708531
7699	-1
7700	8711095
7701	-1
7702	-1
7703	8713659
7704	-1
7705	8716223
7706	-1
7707	-1
7708	8718787
7709	-1
7710	-1
7711	8721351
7712	-1
7713	8723915
7714	-1
7715	-1
7716	8726479
7717	-1
7718	8729043
7719	-1
7720	-1
7721	8731607
7722	-1
7723	8734171
7724	-1
7725	-1
7726	8736735
7727	-1
7728	-1
7729	8739299
7730	-1
7731	8741863
7732	-1
7733	-1
7734	8744427
7735	-1
7736	8746991
7737	-1
7738	-1
7739	8749555
7740	-1
7741	8752119
7742	-1
7743	-1
7744	8754683
7745	-1
7746	-1
7747	8757247
7748	-1
7749	8759811
7750	-1
7751	-1
7752	8762375
7753	-1
7754	8764939
7755	-1
7756	-1
7757	8767503
7758	-1
7759	8770067
7760	-1
7761	-1
7762	8772631
7763	-1
7764	8775195
7765	-1
7766	-1
7767	8777759
7768	-1
7769	-1
7770	8780323
7771	-1
7772	8782887
7773	-1
7774	-1
7775	8785451
7776	-1
7777	8788015
7778	-1
7779	-1
7780	8790579
7781	-1
7782	8793143
7783	-1
7784	-1
7785	8795707
7786	-1
7787	-1
7788	8798271
7789	-1
7790	8800835
7791	-1
7792	-1
7793	8803399
7794	-1
7795	8805963
7796	-1
7797	-1
7798	8808527
7799	-1
7800	8811091
7801	-1
7802	-1
7803	8813655
7804	-1
7805	8816219
7806	-1
7807	-1
7808	8818783
7809	-1
7810	-1
7811	8821347
7812	-1
7813	8823911
7814	-1
7815	-1
7816	8826475
7817	-1
7818	8829039
7819	-1
7820	-1
7821	8831603
7822	-1
7823	8834167
7824	-1
7825	-1
7826	8836731
7827	-1
7828	-1
7829	8839295
7830	-1
7831	8841859
7832	-1
7833	-1
7834	8844423
7835	-1
7836	8846987
7837	-1
7838	-1
7839	8849551
7840	-1
7841	8852115
7842	-1
7843	-1
7844	8854679
7845	-1
7846	-1
7847	8857243
7848	-1
7849	8859807
7850	-1
7851	-1
7852	8862371
7853	-1
7854	8864935
7855	-1
7856	-1
7857	8867499
7858	-1
7859	8870063
7860	-1
7861	-1
7862	8872627
7863	-1
7864	8875191
7865	-1
7866	-1
7867	8877755
7868	-1
7869	-1
7870	8880319
7871	-1
7872	8882883
7873	-1
7874	-1
7875	8885447
7876	-1
7877	8888011
7878	-1
7879	-1
7880	8890575
7881	-1
7882	8893139
7883	-1
7884	-1
7885	8895703
7886	-1
7887	-1
7888	8898267
7889	-1
7890	8900831
7891	-1
7892	-1
7893	8903395
7894	-1
7895	8905959
7896	-1
7897	-1
7898	8908523
7899	-1
7900	8911087
7901	-1
7902	-1
7903	8913651
7904	-1
7905	8916215
7906	-1
7907	-1
7908	8918779
7909	-1
7910	-1
7911	8921343
7912	-1
7913	8923907
7914	-1
7915	-1
7916	8926471
7917	-1
7918	8929035
7919	-1
7920	-1
7921	8931599
7922	-1
7923	8934163
7924	-1
7925	-1
7926	8936727
7927	-1
7928	-1
7929	8939291
7930	-1
7931	8941855
7932	-1
7933	-1
7934	8944419
7935	-1
7936	8946983
7937	-1
7938	-1
7939	8949547
7940	-1
7941	8952111
7942	-1
7943	-1
7944	8954675
7945	-1
7946	-1
7947	8957239
7948	-1
7949	8959803
7950	-1
7951	-1
7952	8962367
7953	-1
7954	8964931
7955	-1
7956	-1
7957	8967495
7958	-1
7959	8970059
7960	-1
7961	-1
7962	8972623
7963	-1
7964	8975187
7965	-1
7966	-1
7967	8977751
7968	-1
7969	-1
7970	8980315
7971	-1
7972	8982879
7973	-1
7974	-1
7975	8985443
7976	-1
7977	8988007
7978	-1
7979	-1
7980	8990571
7981	-1
7982	8993135
7983	-1
7984	-1
7985	8995699
7986	-1
7987	-1
7988	8998263
7989	-1
7990	9000827
7991	-1
7992	-1
7993	9003391
7994	-1
7995	9005955
7996	-1
7997	-1
7998	9008519
7999	-1
8000	9011083
8001	-1
8002	-1
8003	9013647
8004	-1
8005	9016211
8006	-1
8007	-1
8008	9018775
8009	-1
8010	-1
8011	9021339
8012	-1
8013	9023903
8014	-1
8015	-1
8016	9026467
8017	-1
8018	9029031
8019	-1
8020	-1
8021	9031595
8022	-1
8023	9034159
8024	-1
8025	-1
8026	9036723
8027	-1
8028	-1
8029	9039287
8030	-1
8031	9041851
8032	-1
8033	-1
8034	9044415
8035	-1
8036	9046979
8037	-1
8038	-1
8039	9049543
8040	-1
8041	9052107
8042	-1
8043	-1
8044	9054671
8045	-1
8046	-1
8047	9057235
8048	-1
8049	9059799
8050	-1
8051	-1
8052	9062363
8053	-1
8054	9064927
8055	-1
8056	-1
8057	9067491
8058	-1
8059	9070055
8060	-1
8061	-1
8062	9072619
8063	-1
8064	9075183
8065	-1
8066	-1
8067	9077747
8068	-1
8069	-1
8070	9080311
8071	-1
8072	9082875
8073	-1
8074	-1
8075	9085439
8076	-1
8077	9088003
8078	-1
8079	-1
8080	9090567
8081	-1
8082	9093131
8083	-1
8084	-1
8085	9095695
8086	-1
8087	-1
8088	9098259
8089	-1
8090	9100823
8091	-1
8092	-1
8093	9103387
8094	-1
8095	9105951
8096	-1
8097	-1
8098	9108515
8099	-1
8100	9111079
8101	-1
8102	-1
8103	9113643
8104	-1
8105	9116207
8106	-1
8107	-1
8108	9118771
8109	-1
8110	-1
8111	9121335
8112	-1
8113	9123899
8114	-1
8115	-1
8116	9126463
8117	-1
8118	9129027
8119	-1
8120	-1
8121	9131591
8122	-1
8123	9134155
8124	-1
8125	-1
8126	9136719
8127	-1
8128	-1
8129	9139283
8130	-1
8131	9141847
8132	-1
8133	-1
8134	9144411
8135	-1
8136	9146975
8137	-1
8138	-1
8139	9149539
8140	-1
8141	9152103
8142	-1
8143	-1
8144	9154667
8145	-1
8146	-1
8147	9157231
8148	-1
8149	9159795
8150	-1
8151	-1
8152	9162359
8153	-1
8154	9164923
8155	-1
8156	-1
8157	9167487
8158	-1
8159	9170051
8160	-1
8161	-1
8162	9172615
8163	-1
8164	9175179
8165	-1
8166	-1
8167	9177743
8168	-1
8169	-1
8170	9180307
8171	-1
8172	9182871
8173	-1
8174	-1
8175	9185435
8176	-1
8177	9187999
8178	-1
8179	-1
8180	9190563
8181	-1
8182	9193127
8183	-1
8184	-1
8185	9195691
8186	-1
8187	-1
8188	9198255
8189	-1
8190	9200819
8191	-1
8192	-1
8193	9203383
8194	-1
8195	9205947
8196	-1
8197	-1
8198	9208511
8199	-1
8200	9211075
8201	-1
8202	-1
8203	9213639
8204	-1
8205	9216203
8206	-1
8207	-1
8208	9218767
8209	-1
8210	-1
8211	9221331
8212	-1
8213	9223895
8214	-1
8215	-1
8216	9226459
8217	-1
8218	9229023
8219	-1
8220	-1
8221	9231587
8222	-1
8223	9234151
8224	-1
8225	-1
8226	9236715
8227	-1
8228	-1
8229	9239279
8230	-1
8231	9241843
8232	-1
8233	-1
8234	9244407
8235	-1
8236	9246971
8237	-1
8238	-1
8239	9249535
8240	-1
8241	9252099
8242	-1
8243	-1
8244	9254663
8245	-1
8246	9257227
8247	-1
8248	-1
8249	9259791
8250	-1
8251	-1
8252	9262355
8253	-1
8254	9264919
8255	-1
8256	-1
8257	9267483
8258	-1
8259	9270047
8260	-1
8261	-1
8262	9272611
8263	-1
8264	9275175
8265	-1
8266	-1
8267	9277739
8268	-1
8269	-1
8270	9280303
8271	-1
8272	9282867
8273	-1
8274	-1
8275	9285431
8276	-1
8277	9287995
8278	-1
8279	-1
8280	9290559
8281	-1
8282	9293123
8283	-1
8284	-1
8285	9295687
8286	-1
8287	-1
8288	9298251
8289	-1
8290	9300815
8291	-1
8292	-1
8293	9303379
8294	-1
8295	9305943
8296	-1
8297	-1
8298	9308507
8299	-1
8300	9311071
8301	-1
8302	-1
8303	9313635
8304	-1
8305	9316199
8306	-1
8307	-1
8308	9318763
8309	-1
8310	-1
8311	9321327
8312	-1
8313	9323891
8314	-1
8315	-1
8316	9326455
8317	-1
8318	9329019
8319	-1
8320	-1
8321	9331583
8322	-1
8323	9334147
8324	-1
8325	-1
8326	9336711
8327	-1
8328	-1
8329	9339275
8330	-1
8331	9341839
8332	-1
8333	-1
8334	9344403
8335	-1
8336	9346967
8337	-1
8338	-1
8339	9349531
8340	-1
8341	9352095
8342	-1
8343	-1
8344	9354659
8345	-1
8346	9357223
8347	-1
8348	-1
8349	9359787
8350	-1
8351	-1
8352	9362351
8353	-1
8354	9364915
8355	-1
8356	-1
8357	9367479
8358	-1
8359	9370043
8360	-1
8361	-1
8362	9372607
8363	-1
8364	9375171
8365	-1
8366	-1
8367	9377735
8368	-1
8369	-1
8370	9380299
8371	-1
8372	9382863
8373	-1
8374	-1
8375	9385427
8376	-1
8377	9387991
8378	-1
8379	-1
8380	9390555
8381	-1
8382	9393119
8383	-1
8384	-1
8385	9395683
8386	-1
8387	-1
8388	9398247
8389	-1
8390	9400811
8391	-1
8392	-1
8393	9403375
8394	-1
8395	9405939
8396	-1
8397	-1
8398	9408503
8399	-1
8400	9411067
8401	-1
8402	-1
8403	9413631
8404	-1
8405	9416195
8406	-1
8407	-1
8408	9418759
8409	-1
8410	-1
8411	9421323
8412	-1
8413	9423887
8414	-1
8415	-1
8416	9426451
8417	-1
8418	9429015
8419	-1
8420	-1
8421	9431579
8422	-1
8423	9434143
8424	-1
8425	-1
8426	9436707
8427	-1
8428	-1
8429	9439271
8430	-1
8431	9441835
8432	-1
8433	-1
8434	9444399
8435	-1
8436	9446963
8437	-1
8438	-1
8439	9449527
8440	-1
8441	9452091
8442	-1
8443	-1
8444	9454655
8445	-1
8446	9457219
8447	-1
8448	-1
8449	9459783
8450	-1
8451	-1
8452	9462347
8453	-1
8454	9464911
8455	-1
8456	-1
8457	9467475
8458	-1
8459	9470039
8460	-1
8461	-1
8462	9472603
8463	-1
8464	9475167
8465	-1
8466	-1
8467	9477731
8468	-1
8469	-1
8470	9480295
8471	-1
8472	9482859
8473	-1
8474	-1
8475	9485423
8476	-1
8477	9487987
8478	-1
8479	-1
8480	9490551
8481	-1
8482	9493115
8483	-1
8484	-1
8485	9495679
8486	-1
8487	-1
8488	9498243
8489	-1
8490	9500807
8491	-1
8492	-1
8493	9503371
8494	-1
8495	9505935
8496	-1
8497	-1
8498	9508499
8499	-1
8500	9511063
8501	-1
8502	-1
8503	9513627
8504	-1
8505	9516191
8506	-1
8507	-1
8508	9518755
8509	-1
8510	-1
8511	9521319
8512	-1
8513	9523883
8514	-1
8515	-1
8516	9526447
8517	-1
8518	9529011
8519	-1
8520	-1
8521	9531575
8522	-1
8523	9534139
8524	-1
8525	-1
8526	9536703
8527	-1
8528	-1
8529	9539267
8530	-1
8531	9541831
8532	-1
8533	-1
8534	9544395
8535	-1
8536	9546959
8537	-1
8538	-1
8539	9549523
8540	-1
8541	9552087
8542	-1
8543	-1
8544	9554651
8545	-1
8546	9557215
8547	-1
8548	-1
8549	9559779
8550	-1
8551	-1
8552	9562343
8553	-1
8554	9564907
8555	-1
8556	-1
8557	9567471
8558	-1
8559	9570035
8560	-1
8561	-1
8562	9572599
8563	-1
8564	9575163
8565	-1
8566	-1
8567	9577727
8568	-1
8569	-1
8570	9580291
8571	-1
8572	9582855
8573	-1
8574	-1
8575	9585419
8576	-1
8577	9587983
8578	-1
8579	-1
8580	9590547
8581	-1
8582	9593111
8583	-1
8584	-1
8585	9595675
8586	-1
8587	-1
8588	9598239
8589	-1
8590	9600803
8591	-1
8592	-1
8593	9603367
8594	-1
8595	9605931
8596	-1
8597	-1
8598	9608495
8599	-1
8600	9611059
8601	-1
8602	-1
8603	9613623
8604	-1
8605	9616187
8606	-1
8607	-1
8608	9618751
8609	-1
8610	-1
8611	9621315
8612	-1
8613	9623879
8614	-1
8615	-1
8616	9626443
8617	-1
8618	9629007
8619	-1
8620	-1
8621	9631571
8622	-1
8623	9634135
8624	-1
8625	-1
8626	9636699
8627	-1
8628	-1
8629	9639263
8630	-1
8631	9641827
8632	-1
8633	-1
8634	9644391
8635	-1
8636	9646955
8637	-1
8638	-1
8639	9649519
8640	-1
8641	9652083
8642	-1
8643	-1
8644	9654647
8645	-1
8646	9657211
8647	-1
8648	-1
8649	9659775
8650	-1
8651	-1
8652	9662339
8653	-1
8654	9664903
8655	-1
8656	-1
8657	9667467
8658	-1
8659	9670031
8660	-1
8661	-1
8662	9672595
8663	-1
8664	9675159
8665	-1
8666	-1
8667	9677723
8668	-1
8669	-1
8670	9680287
8671	-1
8672	9682851
8673	-1
8674	-1
8675	9685415
8676	-1
8677	9687979
8678	-1
8679	-1
8680	9690543
8681	-1
8682	9693107
8683	-1
8684	-1
8685	9695671
8686	-1
8687	-1
8688	9698235
8689	-1
8690	9700799
8691	-1
8692	-1
8693	9703363
8694	-1
8695	9705927
8696	-1
8697	-1
8698	9708491
8699	-1
8700	9711055
8701	-1
8702	-1
8703	9713619
8704	-1
8705	9716183
8706	-1
8707	-1
8708	9718747
8709	-1
8710	-1
8711	9721311
8712	-1
8713	9723875
8714	-1
8715	-1
8716	9726439
8717	-1
8718	9729003
8719	-1
8720	-1
8721	9731567
8722	-1
8723	9734131
8724	-1
8725	-1
8726	9736695
8727	-1
8728	-1
8729	9739259
8730	-1
8731	9741823
8732	-1
8733	-1
8734	9744387
8735	-1
8736	9746951
8737	-1
8738	-1
8739	9749515
8740	-1
8741	9752079
8742	-1
8743	-1
8744	9754643
8745	-1
8746	9757207
8747	-1
8748	-1
8749	9759771
8750	-1
8751	-1
8752	9762335
8753	-1
8754	9764899
8755	-1
8756	-1
8757	9767463
8758	-1
8759	9770027
8760	-1
8761	-1
8762	9772591
8763	-1
8764	9775155
8765	-1
8766	-1
8767	9777719
8768	-1
8769	-1
8770	9780283
8771	-1
8772	9782847
8773	-1
8774	-1
8775	9785411
8776	-1
8777	9787975
8778	-1
8779	-1
8780	9790539
8781	-1
8782	9793103
8783	-1
8784	-1
8785	9795667
8786	-1
8787	-1
8788	9798231
8789	-1
8790	9800795
8791	-1
8792	-1
8793	9803359
8794	-1
8795	9805923
8796	-1
8797	-1
8798	9808487
8799	-1
8800	9811051
8801	-1
8802	-1
8803	9813615
8804	-1
8805	9816179
8806	-1
8807	-1
8808	9818743
8809	-1
8810	-1
8811	9821307
8812	-1
8813	9823871
8814	-1
8815	-1
8816	9826435
8817	-1
8818	9828999
8819	-1
8820	-1
8821	9831563
8822	-1
8823	9834127
8824	-1
8825	-1
8826	9836691
8827	-1
8828	-1
8829	9839255
8830	-1
8831	9841819
8832	-1
8833	-1
8834	9844383
8835	-1
8836	9846947
8837	-1
8838	-1
8839	9849511
8840	-1
8841	9852075
8842	-1
8843	-1
8844	9854639
8845	-1
8846	9857203
8847	-1
8848	-1
8849	9859767
8850	-1
8851	-1
8852	9862331
8853	-1
8854	9864895
8855	-1
8856	-1
8857	9867459
8858	-1
8859	9870023
8860	-1
8861	-1
8862	9872587
8863	-1
8864	9875151
8865	-1
8866	-1
8867	9877715
8868	-1
8869	-1
8870	9880279
8871	-1
8872	9882843
8873	-1
8874	-1
8875	9885407
8876	-1
8877	9887971
8878	-1
8879	-1
8880	9890535
8881	-1
8882	9893099
8883	-1
8884	-1
8885	9895663
8886	-1
8887	9898227
8888	-1
8889	-1
8890	9900791
8891	-1
8892	-1
8893	9903355
8894	-1
8895	9905919
8896	-1
8897	-1
8898	9908483
8899	-1
8900	9911047
8901	-1
8902	-1
8903	9913611
8904	-1
8905	9916175
8906	-1
8907	-1
8908	9918739
8909	-1
8910	-1
8911	9921303
8912	-1
8913	9923867
8914	-1
8915	-1
8916	9926431
8917	-1
8918	9928995
8919	-1
8920	-1
8921	9931559
8922	-1
8923	9934123
8924	-1
8925	-1
8926	9936687
8927	-1
8928	-1
8929	9939251
8930	-1
8931	9941815
8932	-1
8933	-1
8934	9944379
8935	-1
8936	9946943
8937	-1
8938	-1
8939	9949507
8940	-1
8941	9952071
8942	-1
8943	-1
8944	9954635
8945	-1
8946	9957199
8947	-1
8948	-1
8949	9959763
8950	-1
8951	-1
8952	9962327
8953	-1
8954	9964891
8955	-1
8956	-1
8957	9967455
8958	-1
8959	9970019
8960	-1
8961	-1
8962	9972583
8963	-1
8964	9975147
8965	-1
8966	-1
8967	9977711
8968	-1
8969	-1
8970	9980275
8971	-1
8972	9982839
8973	-1
8974	-1
8975	9985403
8976	-1
8977	9987967
8978	-1
8979	-1
8980	9990531
8981	-1
8982	9993095
8983	-1
8984	-1
8985	9995659
8986	-1
8987	9998223
8988	-1
8989	-1
8990	-1
8991	-1
8992	-1
8993	-1
8994	-1
8995	-1
8996	-1
8997	-1
8998	-1
8999	-1
9000	-1
9001	-1
9002	-1
9003	-1
9004	-1
9005	-1
9006	-1
9007	-1
9008	-1
9009	-1
9010	-1
9011	-1
9012	-1
9013	-1
9014	-1
9015	-1
9016	-1
9017	-1
9018	-1
9019	-1
9020	-1
9021	-1
9022	-1
9023	-1
9024	-1
9025	-1
9026	-1
9027	-1
9028	-1
9029	-1
9030	-1
9031	-1
9032	-1
9033	-1
9034	-1
9035	-1
9036	-1
9037	-1
9038	-1
9039	-1
9040	-1
9041	-1
9042	-1
9043	-1
9044	-1
9045	-1
9046	-1
9047	-1
9048	-1
9049	-1
9050	-1
9051	-1
9052	-1
9053	-1
9054	-1
9055	-1
9056	-1
9057	-1
9058	-1
9059	-1
9060	-1
9061	-1
9062	-1
9063	-1
9064	-1
9065	-1
9066	-1
9067	-1
9068	-1
9069	-1
9070	-1
9071	-1
9072	-1
9073	-1
9074	-1
9075	-1
9076	-1
9077	-1
9078	-1
9079	-1
9080	-1
9081	-1
9082	-1
9083	-1
9084	-1
9085	-1
9086	-1
9087	-1
9088	-1
9089	-1
9090	-1
9091	-1
9092	-1
9093	-1
9094	-1
9095	-1
9096	-1
9097	-1
9098	-1
9099	-1
9100	-1
9101	-1
9102	-1
9103	-1
9104	-1
9105	-1
9106	-1
9107	-1
9108	-1
9109	-1
9110	-1
9111	-1
9112	-1
9113	-1
9114	-1
9115	-1
9116	-1
9117	-1
9118	-1
9119	-1
9120	-1
9121	-1
9122	-1
9123	-1
9124	-1
9125	-1
9126	-1
9127	-1
9128	-1
9129	-1
9130	-1
9131	-1
9132	-1
9133	-1
9134	-1
9135	-1
9136	-1
9137	-1
9138	-1
9139	-1
9140	-1
9141	-1
9142	-1
9143	-1
9144	-1
9145	-1
9146	-1
9147	-1
9148	-1
9149	-1
9150	-1
9151	-1
9152	-1
9153	-1
9154	-1
9155	-1
9156	-1
9157	-1
9158	-1
9159	-1
9160	-1
9161	-1
9162	-1
9163	-1
9164	-1
9165	-1
9166	-1
9167	-1
9168	-1
9169	-1
9170	-1
9171	-1
9172	-1
9173	-1
9174	-1
9175	-1
9176	-1
9177	-1
9178	-1
9179	-1
9180	-1
9181	-1
9182	-1
9183	-1
9184	-1
9185	-1
9186	-1
9187	-1
9188	-1
9189	-1
9190	-1
9191	-1
9192	-1
9193	-1
9194	-1
9195	-1
9196	-1
9197	-1
9198	-1
9199	-1
9200	-1
9201	-1
9202	-1
9203	-1
9204	-1
9205	-1
9206	-1
9207	-1
9208	-1
9209	-1
9210	-1
9211	-1
9212	-1
9213	-1
9214	-1
9215	-1
9216	-1
9217	-1
9218	-1
9219	-1
9220	-1
9221	-1
9222	-1
9223	-1
9224	-1
9225	-1
9226	-1
9227	-1
9228	-1
9229	-1
9230	-1
9231	-1
9232	-1
9233	-1
9234	-1
9235	-1
9236	-1
9237	-1
9238	-1
9239	-1
9240	-1
9241	-1
9242	-1
9243	-1
9244	-1
9245	-1
9246	-1
9247	-1
9248	-1
9249	-1
9250	-1
9251	-1
9252	-1
9253	-1
9254	-1
9255	-1
9256	-1
9257	-1
9258	-1
9259	-1
9260	-1
9261	-1
9262	-1
9263	-1
9264	-1
9265	-1
9266	-1
9267	-1
9268	-1
9269	-1
9270	-1
9271	-1
9272	-1
9273	-1
9274	-1
9275	-1
9276	-1
9277	-1
9278	-1
9279	-1
9280	-1
9281	-1
9282	-1
9283	-1
9284	-1
9285	-1
9286	-1
9287	-1
9288	-1
9289	-1
9290	-1
9291	-1
9292	-1
9293	-1
9294	-1
9295	-1
9296	-1
9297	-1
9298	-1
9299	-1
9300	-1
9301	-1
9302	-1
9303	-1
9304	-1
9305	-1
9306	-1
9307	-1
9308	-1
9309	-1
9310	-1
9311	-1
9312	-1
9313	-1
9314	-1
9315	-1
9316	-1
9317	-1
9318	-1
9319	-1
9320	-1
9321	-1
9322	-1
9323	-1
9324	-1
9325	-1
9326	-1
9327	-1
9328	-1
9329	-1
9330	-1
9331	-1
9332	-1
9333	-1
9334	-1
9335	-1
9336	-1
9337	-1
9338	-1
9339	-1
9340	-1
9341	-1
9342	-1
9343	-1
9344	-1
9345	-1
9346	-1
9347	-1
9348	-1
9349	-1
9350	-1
9351	-1
9352	-1
9353	-1
9354	-1
9355	-1
9356	-1
9357	-1
9358	-1
9359	-1
9360	-1
9361	-1
9362	-1
9363	-1
9364	-1
9365	-1
9366	-1
9367	-1
9368	-1
9369	-1
9370	-1
9371	-1
9372	-1
9373	-1
9374	-1
9375	-1
9376	-1
9377	-1
9378	-1
9379	-1
9380	-1
9381	-1
9382	-1
9383	-1
9384	-1
9385	-1
9386	-1
9387	-1
9388	-1
9389	-1
9390	-1
9391	-1
9392	-1
9393	-1
9394	-1
9395	-1
9396	-1
9397	-1
9398	-1
9399	-1
9400	-1
9401	-1
9402	-1
9403	-1
9404	-1
9405	-1
9406	-1
9407	-1
9408	-1
9409	-1
9410	-1
9411	-1
9412	-1
9413	-1
9414	-1
9415	-1
9416	-1
9417	-1
9418	-1
9419	-1
9420	-1
9421	-1
9422	-1
9423	-1
9424	-1
9425	-1
9426	-1
9427	-1
9428	-1
9429	-1
9430	-1
9431	-1
9432	-1
9433	-1
9434	-1
9435	-1
9436	-1
9437	-1
9438	-1
9439	-1
9440	-1
9441	-1
9442	-1
9443	-1
9444	-1
9445	-1
9446	-1
9447	-1
9448	-1
9449	-1
9450	-1
9451	-1
9452	-1
9453	-1
9454	-1
9455	-1
9456	-1
9457	-1
9458	-1
9459	-1
9460	-1
9461	-1
9462	-1
9463	-1
9464	-1
9465	-1
9466	-1
9467	-1
9468	-1
9469	-1
9470	-1
9471	-1
9472	-1
9473	-1
9474	-1
9475	-1
9476	-1
9477	-1
9478	-1
9479	-1
9480	-1
9481	-1
9482	-1
9483	-1
9484	-1
9485	-1
9486	-1
9487	-1
9488	-1
9489	-1
9490	-1
9491	-1
9492	-1
9493	-1
9494	-1
9495	-1
9496	-1
9497	-1
9498	-1
9499	-1
9500	-1
9501	-1
9502	-1
9503	-1
9504	-1
9505	-1
9506	-1
9507	-1
9508	-1
9509	-1
9510	-1
9511	-1
9512	-1
9513	-1
9514	-1
9515	-1
9516	-1
9517	-1
9518	-1
9519	-1
9520	-1
9521	-1
9522	-1
9523	-1
9524	-1
9525	-1
9526	-1
9527	-1
9528	-1
9529	-1
9530	-1
9531	-1
9532	-1
9533	-1
9534	-1
9535	-1
9536	-1
9537	-1
9538	-1
9539	-1
9540	-1
9541	-1
9542	-1
9543	-1
9544	-1
9545	-1
9546	-1
9547	-1
9548	-1
9549	-1
9550	-1
9551	-1
9552	-1
9553	-1
9554	-1
9555	-1
9556	-1
9557	-1
9558	-1
9559	-1
9560	-1
9561	-1
9562	-1
9563	-1
9564	-1
9565	-1
9566	-1
9567	-1
9568	-1
9569	-1
9570	-1
9571	-1
9572	-1
9573	-1
9574	-1
9575	-1
9576	-1
9577	-1
9578	-1
9579	-1
9580	-1
9581	-1
9582	-1
9583	-1
9584	-1
9585	-1
9586	-1
9587	-1
9588	-1
9589	-1
9590	-1
9591	-1
9592	-1
9593	-1
9594	-1
9595	-1
9596	-1
9597	-1
9598	-1
9599	-1
9600	-1
9601	-1
9602	-1
9603	-1
9604	-1
9605	-1
9606	-1
9607	-1
9608	-1
9609	-1
9610	-1
9611	-1
9612	-1
9613	-1
9614	-1
9615	-1
9616	-1
9617	-1
9618	-1
9619	-1
9620	-1
9621	-1
9622	-1
9623	-1
9624	-1
9625	-1
9626	-1
9627	-1
9628	-1
9629	-1
9630	-1
9631	-1
9632	-1
9633	-1
9634	-1
9635	-1
9636	-1
9637	-1
9638	-1
9639	-1
9640	-1
9641	-1
9642	-1
9643	-1
9644	-1
9645	-1
9646	-1
9647	-1
9648	-1
9649	-1
9650	-1
9651	-1
9652	-1
9653	-1
9654	-1
9655	-1
9656	-1
9657	-1
9658	-1
9659	-1
9660	-1
9661	-1
9662	-1
9663	-1
9664	-1
9665	-1
9666	-1
9667	-1
9668	-1
9669	-1
9670	-1
9671	-1
9672	-1
9673	-1
9674	-1
9675	-1
9676	-1
9677	-1
9678	-1
9679	-1
9680	-1
9681	-1
9682	-1
9683	-1
9684	-1
9685	-1
9686	-1
9687	-1
9688	-1
9689	-1
9690	-1
9691	-1
9692	-1
9693	-1
9694	-1
9695	-1
9696	-1
9697	-1
9698	-1
9699	-1
9700	-1
9701	-1
9702	-1
9703	-1
9704	-1
9705	-1
9706	-1
9707	-1
9708	-1
9709	-1
9710	-1
9711	-1
9712	-1
9713	-1
9714	-1
9715	-1
9716	-1
9717	-1
9718	-1
9719	-1
9720	-1
9721	-1
9722	-1
9723	-1
9724	-1
9725	-1
9726	-1
9727	-1
9728	-1
9729	-1
9730	-1
9731	-1
9732	-1
9733	-1
9734	-1
9735	-1
9736	-1
9737	-1
9738	-1
9739	-1
9740	-1
9741	-1
9742	-1
9743	-1
9744	-1
9745	-1
9746	-1
9747	-1
9748	-1
9749	-1
9750	-1
9751	-1
9752	-1
9753	-1
9754	-1
9755	-1
9756	-1
9757	-1
9758	-1
9759	-1
9760	-1
9761	-1
9762	-1
9763	-1
9764	-1
9765	-1
9766	-1
9767	-1
9768	-1
9769	-1
9770	-1
9771	-1
9772	-1
9773	-1
9774	-1
9775	-1
9776	-1
9777	-1
9778	-1
9779	-1
9780	-1
9781	-1
9782	-1
9783	-1
9784	-1
9785	-1
9786	-1
9787	-1
9788	-1
9789	-1
9790	-1
9791	-1
9792	-1
9793	-1
9794	-1
9795	-1
9796	-1
9797	-1
9798	-1
9799	-1
9800	-1
9801	-1
9802	-1
9803	-1
9804	-1
9805	-1
9806	-1
9807	-1
9808	-1
9809	-1
9810	-1
9811	-1
9812	-1
9813	-1
9814	-1
9815	-1
9816	-1
9817	-1
9818	-1
9819	-1
9820	-1
9821	-1
9822	-1
9823	-1
9824	-1
9825	-1
9826	-1
9827	-1
9828	-1
9829	-1
9830	-1
9831	-1
9832	-1
9833	-1
9834	-1
9835	-1
9836	-1
9837	-1
9838	-1
9839	-1
9840	-1
9841	-1
9842	-1
9843	-1
9844	-1
9845	-1
9846	-1
9847	-1
9848	-1
9849	-1
9850	-1
9851	-1
9852	-1
9853	-1
9854	-1
9855	-1
9856	-1
9857	-1
9858	-1
9859	-1
9860	-1
9861	-1
9862	-1
9863	-1
9864	-1
9865	-1
9866	-1
9867	-1
9868	-1
9869	-1
9870	-1
9871	-1
9872	-1
9873	-1
9874	-1
9875	-1
9876	-1
9877	-1
9878	-1
9879	-1
9880	-1
9881	-1
9882	-1
9883	-1
9884	-1
9885	-1
9886	-1
9887	-1
9888	-1
9889	-1
9890	-1
9891	-1
9892	-1
9893	-1
9894	-1
9895	-1
9896	-1
9897	-1
9898	-1
9899	-1
9900	-1
9901	-1
9902	-1
9903	-1
9904	-1
9905	-1
9906	-1
9907	-1
9908	-1
9909	-1
9910	-1
9911	-1
9912	-1
9913	-1
9914	-1
9915	-1
9916	-1
9917	-1
9918	-1
9919	-1
9920	-1
9921	-1
9922	-1
9923	-1
9924	-1
9925	-1
9926	-1
9927	-1
9928	-1
9929	-1
9930	-1
9931	-1
9932	-1
9933	-1
9934	-1
9935	-1
9936	-1
9937	-1
9938	-1
9939	-1
9940	-1
9941	-1
9942	-1
9943	-1
9944	-1
9945	-1
9946	-1
9947	-1
9948	-1
9949	-1
9950	-1
9951	-1
9952	-1
9953	-1
9954	-1
9955	-1
9956	-1
9957	-1
9958	-1
9959	-1
9960	-1
9961	-1
9962	-1
9963	-1
9964	-1
9965	-1
9966	-1
9967	-1
9968	-1
9969	-1
9970	-1
9971	-1
9972	-1
9973	-1
9974	-1
9975	-1
9976	-1
9977	-1
9978	-1
9979	-1
9980	-1
9981	-1
9982	-1
9983	-1
9984	-1
9985	-1
9986	-1
9987	-1
9988	-1
9989	-1
9990	-1
9991	-1
9992	-1
9993	-1
9994	-1
9995	-1
9996	-1
9997	-1
9998	-1
9999	-1
