0	1008431
1	1010595
2	1012759
3	1014923
4	1017087
5	1019251
6	1021415
7	1023579
8	1025743
9	1027907
10	1030071
11	1032235
12	1034399
13	1036563
14	1038727
15	1040891
16	1043055
17	1045219
18	1047383
19	1049547
20	1051711
21	1053875
22	1056039
23	1058203
24	1060367
25	1062531
26	1064695
27	1066859
28	1069023
29	1071187
30	1073351
31	1075515
32	1077679
33	1079843
34	1082007
35	1084171
36	1086335
37	1088499
38	1090663
39	1092827
40	1094991
41	1097155
42	1099319
43	1101483
44	1103647
45	1105811
46	1107975
47	1110139
48	1112303
49	1114467
50	1116631
51	1118795
52	1120959
53	1123123
54	1125287
55	1127451
56	1129615
57	1131779
58	1133943
59	1136107
60	1138271
61	1140435
62	1142599
63	1144763
64	1146927
65	1149091
66	1151255
67	1153419
68	1155583
69	1157747
70	1159911
71	1162075
72	1164239
73	1166403
74	1168567
75	1170731
76	1172895
77	1175059
78	1177223
79	1179387
80	1181551
81	1183715
82	1185879
83	1188043
84	1190207
85	1192371
86	1194535
87	1196699
88	1198863
89	1201027
90	1203191
91	1205355
92	1207519
93	1209683
94	1211847
95	1214011
96	1216175
97	1218339
98	1220503
99	1222667
100	1224831
101	1226995
102	1229159
103	1231323
104	1233487
105	1235651
106	1237815
107	1239979
108	1242143
109	1244307
110	1246471
111	1248635
112	-1
113	1250799
114	-1
115	1252963
116	-1
117	-1
118	1255127
119	-1
120	1257291
121	-1
122	1259455
123	-1
124	1261619
125	-1
126	1263783
127	-1
128	1265947
129	-1
130	-1
131	1268111
132	-1
133	1270275
134	-1
135	1272439
136	-1
137	1274603
138	-1
139	1276767
140	-1
141	1278931
142	-1
143	-1
144	1281095
145	-1
146	1283259
147	-1
148	1285423
149	-1
150	1287587
151	-1
152	1289751
153	-1
154	1291915
155	-1
156	1294079
157	-1
158	-1
159	1296243
160	-1
161	1298407
162	-1
163	1300571
164	-1
165	1302735
166	-1
167	1304899
168	-1
169	1307063
170	-1
171	-1
172	1309227
173	-1
174	1311391
175	-1
176	1313555
177	-1
178	1315719
179	-1
180	1317883
181	-1
182	1320047
183	-1
184	-1
185	1322211
186	-1
187	1324375
188	-1
189	1326539
190	-1
191	1328703
192	-1
193	1330867
194	-1
195	1333031
196	-1
197	-1
198	1335195
199	-1
200	1337359
201	-1
202	1339523
203	-1
204	1341687
205	-1
206	1343851
207	-1
208	1346015
209	-1
210	-1
211	1348179
212	-1
213	1350343
214	-1
215	1352507
216	-1
217	1354671
218	-1
219	1356835
220	-1
221	1358999
222	-1
223	-1
224	1361163
225	-1
226	1363327
227	-1
228	1365491
229	-1
230	1367655
231	-1
232	1369819
233	-1
234	1371983
235	-1
236	-1
237	1374147
238	-1
239	1376311
240	-1
241	1378475
242	-1
243	1380639
244	-1
245	1382803
246	-1
247	1384967
248	-1
249	-1
250	1387131
251	-1
252	1389295
253	-1
254	1391459
255	-1
256	1393623
257	-1
258	1395787
259	-1
260	1397951
261	-1
262	-1
263	1400115
264	-1
265	1402279
266	-1
267	1404443
268	-1
269	1406607
270	-1
271	1408771
272	-1
273	1410935
274	-1
275	-1
276	1413099
277	-1
278	1415263
279	-1
280	1417427
281	-1
282	1419591
283	-1
284	1421755
285	-1
286	1423919
287	-1
288	1426083
289	-1
290	-1
291	1428247
292	-1
293	1430411
294	-1
295	1432575
296	-1
297	1434739
298	-1
299	1436903
300	-1
301	1439067
302	-1
303	-1
304	1441231
305	-1
306	1443395
307	-1
308	1445559
309	-1
310	1447723
311	-1
312	1449887
313	-1
314	1452051
315	-1
316	-1
317	1454215
318	-1
319	1456379
320	-1
321	1458543
322	-1
323	1460707
324	-1
325	1462871
326	-1
327	1465035
328	-1
329	-1
330	1467199
331	-1
332	1469363
333	-1
334	1471527
335	-1
336	1473691
337	-1
338	1475855
339	-1
340	1478019
341	-1
342	-1
343	1480183
344	-1
345	1482347
346	-1
347	1484511
348	-1
349	1486675
350	-1
351	1488839
352	-1
353	1491003
354	-1
355	-1
356	1493167
357	-1
358	1495331
359	-1
360	1497495
361	-1
362	1499659
363	-1
364	1501823
365	-1
366	1503987
367	-1
368	-1
369	1506151
370	-1
371	1508315
372	-1
373	1510479
374	-1
375	1512643
376	-1
377	1514807
378	-1
379	1516971
380	-1
381	-1
382	1519135
383	-1
384	1521299
385	-1
386	1523463
387	-1
388	1525627
389	-1
390	1527791
391	-1
392	1529955
393	-1
394	-1
395	1532119
396	-1
397	1534283
398	-1
399	1536447
400	-1
401	1538611
402	-1
403	1540775
404	-1
405	1542939
406	-1
407	-1
408	1545103
409	-1
410	1547267
411	-1
412	1549431
413	-1
414	1551595
415	-1
416	1553759
417	-1
418	1555923
419	-1
420	1558087
421	-1
422	-1
423	1560251
424	-1
425	1562415
426	-1
427	1564579
428	-1
429	1566743
430	-1
431	1568907
432	-1
433	1571071
434	-1
435	-1
436	1573235
437	-1
438	1575399
439	-1
440	1577563
441	-1
442	1579727
443	-1
444	1581891
445	-1
446	1584055
447	-1
448	-1
449	1586219
450	-1
451	1588383
452	-1
453	1590547
454	-1
455	1592711
456	-1
457	1594875
458	-1
459	1597039
460	-1
461	-1
462	1599203
463	-1
464	1601367
465	-1
466	1603531
467	-1
468	1605695
469	-1
470	1607859
471	-1
472	1610023
473	-1
474	-1
475	1612187
476	-1
477	1614351
478	-1
479	1616515
480	-1
481	1618679
482	-1
483	1620843
484	-1
485	1623007
486	-1
487	-1
488	1625171
489	-1
490	1627335
491	-1
492	1629499
493	-1
494	1631663
495	-1
496	1633827
497	-1
498	1635991
499	-1
500	-1
501	1638155
502	-1
503	1640319
504	-1
505	1642483
506	-1
507	1644647
508	-1
509	1646811
510	-1
511	1648975
512	-1
513	-1
514	1651139
515	-1
516	1653303
517	-1
518	1655467
519	-1
520	1657631
521	-1
522	1659795
523	-1
524	1661959
525	-1
526	-1
527	1664123
528	-1
529	1666287
530	-1
531	1668451
532	-1
533	1670615
534	-1
535	1672779
536	-1
537	1674943
538	-1
539	-1
540	1677107
541	-1
542	1679271
543	-1
544	1681435
545	-1
546	1683599
547	-1
548	1685763
549	-1
550	1687927
551	-1
552	-1
553	1690091
554	-1
555	1692255
556	-1
557	1694419
558	-1
559	1696583
560	-1
561	1698747
562	-1
563	1700911
564	-1
565	1703075
566	-1
567	-1
568	1705239
569	-1
570	1707403
571	-1
572	1709567
573	-1
574	1711731
575	-1
576	1713895
577	-1
578	1716059
579	-1
580	-1
581	1718223
582	-1
583	1720387
584	-1
585	1722551
586	-1
587	1724715
588	-1
589	1726879
590	-1
591	1729043
592	-1
593	-1
594	1731207
595	-1
596	1733371
597	-1
598	1735535
599	-1
600	1737699
601	-1
602	1739863
603	-1
604	1742027
605	-1
606	-1
607	1744191
608	-1
609	1746355
610	-1
611	1748519
612	-1
613	1750683
614	-1
615	1752847
616	-1
617	1755011
618	-1
619	-1
620	1757175
621	-1
622	1759339
623	-1
624	1761503
625	-1
626	1763667
627	-1
628	1765831
629	-1
630	1767995
631	-1
632	-1
633	1770159
634	-1
635	1772323
636	-1
637	1774487
638	-1
639	1776651
640	-1
641	1778815
642	-1
643	1780979
644	-1
645	-1
646	1783143
647	-1
648	1785307
649	-1
650	1787471
651	-1
652	1789635
653	-1
654	1791799
655	-1
656	1793963
657	-1
658	-1
659	1796127
660	-1
661	1798291
662	-1
663	1800455
664	-1
665	1802619
666	-1
667	1804783
668	-1
669	1806947
670	-1
671	-1
672	1809111
673	-1
674	1811275
675	-1
676	1813439
677	-1
678	1815603
679	-1
680	1817767
681	-1
682	1819931
683	-1
684	-1
685	1822095
686	-1
687	1824259
688	-1
689	1826423
690	-1
691	1828587
692	-1
693	1830751
694	-1
695	1832915
696	-1
697	1835079
698	-1
699	-1
700	1837243
701	-1
702	1839407
703	-1
704	1841571
705	-1
706	1843735
707	-1
708	1845899
709	-1
710	1848063
711	-1
712	-1
713	1850227
714	-1
715	1852391
716	-1
717	1854555
718	-1
719	1856719
720	-1
721	1858883
722	-1
723	1861047
724	-1
725	-1
726	1863211
727	-1
728	1865375
729	-1
730	1867539
731	-1
732	1869703
733	-1
734	1871867
735	-1
736	1874031
737	-1
738	-1
739	1876195
740	-1
741	1878359
742	-1
743	1880523
744	-1
745	1882687
746	-1
747	1884851
748	-1
749	1887015
750	-1
751	-1
752	1889179
753	-1
754	1891343
755	-1
756	1893507
757	-1
758	1895671
759	-1
760	1897835
761	-1
762	1899999
763	-1
764	-1
765	1902163
766	-1
767	1904327
768	-1
769	1906491
770	-1
771	1908655
772	-1
773	1910819
774	-1
775	1912983
776	-1
777	-1
778	1915147
779	-1
780	1917311
781	-1
782	1919475
783	-1
784	1921639
785	-1
786	1923803
787	-1
788	1925967
789	-1
790	-1
791	1928131
792	-1
793	1930295
794	-1
795	1932459
796	-1
797	1934623
798	-1
799	1936787
800	-1
801	1938951
802	-1
803	-1
804	1941115
805	-1
806	1943279
807	-1
808	1945443
809	-1
810	1947607
811	-1
812	1949771
813	-1
814	1951935
815	-1
816	-1
817	1954099
818	-1
819	1956263
820	-1
821	1958427
822	-1
823	1960591
824	-1
825	1962755
826	-1
827	1964919
828	-1
829	1967083
830	-1
831	-1
832	1969247
833	-1
834	1971411
835	-1
836	1973575
837	-1
838	1975739
839	-1
840	1977903
841	-1
842	1980067
843	-1
844	-1
845	1982231
846	-1
847	1984395
848	-1
849	1986559
850	-1
851	1988723
852	-1
853	1990887
854	-1
855	1993051
856	-1
857	-1
858	1995215
859	-1
860	1997379
861	-1
862	1999543
863	-1
864	2001707
865	-1
866	2003871
867	-1
868	2006035
869	-1
870	-1
871	2008199
872	-1
873	2010363
874	-1
875	2012527
876	-1
877	2014691
878	-1
879	2016855
880	-1
881	2019019
882	-1
883	-1
884	2021183
885	-1
886	2023347
887	-1
888	2025511
889	-1
890	2027675
891	-1
892	2029839
893	-1
894	2032003
895	-1
896	-1
897	2034167
898	-1
899	2036331
900	-1
901	2038495
902	-1
903	2040659
904	-1
905	2042823
906	-1
907	2044987
908	-1
909	-1
910	2047151
911	-1
912	2049315
913	-1
914	2051479
915	-1
916	2053643
917	-1
918	2055807
919	-1
920	2057971
921	-1
922	-1
923	2060135
924	-1
925	2062299
926	-1
927	2064463
928	-1
929	2066627
930	-1
931	2068791
932	-1
933	2070955
934	-1
935	-1
936	2073119
937	-1
938	2075283
939	-1
940	2077447
941	-1
942	2079611
943	-1
944	2081775
945	-1
946	2083939
947	-1
948	-1
949	2086103
950	-1
951	2088267
952	-1
953	2090431
954	-1
955	2092595
956	-1
957	2094759
958	-1
959	2096923
960	-1
961	2099087
962	-1
963	-1
964	2101251
965	-1
966	2103415
967	-1
968	2105579
969	-1
970	2107743
971	-1
972	2109907
973	-1
974	2112071
975	-1
976	-1
977	2114235
978	-1
979	2116399
980	-1
981	2118563
982	-1
983	2120727
984	-1
985	2122891
986	-1
987	2125055
988	-1
989	-1
990	2127219
991	-1
992	2129383
993	-1
994	2131547
995	-1
996	2133711
997	-1
998	2135875
999	-1
1000	2138039
1001	-1
1002	-1
1003	2140203
1004	-1
1005	2142367
1006	-1
1007	2144531
1008	-1
1009	2146695
1010	-1
1011	2148859
1012	-1
1013	2151023
1014	-1
1015	-1
1016	2153187
1017	-1
1018	2155351
1019	-1
1020	2157515
1021	-1
1022	2159679
1023	-1
1024	2161843
1025	-1
1026	2164007
1027	-1
1028	-1
1029	2166171
1030	-1
1031	2168335
1032	-1
1033	2170499
1034	-1
1035	2172663
1036	-1
1037	2174827
1038	-1
1039	2176991
1040	-1
1041	-1
1042	2179155
1043	-1
1044	2181319
1045	-1
1046	2183483
1047	-1
1048	2185647
1049	-1
1050	2187811
1051	-1
1052	2189975
1053	-1
1054	-1
1055	2192139
1056	-1
1057	2194303
1058	-1
1059	2196467
1060	-1
1061	2198631
1062	-1
1063	2200795
1064	-1
1065	2202959
1066	-1
1067	-1
1068	2205123
1069	-1
1070	2207287
1071	-1
1072	2209451
1073	-1
1074	2211615
1075	-1
1076	2213779
1077	-1
1078	2215943
1079	-1
1080	-1
1081	2218107
1082	-1
1083	2220271
1084	-1
1085	2222435
1086	-1
1087	2224599
1088	-1
1089	2226763
1090	-1
1091	2228927
1092	-1
1093	-1
1094	2231091
1095	-1
1096	2233255
1097	-1
1098	2235419
1099	-1
1100	2237583
1101	-1
1102	2239747
1103	-1
1104	2241911
1105	-1
1106	2244075
1107	-1
1108	-1
1109	2246239
1110	-1
1111	2248403
1112	-1
1113	2250567
1114	-1
1115	2252731
1116	-1
1117	2254895
1118	-1
1119	2257059
1120	-1
1121	-1
1122	2259223
1123	-1
1124	2261387
1125	-1
1126	2263551
1127	-1
1128	2265715
1129	-1
1130	2267879
1131	-1
1132	2270043
1133	-1
1134	-1
1135	2272207
1136	-1
1137	2274371
1138	-1
1139	2276535
1140	-1
1141	2278699
1142	-1
1143	2280863
1144	-1
1145	2283027
1146	-1
1147	-1
1148	2285191
1149	-1
1150	2287355
1151	-1
1152	2289519
1153	-1
1154	2291683
1155	-1
1156	2293847
1157	-1
1158	2296011
1159	-1
1160	-1
1161	2298175
1162	-1
1163	2300339
1164	-1
1165	2302503
1166	-1
1167	2304667
1168	-1
1169	2306831
1170	-1
1171	2308995
1172	-1
1173	-1
1174	2311159
1175	-1
1176	2313323
1177	-1
1178	2315487
1179	-1
1180	2317651
1181	-1
1182	2319815
1183	-1
1184	2321979
1185	-1
1186	-1
1187	2324143
1188	-1
1189	2326307
1190	-1
1191	2328471
1192	-1
1193	2330635
1194	-1
1195	2332799
1196	-1
1197	2334963
1198	-1
1199	-1
1200	2337127
1201	-1
1202	2339291
1203	-1
1204	2341455
1205	-1
1206	2343619
1207	-1
1208	2345783
1209	-1
1210	2347947
1211	-1
1212	-1
1213	2350111
1214	-1
1215	2352275
1216	-1
1217	2354439
1218	-1
1219	2356603
1220	-1
1221	2358767
1222	-1
1223	2360931
1224	-1
1225	-1
1226	2363095
1227	-1
1228	2365259
1229	-1
1230	2367423
1231	-1
1232	2369587
1233	-1
1234	2371751
1235	-1
1236	2373915
1237	-1
1238	2376079
1239	-1
1240	-1
1241	2378243
1242	-1
1243	2380407
1244	-1
1245	2382571
1246	-1
1247	2384735
1248	-1
1249	2386899
1250	-1
1251	2389063
1252	-1
1253	-1
1254	2391227
1255	-1
1256	2393391
1257	-1
1258	2395555
1259	-1
1260	2397719
1261	-1
1262	2399883
1263	-1
1264	2402047
1265	-1
1266	-1
1267	2404211
1268	-1
1269	2406375
1270	-1
1271	2408539
1272	-1
1273	2410703
1274	-1
1275	2412867
1276	-1
1277	2415031
1278	-1
1279	-1
1280	2417195
1281	-1
1282	2419359
1283	-1
1284	2421523
1285	-1
1286	2423687
1287	-1
1288	2425851
1289	-1
1290	2428015
1291	-1
1292	-1
1293	2430179
1294	-1
1295	2432343
1296	-1
1297	2434507
1298	-1
1299	2436671
1300	-1
1301	2438835
1302	-1
1303	2440999
1304	-1
1305	-1
1306	2443163
1307	-1
1308	2445327
1309	-1
1310	2447491
1311	-1
1312	2449655
1313	-1
1314	2451819
1315	-1
1316	2453983
1317	-1
1318	-1
1319	2456147
1320	-1
1321	2458311
1322	-1
1323	2460475
1324	-1
1325	2462639
1326	-1
1327	2464803
1328	-1
1329	2466967
1330	-1
1331	-1
1332	2469131
1333	-1
1334	2471295
1335	-1
1336	2473459
1337	-1
1338	2475623
1339	-1
1340	2477787
1341	-1
1342	2479951
1343	-1
1344	-1
1345	2482115
1346	-1
1347	2484279
1348	-1
1349	2486443
1350	-1
1351	2488607
1352	-1
1353	2490771
1354	-1
1355	2492935
1356	-1
1357	-1
1358	2495099
1359	-1
1360	2497263
1361	-1
1362	2499427
1363	-1
1364	2501591
1365	-1
1366	2503755
1367	-1
1368	2505919
1369	-1
1370	2508083
1371	-1
1372	-1
1373	2510247
1374	-1
1375	2512411
1376	-1
1377	2514575
1378	-1
1379	2516739
1380	-1
1381	2518903
1382	-1
1383	2521067
1384	-1
1385	-1
1386	2523231
1387	-1
1388	2525395
1389	-1
1390	2527559
1391	-1
1392	2529723
1393	-1
1394	2531887
1395	-1
1396	2534051
1397	-1
1398	-1
1399	2536215
1400	-1
1401	2538379
1402	-1
1403	2540543
1404	-1
1405	2542707
1406	-1
1407	2544871
1408	-1
1409	2547035
1410	-1
1411	-1
1412	2549199
1413	-1
1414	2551363
1415	-1
1416	2553527
1417	-1
1418	2555691
1419	-1
1420	2557855
1421	-1
1422	2560019
1423	-1
1424	-1
1425	2562183
1426	-1
1427	2564347
1428	-1
1429	2566511
1430	-1
1431	2568675
1432	-1
1433	2570839
1434	-1
1435	2573003
1436	-1
1437	-1
1438	2575167
1439	-1
1440	2577331
1441	-1
1442	2579495
1443	-1
1444	2581659
1445	-1
1446	2583823
1447	-1
1448	2585987
1449	-1
1450	-1
1451	2588151
1452	-1
1453	2590315
1454	-1
1455	2592479
1456	-1
1457	2594643
1458	-1
1459	2596807
1460	-1
1461	2598971
1462	-1
1463	-1
1464	2601135
1465	-1
1466	2603299
1467	-1
1468	2605463
1469	-1
1470	2607627
1471	-1
1472	2609791
1473	-1
1474	2611955
1475	-1
1476	-1
1477	2614119
1478	-1
1479	2616283
1480	-1
1481	2618447
1482	-1
1483	2620611
1484	-1
1485	2622775
1486	-1
1487	2624939
1488	-1
1489	-1
1490	2627103
1491	-1
1492	2629267
1493	-1
1494	2631431
1495	-1
1496	2633595
1497	-1
1498	2635759
1499	-1
1500	2637923
1501	-1
1502	2640087
1503	-1
1504	-1
1505	2642251
1506	-1
1507	2644415
1508	-1
1509	2646579
1510	-1
1511	2648743
1512	-1
1513	2650907
1514	-1
1515	2653071
1516	-1
1517	-1
1518	2655235
1519	-1
1520	2657399
1521	-1
1522	2659563
1523	-1
1524	2661727
1525	-1
1526	2663891
1527	-1
1528	2666055
1529	-1
1530	-1
1531	2668219
1532	-1
1533	2670383
1534	-1
1535	2672547
1536	-1
1537	2674711
1538	-1
1539	2676875
1540	-1
1541	2679039
1542	-1
1543	-1
1544	2681203
1545	-1
1546	2683367
1547	-1
1548	2685531
1549	-1
1550	2687695
1551	-1
1552	2689859
1553	-1
1554	2692023
1555	-1
1556	-1
1557	2694187
1558	-1
1559	2696351
1560	-1
1561	2698515
1562	-1
1563	2700679
1564	-1
1565	2702843
1566	-1
1567	2705007
1568	-1
1569	-1
1570	2707171
1571	-1
1572	2709335
1573	-1
1574	2711499
1575	-1
1576	2713663
1577	-1
1578	2715827
1579	-1
1580	2717991
1581	-1
1582	-1
1583	2720155
1584	-1
1585	2722319
1586	-1
1587	2724483
1588	-1
1589	2726647
1590	-1
1591	2728811
1592	-1
1593	2730975
1594	-1
1595	-1
1596	2733139
1597	-1
1598	2735303
1599	-1
1600	2737467
1601	-1
1602	2739631
1603	-1
1604	2741795
1605	-1
1606	2743959
1607	-1
1608	-1
1609	2746123
1610	-1
1611	2748287
1612	-1
1613	2750451
1614	-1
1615	2752615
1616	-1
1617	2754779
1618	-1
1619	2756943
1620	-1
1621	-1
1622	2759107
1623	-1
1624	2761271
1625	-1
1626	2763435
1627	-1
1628	2765599
1629	-1
1630	2767763
1631	-1
1632	2769927
1633	-1
1634	-1
1635	2772091
1636	-1
1637	2774255
1638	-1
1639	2776419
1640	-1
1641	2778583
1642	-1
1643	2780747
1644	-1
1645	2782911
1646	-1
1647	2785075
1648	-1
1649	-1
1650	2787239
1651	-1
1652	2789403
1653	-1
1654	2791567
1655	-1
1656	2793731
1657	-1
1658	2795895
1659	-1
1660	2798059
1661	-1
1662	-1
1663	2800223
1664	-1
1665	2802387
1666	-1
1667	2804551
1668	-1
1669	2806715
1670	-1
1671	2808879
1672	-1
1673	2811043
1674	-1
1675	-1
1676	2813207
1677	-1
1678	2815371
1679	-1
1680	2817535
1681	-1
1682	2819699
1683	-1
1684	2821863
1685	-1
1686	2824027
1687	-1
1688	-1
1689	2826191
1690	-1
1691	2828355
1692	-1
1693	2830519
1694	-1
1695	2832683
1696	-1
1697	2834847
1698	-1
1699	2837011
1700	-1
1701	-1
1702	2839175
1703	-1
1704	2841339
1705	-1
1706	2843503
1707	-1
1708	2845667
1709	-1
1710	2847831
1711	-1
1712	2849995
1713	-1
1714	-1
1715	2852159
1716	-1
1717	2854323
1718	-1
1719	2856487
1720	-1
1721	2858651
1722	-1
1723	2860815
1724	-1
1725	2862979
1726	-1
1727	-1
1728	2865143
1729	-1
1730	2867307
1731	-1
1732	2869471
1733	-1
1734	2871635
1735	-1
1736	2873799
1737	-1
1738	2875963
1739	-1
1740	-1
1741	2878127
1742	-1
1743	2880291
1744	-1
1745	2882455
1746	-1
1747	2884619
1748	-1
1749	2886783
1750	-1
1751	2888947
1752	-1
1753	-1
1754	2891111
1755	-1
1756	2893275
1757	-1
1758	2895439
1759	-1
1760	2897603
1761	-1
1762	2899767
1763	-1
1764	2901931
1765	-1
1766	-1
1767	2904095
1768	-1
1769	2906259
1770	-1
1771	2908423
1772	-1
1773	2910587
1774	-1
1775	2912751
1776	-1
1777	2914915
1778	-1
1779	2917079
1780	-1
1781	-1
1782	2919243
1783	-1
1784	2921407
1785	-1
1786	2923571
1787	-1
1788	2925735
1789	-1
1790	2927899
1791	-1
1792	2930063
1793	-1
1794	-1
1795	2932227
1796	-1
1797	2934391
1798	-1
1799	2936555
1800	-1
1801	2938719
1802	-1
1803	2940883
1804	-1
1805	2943047
1806	-1
1807	-1
1808	2945211
1809	-1
1810	2947375
1811	-1
1812	2949539
1813	-1
1814	2951703
1815	-1
1816	2953867
1817	-1
1818	2956031
1819	-1
1820	-1
1821	2958195
1822	-1
1823	2960359
1824	-1
1825	2962523
1826	-1
1827	2964687
1828	-1
1829	2966851
1830	-1
1831	2969015
1832	-1
1833	-1
1834	2971179
1835	-1
1836	2973343
1837	-1
1838	2975507
1839	-1
1840	2977671
1841	-1
1842	2979835
1843	-1
1844	2981999
1845	-1
1846	-1
1847	2984163
1848	-1
1849	2986327
1850	-1
1851	2988491
1852	-1
1853	2990655
1854	-1
1855	2992819
1856	-1
1857	2994983
1858	-1
1859	-1
1860	2997147
1861	-1
1862	2999311
1863	-1
1864	3001475
1865	-1
1866	3003639
1867	-1
1868	3005803
1869	-1
1870	3007967
1871	-1
1872	-1
1873	3010131
1874	-1
1875	3012295
1876	-1
1877	3014459
1878	-1
1879	3016623
1880	-1
1881	3018787
1882	-1
1883	3020951
1884	-1
1885	-1
1886	3023115
1887	-1
1888	3025279
1889	-1
1890	3027443
1891	-1
1892	3029607
1893	-1
1894	3031771
1895	-1
1896	3033935
1897	-1
1898	-1
1899	3036099
1900	-1
1901	3038263
1902	-1
1903	3040427
1904	-1
1905	3042591
1906	-1
1907	3044755
1908	-1
1909	3046919
1910	-1
1911	3049083
1912	-1
1913	-1
1914	3051247
1915	-1
1916	3053411
1917	-1
1918	3055575
1919	-1
1920	3057739
1921	-1
1922	3059903
1923	-1
1924	3062067
1925	-1
1926	-1
1927	3064231
1928	-1
1929	3066395
1930	-1
1931	3068559
1932	-1
1933	3070723
1934	-1
1935	3072887
1936	-1
1937	3075051
1938	-1
1939	-1
1940	3077215
1941	-1
1942	3079379
1943	-1
1944	3081543
1945	-1
1946	3083707
1947	-1
1948	3085871
1949	-1
1950	3088035
1951	-1
1952	-1
1953	3090199
1954	-1
1955	3092363
1956	-1
1957	3094527
1958	-1
1959	3096691
1960	-1
1961	3098855
1962	-1
1963	3101019
1964	-1
1965	-1
1966	3103183
1967	-1
1968	3105347
1969	-1
1970	3107511
1971	-1
1972	3109675
1973	-1
1974	3111839
1975	-1
1976	3114003
1977	-1
1978	-1
1979	3116167
1980	-1
1981	3118331
1982	-1
1983	3120495
1984	-1
1985	3122659
1986	-1
1987	3124823
1988	-1
1989	3126987
1990	-1
1991	-1
1992	3129151
1993	-1
1994	3131315
1995	-1
1996	3133479
1997	-1
1998	3135643
1999	-1
2000	3137807
2001	-1
2002	3139971
2003	-1
2004	-1
2005	3142135
2006	-1
2007	3144299
2008	-1
2009	3146463
2010	-1
2011	3148627
2012	-1
2013	3150791
2014	-1
2015	3152955
2016	-1
2017	-1
2018	3155119
2019	-1
2020	3157283
2021	-1
2022	3159447
2023	-1
2024	3161611
2025	-1
2026	3163775
2027	-1
2028	3165939
2029	-1
2030	-1
2031	3168103
2032	-1
2033	3170267
2034	-1
2035	3172431
2036	-1
2037	3174595
2038	-1
2039	3176759
2040	-1
2041	3178923
2042	-1
2043	3181087
2044	-1
2045	-1
2046	3183251
2047	-1
2048	3185415
2049	-1
2050	3187579
2051	-1
2052	3189743
2053	-1
2054	3191907
2055	-1
2056	3194071
2057	-1
2058	-1
2059	3196235
2060	-1
2061	3198399
2062	-1
2063	3200563
2064	-1
2065	3202727
2066	-1
2067	3204891
2068	-1
2069	3207055
2070	-1
2071	-1
2072	3209219
2073	-1
2074	3211383
2075	-1
2076	3213547
2077	-1
2078	3215711
2079	-1
2080	3217875
2081	-1
2082	3220039
2083	-1
2084	-1
2085	3222203
2086	-1
2087	3224367
2088	-1
2089	3226531
2090	-1
2091	3228695
2092	-1
2093	3230859
2094	-1
2095	3233023
2096	-1
2097	-1
2098	3235187
2099	-1
2100	3237351
2101	-1
2102	3239515
2103	-1
2104	3241679
2105	-1
2106	3243843
2107	-1
2108	3246007
2109	-1
2110	-1
2111	3248171
2112	-1
2113	3250335
2114	-1
2115	3252499
2116	-1
2117	3254663
2118	-1
2119	3256827
2120	-1
2121	3258991
2122	-1
2123	-1
2124	3261155
2125	-1
2126	3263319
2127	-1
2128	3265483
2129	-1
2130	3267647
2131	-1
2132	3269811
2133	-1
2134	3271975
2135	-1
2136	-1
2137	3274139
2138	-1
2139	3276303
2140	-1
2141	3278467
2142	-1
2143	3280631
2144	-1
2145	3282795
2146	-1
2147	3284959
2148	-1
2149	-1
2150	3287123
2151	-1
2152	3289287
2153	-1
2154	3291451
2155	-1
2156	3293615
2157	-1
2158	3295779
2159	-1
2160	3297943
2161	-1
2162	-1
2163	3300107
2164	-1
2165	3302271
2166	-1
2167	3304435
2168	-1
2169	3306599
2170	-1
2171	3308763
2172	-1
2173	3310927
2174	-1
2175	-1
2176	3313091
2177	-1
2178	3315255
2179	-1
2180	3317419
2181	-1
2182	3319583
2183	-1
2184	3321747
2185	-1
2186	3323911
2187	-1
2188	3326075
2189	-1
2190	-1
2191	3328239
2192	-1
2193	3330403
2194	-1
2195	3332567
2196	-1
2197	3334731
2198	-1
2199	3336895
2200	-1
2201	3339059
2202	-1
2203	-1
2204	3341223
2205	-1
2206	3343387
2207	-1
2208	3345551
2209	-1
2210	3347715
2211	-1
2212	3349879
2213	-1
2214	3352043
2215	-1
2216	-1
2217	3354207
2218	-1
2219	3356371
2220	-1
2221	3358535
2222	-1
2223	3360699
2224	-1
2225	3362863
2226	-1
2227	3365027
2228	-1
2229	-1
2230	3367191
2231	-1
2232	3369355
2233	-1
2234	3371519
2235	-1
2236	3373683
2237	-1
2238	3375847
2239	-1
2240	3378011
2241	-1
2242	-1
2243	3380175
2244	-1
2245	3382339
2246	-1
2247	3384503
2248	-1
2249	3386667
2250	-1
2251	3388831
2252	-1
2253	3390995
2254	-1
2255	-1
2256	3393159
2257	-1
2258	3395323
2259	-1
2260	3397487
2261	-1
2262	3399651
2263	-1
2264	3401815
2265	-1
2266	3403979
2267	-1
2268	-1
2269	3406143
2270	-1
2271	3408307
2272	-1
2273	3410471
2274	-1
2275	3412635
2276	-1
2277	3414799
2278	-1
2279	3416963
2280	-1
2281	-1
2282	3419127
2283	-1
2284	3421291
2285	-1
2286	3423455
2287	-1
2288	3425619
2289	-1
2290	3427783
2291	-1
2292	3429947
2293	-1
2294	-1
2295	3432111
2296	-1
2297	3434275
2298	-1
2299	3436439
2300	-1
2301	3438603
2302	-1
2303	3440767
2304	-1
2305	3442931
2306	-1
2307	-1
2308	3445095
2309	-1
2310	3447259
2311	-1
2312	3449423
2313	-1
2314	3451587
2315	-1
2316	3453751
2317	-1
2318	3455915
2319	-1
2320	3458079
2321	-1
2322	-1
2323	3460243
2324	-1
2325	3462407
2326	-1
2327	3464571
2328	-1
2329	3466735
2330	-1
2331	3468899
2332	-1
2333	3471063
2334	-1
2335	-1
2336	3473227
2337	-1
2338	3475391
2339	-1
2340	3477555
2341	-1
2342	3479719
2343	-1
2344	3481883
2345	-1
2346	3484047
2347	-1
2348	-1
2349	3486211
2350	-1
2351	3488375
2352	-1
2353	3490539
2354	-1
2355	3492703
2356	-1
2357	3494867
2358	-1
2359	3497031
2360	-1
2361	-1
2362	3499195
2363	-1
2364	3501359
2365	-1
2366	3503523
2367	-1
2368	3505687
2369	-1
2370	3507851
2371	-1
2372	3510015
2373	-1
2374	-1
2375	3512179
2376	-1
2377	3514343
2378	-1
2379	3516507
2380	-1
2381	3518671
2382	-1
2383	3520835
2384	-1
2385	3522999
2386	-1
2387	-1
2388	3525163
2389	-1
2390	3527327
2391	-1
2392	3529491
2393	-1
2394	3531655
2395	-1
2396	3533819
2397	-1
2398	3535983
2399	-1
2400	-1
2401	3538147
2402	-1
2403	3540311
2404	-1
2405	3542475
2406	-1
2407	3544639
2408	-1
2409	3546803
2410	-1
2411	3548967
2412	-1
2413	-1
2414	3551131
2415	-1
2416	3553295
2417	-1
2418	3555459
2419	-1
2420	3557623
2421	-1
2422	3559787
2423	-1
2424	3561951
2425	-1
2426	-1
2427	3564115
2428	-1
2429	3566279
2430	-1
2431	3568443
2432	-1
2433	3570607
2434	-1
2435	3572771
2436	-1
2437	3574935
2438	-1
2439	-1
2440	3577099
2441	-1
2442	3579263
2443	-1
2444	3581427
2445	-1
2446	3583591
2447	-1
2448	3585755
2449	-1
2450	3587919
2451	-1
2452	3590083
2453	-1
2454	-1
2455	3592247
2456	-1
2457	3594411
2458	-1
2459	3596575
2460	-1
2461	3598739
2462	-1
2463	3600903
2464	-1
2465	3603067
2466	-1
2467	-1
2468	3605231
2469	-1
2470	3607395
2471	-1
2472	3609559
2473	-1
2474	3611723
2475	-1
2476	3613887
2477	-1
2478	3616051
2479	-1
2480	-1
2481	3618215
2482	-1
2483	3620379
2484	-1
2485	3622543
2486	-1
2487	3624707
2488	-1
2489	3626871
2490	-1
2491	3629035
2492	-1
2493	-1
2494	3631199
2495	-1
2496	3633363
2497	-1
2498	3635527
2499	-1
2500	3637691
2501	-1
2502	3639855
2503	-1
2504	3642019
2505	-1
2506	-1
2507	3644183
2508	-1
2509	3646347
2510	-1
2511	3648511
2512	-1
2513	3650675
2514	-1
2515	3652839
2516	-1
2517	3655003
2518	-1
2519	-1
2520	3657167
2521	-1
2522	3659331
2523	-1
2524	3661495
2525	-1
2526	3663659
2527	-1
2528	3665823
2529	-1
2530	3667987
2531	-1
2532	-1
2533	3670151
2534	-1
2535	3672315
2536	-1
2537	3674479
2538	-1
2539	3676643
2540	-1
2541	3678807
2542	-1
2543	3680971
2544	-1
2545	-1
2546	3683135
2547	-1
2548	3685299
2549	-1
2550	3687463
2551	-1
2552	3689627
2553	-1
2554	3691791
2555	-1
2556	3693955
2557	-1
2558	-1
2559	3696119
2560	-1
2561	3698283
2562	-1
2563	3700447
2564	-1
2565	3702611
2566	-1
2567	3704775
2568	-1
2569	3706939
2570	-1
2571	-1
2572	3709103
2573	-1
2574	3711267
2575	-1
2576	3713431
2577	-1
2578	3715595
2579	-1
2580	3717759
2581	-1
2582	3719923
2583	-1
2584	3722087
2585	-1
2586	-1
2587	3724251
2588	-1
2589	3726415
2590	-1
2591	3728579
2592	-1
2593	3730743
2594	-1
2595	3732907
2596	-1
2597	3735071
2598	-1
2599	-1
2600	3737235
2601	-1
2602	3739399
2603	-1
2604	3741563
2605	-1
2606	3743727
2607	-1
2608	3745891
2609	-1
2610	3748055
2611	-1
2612	-1
2613	3750219
2614	-1
2615	3752383
2616	-1
2617	3754547
2618	-1
2619	3756711
2620	-1
2621	3758875
2622	-1
2623	3761039
2624	-1
2625	-1
2626	3763203
2627	-1
2628	3765367
2629	-1
2630	3767531
2631	-1
2632	3769695
2633	-1
2634	3771859
2635	-1
2636	3774023
2637	-1
2638	-1
2639	3776187
2640	-1
2641	3778351
2642	-1
2643	3780515
2644	-1
2645	3782679
2646	-1
2647	3784843
2648	-1
2649	3787007
2650	-1
2651	-1
2652	3789171
2653	-1
2654	3791335
2655	-1
2656	3793499
2657	-1
2658	3795663
2659	-1
2660	3797827
2661	-1
2662	3799991
2663	-1
2664	-1
2665	3802155
2666	-1
2667	3804319
2668	-1
2669	3806483
2670	-1
2671	3808647
2672	-1
2673	3810811
2674	-1
2675	3812975
2676	-1
2677	-1
2678	3815139
2679	-1
2680	3817303
2681	-1
2682	3819467
2683	-1
2684	3821631
2685	-1
2686	3823795
2687	-1
2688	3825959
2689	-1
2690	-1
2691	3828123
2692	-1
2693	3830287
2694	-1
2695	3832451
2696	-1
2697	3834615
2698	-1
2699	3836779
2700	-1
2701	3838943
2702	-1
2703	-1
2704	3841107
2705	-1
2706	3843271
2707	-1
2708	3845435
2709	-1
2710	3847599
2711	-1
2712	3849763
2713	-1
2714	3851927
2715	-1
2716	-1
2717	3854091
2718	-1
2719	3856255
2720	-1
2721	3858419
2722	-1
2723	3860583
2724	-1
2725	3862747
2726	-1
2727	3864911
2728	-1
2729	3867075
2730	-1
2731	-1
2732	3869239
2733	-1
2734	3871403
2735	-1
2736	3873567
2737	-1
2738	3875731
2739	-1
2740	3877895
2741	-1
2742	3880059
2743	-1
2744	-1
2745	3882223
2746	-1
2747	3884387
2748	-1
2749	3886551
2750	-1
2751	3888715
2752	-1
2753	3890879
2754	-1
2755	3893043
2756	-1
2757	-1
2758	3895207
2759	-1
2760	3897371
2761	-1
2762	3899535
2763	-1
2764	3901699
2765	-1
2766	3903863
2767	-1
2768	3906027
2769	-1
2770	-1
2771	3908191
2772	-1
2773	3910355
2774	-1
2775	3912519
2776	-1
2777	3914683
2778	-1
2779	3916847
2780	-1
2781	3919011
2782	-1
2783	-1
2784	3921175
2785	-1
2786	3923339
2787	-1
2788	3925503
2789	-1
2790	3927667
2791	-1
2792	3929831
2793	-1
2794	3931995
2795	-1
2796	-1
2797	3934159
2798	-1
2799	3936323
2800	-1
2801	3938487
2802	-1
2803	3940651
2804	-1
2805	3942815
2806	-1
2807	3944979
2808	-1
2809	-1
2810	3947143
2811	-1
2812	3949307
2813	-1
2814	3951471
2815	-1
2816	3953635
2817	-1
2818	3955799
2819	-1
2820	3957963
2821	-1
2822	-1
2823	3960127
2824	-1
2825	3962291
2826	-1
2827	3964455
2828	-1
2829	3966619
2830	-1
2831	3968783
2832	-1
2833	3970947
2834	-1
2835	-1
2836	3973111
2837	-1
2838	3975275
2839	-1
2840	3977439
2841	-1
2842	3979603
2843	-1
2844	3981767
2845	-1
2846	3983931
2847	-1
2848	-1
2849	3986095
2850	-1
2851	3988259
2852	-1
2853	3990423
2854	-1
2855	3992587
2856	-1
2857	3994751
2858	-1
2859	3996915
2860	-1
2861	3999079
2862	-1
2863	-1
2864	4001243
2865	-1
2866	4003407
2867	-1
2868	4005571
2869	-1
2870	4007735
2871	-1
2872	4009899
2873	-1
2874	4012063
2875	-1
2876	-1
2877	4014227
2878	-1
2879	4016391
2880	-1
2881	4018555
2882	-1
2883	4020719
2884	-1
2885	4022883
2886	-1
2887	4025047
2888	-1
2889	-1
2890	4027211
2891	-1
2892	4029375
2893	-1
2894	4031539
2895	-1
2896	4033703
2897	-1
2898	4035867
2899	-1
2900	4038031
2901	-1
2902	-1
2903	4040195
2904	-1
2905	4042359
2906	-1
2907	4044523
2908	-1
2909	4046687
2910	-1
2911	4048851
2912	-1
2913	4051015
2914	-1
2915	-1
2916	4053179
2917	-1
2918	4055343
2919	-1
2920	4057507
2921	-1
2922	4059671
2923	-1
2924	4061835
2925	-1
2926	4063999
2927	-1
2928	-1
2929	4066163
2930	-1
2931	4068327
2932	-1
2933	4070491
2934	-1
2935	4072655
2936	-1
2937	4074819
2938	-1
2939	4076983
2940	-1
2941	-1
2942	4079147
2943	-1
2944	4081311
2945	-1
2946	4083475
2947	-1
2948	4085639
2949	-1
2950	4087803
2951	-1
2952	4089967
2953	-1
2954	-1
2955	4092131
2956	-1
2957	4094295
2958	-1
2959	4096459
2960	-1
2961	4098623
2962	-1
2963	4100787
2964	-1
2965	4102951
2966	-1
2967	-1
2968	4105115
2969	-1
2970	4107279
2971	-1
2972	4109443
2973	-1
2974	4111607
2975	-1
2976	4113771
2977	-1
2978	4115935
2979	-1
2980	-1
2981	4118099
2982	-1
2983	4120263
2984	-1
2985	4122427
2986	-1
2987	4124591
2988	-1
2989	4126755
2990	-1
2991	4128919
2992	-1
2993	4131083
2994	-1
2995	-1
2996	4133247
2997	-1
2998	4135411
2999	-1
3000	4137575
3001	-1
3002	4139739
3003	-1
3004	4141903
3005	-1
3006	4144067
3007	-1
3008	-1
3009	4146231
3010	-1
3011	4148395
3012	-1
3013	4150559
3014	-1
3015	4152723
3016	-1
3017	4154887
3018	-1
3019	4157051
3020	-1
3021	-1
3022	4159215
3023	-1
3024	4161379
3025	-1
3026	4163543
3027	-1
3028	4165707
3029	-1
3030	4167871
3031	-1
3032	4170035
3033	-1
3034	-1
3035	4172199
3036	-1
3037	4174363
3038	-1
3039	4176527
3040	-1
3041	4178691
3042	-1
3043	4180855
3044	-1
3045	4183019
3046	-1
3047	-1
3048	4185183
3049	-1
3050	4187347
3051	-1
3052	4189511
3053	-1
3054	4191675
3055	-1
3056	4193839
3057	-1
3058	4196003
3059	-1
3060	-1
3061	4198167
3062	-1
3063	4200331
3064	-1
3065	4202495
3066	-1
3067	4204659
3068	-1
3069	4206823
3070	-1
3071	4208987
3072	-1
3073	-1
3074	4211151
3075	-1
3076	4213315
3077	-1
3078	4215479
3079	-1
3080	4217643
3081	-1
3082	4219807
3083	-1
3084	4221971
3085	-1
3086	-1
3087	4224135
3088	-1
3089	4226299
3090	-1
3091	4228463
3092	-1
3093	4230627
3094	-1
3095	4232791
3096	-1
3097	4234955
3098	-1
3099	-1
3100	4237119
3101	-1
3102	4239283
3103	-1
3104	4241447
3105	-1
3106	4243611
3107	-1
3108	4245775
3109	-1
3110	4247939
3111	-1
3112	-1
3113	4250103
3114	-1
3115	4252267
3116	-1
3117	4254431
3118	-1
3119	4256595
3120	-1
3121	4258759
3122	-1
3123	4260923
3124	-1
3125	4263087
3126	-1
3127	-1
3128	4265251
3129	-1
3130	4267415
3131	-1
3132	4269579
3133	-1
3134	4271743
3135	-1
3136	4273907
3137	-1
3138	4276071
3139	-1
3140	-1
3141	4278235
3142	-1
3143	4280399
3144	-1
3145	4282563
3146	-1
3147	4284727
3148	-1
3149	4286891
3150	-1
3151	4289055
3152	-1
3153	-1
3154	4291219
3155	-1
3156	4293383
3157	-1
3158	4295547
3159	-1
3160	4297711
3161	-1
3162	4299875
3163	-1
3164	4302039
3165	-1
3166	-1
3167	4304203
3168	-1
3169	4306367
3170	-1
3171	4308531
3172	-1
3173	4310695
3174	-1
3175	4312859
3176	-1
3177	4315023
3178	-1
3179	-1
3180	4317187
3181	-1
3182	4319351
3183	-1
3184	4321515
3185	-1
3186	4323679
3187	-1
3188	4325843
3189	-1
3190	4328007
3191	-1
3192	-1
3193	4330171
3194	-1
3195	4332335
3196	-1
3197	4334499
3198	-1
3199	4336663
3200	-1
3201	4338827
3202	-1
3203	4340991
3204	-1
3205	-1
3206	4343155
3207	-1
3208	4345319
3209	-1
3210	4347483
3211	-1
3212	4349647
3213	-1
3214	4351811
3215	-1
3216	4353975
3217	-1
3218	-1
3219	4356139
3220	-1
3221	4358303
3222	-1
3223	4360467
3224	-1
3225	4362631
3226	-1
3227	4364795
3228	-1
3229	4366959
3230	-1
3231	-1
3232	4369123
3233	-1
3234	4371287
3235	-1
3236	4373451
3237	-1
3238	4375615
3239	-1
3240	4377779
3241	-1
3242	4379943
3243	-1
3244	-1
3245	4382107
3246	-1
3247	4384271
3248	-1
3249	4386435
3250	-1
3251	4388599
3252	-1
3253	4390763
3254	-1
3255	4392927
3256	-1
3257	-1
3258	4395091
3259	-1
3260	4397255
3261	-1
3262	4399419
3263	-1
3264	4401583
3265	-1
3266	4403747
3267	-1
3268	4405911
3269	-1
3270	4408075
3271	-1
3272	-1
3273	4410239
3274	-1
3275	4412403
3276	-1
3277	4414567
3278	-1
3279	4416731
3280	-1
3281	4418895
3282	-1
3283	4421059
3284	-1
3285	-1
3286	4423223
3287	-1
3288	4425387
3289	-1
3290	4427551
3291	-1
3292	4429715
3293	-1
3294	4431879
3295	-1
3296	4434043
3297	-1
3298	-1
3299	4436207
3300	-1
3301	4438371
3302	-1
3303	4440535
3304	-1
3305	4442699
3306	-1
3307	4444863
3308	-1
3309	4447027
3310	-1
3311	-1
3312	4449191
3313	-1
3314	4451355
3315	-1
3316	4453519
3317	-1
3318	4455683
3319	-1
3320	4457847
3321	-1
3322	4460011
3323	-1
3324	-1
3325	4462175
3326	-1
3327	4464339
3328	-1
3329	4466503
3330	-1
3331	4468667
3332	-1
3333	4470831
3334	-1
3335	4472995
3336	-1
3337	-1
3338	4475159
3339	-1
3340	4477323
3341	-1
3342	4479487
3343	-1
3344	4481651
3345	-1
3346	4483815
3347	-1
3348	4485979
3349	-1
3350	-1
3351	4488143
3352	-1
3353	4490307
3354	-1
3355	4492471
3356	-1
3357	4494635
3358	-1
3359	4496799
3360	-1
3361	4498963
3362	-1
3363	-1
3364	4501127
3365	-1
3366	4503291
3367	-1
3368	4505455
3369	-1
3370	4507619
3371	-1
3372	4509783
3373	-1
3374	4511947
3375	-1
3376	-1
3377	4514111
3378	-1
3379	4516275
3380	-1
3381	4518439
3382	-1
3383	4520603
3384	-1
3385	4522767
3386	-1
3387	4524931
3388	-1
3389	-1
3390	4527095
3391	-1
3392	4529259
3393	-1
3394	4531423
3395	-1
3396	4533587
3397	-1
3398	4535751
3399	-1
3400	4537915
3401	-1
3402	4540079
3403	-1
3404	-1
3405	4542243
3406	-1
3407	4544407
3408	-1
3409	4546571
3410	-1
3411	4548735
3412	-1
3413	4550899
3414	-1
3415	4553063
3416	-1
3417	-1
3418	4555227
3419	-1
3420	4557391
3421	-1
3422	4559555
3423	-1
3424	4561719
3425	-1
3426	4563883
3427	-1
3428	4566047
3429	-1
3430	-1
3431	4568211
3432	-1
3433	4570375
3434	-1
3435	4572539
3436	-1
3437	4574703
3438	-1
3439	4576867
3440	-1
3441	4579031
3442	-1
3443	-1
3444	4581195
3445	-1
3446	4583359
3447	-1
3448	4585523
3449	-1
3450	4587687
3451	-1
3452	4589851
3453	-1
3454	4592015
3455	-1
3456	-1
3457	4594179
3458	-1
3459	4596343
3460	-1
3461	4598507
3462	-1
3463	4600671
3464	-1
3465	4602835
3466	-1
3467	4604999
3468	-1
3469	-1
3470	4607163
3471	-1
3472	4609327
3473	-1
3474	4611491
3475	-1
3476	4613655
3477	-1
3478	4615819
3479	-1
3480	4617983
3481	-1
3482	-1
3483	4620147
3484	-1
3485	4622311
3486	-1
3487	4624475
3488	-1
3489	4626639
3490	-1
3491	4628803
3492	-1
3493	4630967
3494	-1
3495	-1
3496	4633131
3497	-1
3498	4635295
3499	-1
3500	4637459
3501	-1
3502	4639623
3503	-1
3504	4641787
3505	-1
3506	4643951
3507	-1
3508	-1
3509	4646115
3510	-1
3511	4648279
3512	-1
3513	4650443
3514	-1
3515	4652607
3516	-1
3517	4654771
3518	-1
3519	4656935
3520	-1
3521	-1
3522	4659099
3523	-1
3524	4661263
3525	-1
3526	4663427
3527	-1
3528	4665591
3529	-1
3530	4667755
3531	-1
3532	4669919
3533	-1
3534	4672083
3535	-1
3536	-1
3537	4674247
3538	-1
3539	4676411
3540	-1
3541	4678575
3542	-1
3543	4680739
3544	-1
3545	4682903
3546	-1
3547	4685067
3548	-1
3549	-1
3550	4687231
3551	-1
3552	4689395
3553	-1
3554	4691559
3555	-1
3556	4693723
3557	-1
3558	4695887
3559	-1
3560	4698051
3561	-1
3562	-1
3563	4700215
3564	-1
3565	4702379
3566	-1
3567	4704543
3568	-1
3569	4706707
3570	-1
3571	4708871
3572	-1
3573	4711035
3574	-1
3575	-1
3576	4713199
3577	-1
3578	4715363
3579	-1
3580	4717527
3581	-1
3582	4719691
3583	-1
3584	4721855
3585	-1
3586	4724019
3587	-1
3588	-1
3589	4726183
3590	-1
3591	4728347
3592	-1
3593	4730511
3594	-1
3595	4732675
3596	-1
3597	4734839
3598	-1
3599	4737003
3600	-1
3601	-1
3602	4739167
3603	-1
3604	4741331
3605	-1
3606	4743495
3607	-1
3608	4745659
3609	-1
3610	4747823
3611	-1
3612	4749987
3613	-1
3614	-1
3615	4752151
3616	-1
3617	4754315
3618	-1
3619	4756479
3620	-1
3621	4758643
3622	-1
3623	4760807
3624	-1
3625	4762971
3626	-1
3627	-1
3628	4765135
3629	-1
3630	4767299
3631	-1
3632	4769463
3633	-1
3634	4771627
3635	-1
3636	4773791
3637	-1
3638	4775955
3639	-1
3640	-1
3641	4778119
3642	-1
3643	4780283
3644	-1
3645	4782447
3646	-1
3647	4784611
3648	-1
3649	4786775
3650	-1
3651	4788939
3652	-1
3653	-1
3654	4791103
3655	-1
3656	4793267
3657	-1
3658	4795431
3659	-1
3660	4797595
3661	-1
3662	4799759
3663	-1
3664	4801923
3665	-1
3666	4804087
3667	-1
3668	-1
3669	4806251
3670	-1
3671	4808415
3672	-1
3673	4810579
3674	-1
3675	4812743
3676	-1
3677	4814907
3678	-1
3679	4817071
3680	-1
3681	-1
3682	4819235
3683	-1
3684	4821399
3685	-1
3686	4823563
3687	-1
3688	4825727
3689	-1
3690	4827891
3691	-1
3692	4830055
3693	-1
3694	-1
3695	4832219
3696	-1
3697	4834383
3698	-1
3699	4836547
3700	-1
3701	4838711
3702	-1
3703	4840875
3704	-1
3705	4843039
3706	-1
3707	-1
3708	4845203
3709	-1
3710	4847367
3711	-1
3712	4849531
3713	-1
3714	4851695
3715	-1
3716	4853859
3717	-1
3718	4856023
3719	-1
3720	-1
3721	4858187
3722	-1
3723	4860351
3724	-1
3725	4862515
3726	-1
3727	4864679
3728	-1
3729	4866843
3730	-1
3731	4869007
3732	-1
3733	-1
3734	4871171
3735	-1
3736	4873335
3737	-1
3738	4875499
3739	-1
3740	4877663
3741	-1
3742	4879827
3743	-1
3744	4881991
3745	-1
3746	-1
3747	4884155
3748	-1
3749	4886319
3750	-1
3751	4888483
3752	-1
3753	4890647
3754	-1
3755	4892811
3756	-1
3757	4894975
3758	-1
3759	-1
3760	4897139
3761	-1
3762	4899303
3763	-1
3764	4901467
3765	-1
3766	4903631
3767	-1
3768	4905795
3769	-1
3770	4907959
3771	-1
3772	-1
3773	4910123
3774	-1
3775	4912287
3776	-1
3777	4914451
3778	-1
3779	4916615
3780	-1
3781	4918779
3782	-1
3783	4920943
3784	-1
3785	-1
3786	4923107
3787	-1
3788	4925271
3789	-1
3790	4927435
3791	-1
3792	4929599
3793	-1
3794	4931763
3795	-1
3796	4933927
3797	-1
3798	-1
3799	4936091
3800	-1
3801	4938255
3802	-1
3803	4940419
3804	-1
3805	4942583
3806	-1
3807	4944747
3808	-1
3809	4946911
3810	-1
3811	4949075
3812	-1
3813	-1
3814	4951239
3815	-1
3816	4953403
3817	-1
3818	4955567
3819	-1
3820	4957731
3821	-1
3822	4959895
3823	-1
3824	4962059
3825	-1
3826	-1
3827	4964223
3828	-1
3829	4966387
3830	-1
3831	4968551
3832	-1
3833	4970715
3834	-1
3835	4972879
3836	-1
3837	4975043
3838	-1
3839	-1
3840	4977207
3841	-1
3842	4979371
3843	-1
3844	4981535
3845	-1
3846	4983699
3847	-1
3848	4985863
3849	-1
3850	4988027
3851	-1
3852	-1
3853	4990191
3854	-1
3855	4992355
3856	-1
3857	4994519
3858	-1
3859	4996683
3860	-1
3861	4998847
3862	-1
3863	5001011
3864	-1
3865	-1
3866	5003175
3867	-1
3868	5005339
3869	-1
3870	5007503
3871	-1
3872	5009667
3873	-1
3874	5011831
3875	-1
3876	5013995
3877	-1
3878	-1
3879	5016159
3880	-1
3881	5018323
3882	-1
3883	5020487
3884	-1
3885	5022651
3886	-1
3887	5024815
3888	-1
3889	5026979
3890	-1
3891	-1
3892	5029143
3893	-1
3894	5031307
3895	-1
3896	5033471
3897	-1
3898	5035635
3899	-1
3900	5037799
3901	-1
3902	5039963
3903	-1
3904	-1
3905	5042127
3906	-1
3907	5044291
3908	-1
3909	5046455
3910	-1
3911	5048619
3912	-1
3913	5050783
3914	-1
3915	5052947
3916	-1
3917	-1
3918	5055111
3919	-1
3920	5057275
3921	-1
3922	5059439
3923	-1
3924	5061603
3925	-1
3926	5063767
3927	-1
3928	5065931
3929	-1
3930	-1
3931	5068095
3932	-1
3933	5070259
3934	-1
3935	5072423
3936	-1
3937	5074587
3938	-1
3939	5076751
3940	-1
3941	5078915
3942	-1
3943	5081079
3944	-1
3945	-1
3946	5083243
3947	-1
3948	5085407
3949	-1
3950	5087571
3951	-1
3952	5089735
3953	-1
3954	5091899
3955	-1
3956	5094063
3957	-1
3958	-1
3959	5096227
3960	-1
3961	5098391
3962	-1
3963	5100555
3964	-1
3965	5102719
3966	-1
3967	5104883
3968	-1
3969	5107047
3970	-1
3971	-1
3972	5109211
3973	-1
3974	5111375
3975	-1
3976	5113539
3977	-1
3978	5115703
3979	-1
3980	5117867
3981	-1
3982	5120031
3983	-1
3984	-1
3985	5122195
3986	-1
3987	5124359
3988	-1
3989	5126523
3990	-1
3991	5128687
3992	-1
3993	5130851
3994	-1
3995	5133015
3996	-1
3997	-1
3998	5135179
3999	-1
4000	5137343
4001	-1
4002	5139507
4003	-1
4004	5141671
4005	-1
4006	5143835
4007	-1
4008	5145999
4009	-1
4010	-1
4011	5148163
4012	-1
4013	5150327
4014	-1
4015	5152491
4016	-1
4017	5154655
4018	-1
4019	5156819
4020	-1
4021	5158983
4022	-1
4023	-1
4024	5161147
4025	-1
4026	5163311
4027	-1
4028	5165475
4029	-1
4030	5167639
4031	-1
4032	5169803
4033	-1
4034	5171967
4035	-1
4036	-1
4037	5174131
4038	-1
4039	5176295
4040	-1
4041	5178459
4042	-1
4043	5180623
4044	-1
4045	5182787
4046	-1
4047	5184951
4048	-1
4049	-1
4050	5187115
4051	-1
4052	5189279
4053	-1
4054	5191443
4055	-1
4056	5193607
4057	-1
4058	5195771
4059	-1
4060	5197935
4061	-1
4062	-1
4063	5200099
4064	-1
4065	5202263
4066	-1
4067	5204427
4068	-1
4069	5206591
4070	-1
4071	5208755
4072	-1
4073	5210919
4074	-1
4075	5213083
4076	-1
4077	-1
4078	5215247
4079	-1
4080	5217411
4081	-1
4082	5219575
4083	-1
4084	5221739
4085	-1
4086	5223903
4087	-1
4088	5226067
4089	-1
4090	-1
4091	5228231
4092	-1
4093	5230395
4094	-1
4095	5232559
4096	-1
4097	5234723
4098	-1
4099	5236887
4100	-1
4101	5239051
4102	-1
4103	-1
4104	5241215
4105	-1
4106	5243379
4107	-1
4108	5245543
4109	-1
4110	5247707
4111	-1
4112	5249871
4113	-1
4114	5252035
4115	-1
4116	-1
4117	5254199
4118	-1
4119	5256363
4120	-1
4121	5258527
4122	-1
4123	5260691
4124	-1
4125	5262855
4126	-1
4127	5265019
4128	-1
4129	-1
4130	5267183
4131	-1
4132	5269347
4133	-1
4134	5271511
4135	-1
4136	5273675
4137	-1
4138	5275839
4139	-1
4140	5278003
4141	-1
4142	-1
4143	5280167
4144	-1
4145	5282331
4146	-1
4147	5284495
4148	-1
4149	5286659
4150	-1
4151	5288823
4152	-1
4153	5290987
4154	-1
4155	-1
4156	5293151
4157	-1
4158	5295315
4159	-1
4160	5297479
4161	-1
4162	5299643
4163	-1
4164	5301807
4165	-1
4166	5303971
4167	-1
4168	-1
4169	5306135
4170	-1
4171	5308299
4172	-1
4173	5310463
4174	-1
4175	5312627
4176	-1
4177	5314791
4178	-1
4179	5316955
4180	-1
4181	-1
4182	5319119
4183	-1
4184	5321283
4185	-1
4186	5323447
4187	-1
4188	5325611
4189	-1
4190	5327775
4191	-1
4192	5329939
4193	-1
4194	-1
4195	5332103
4196	-1
4197	5334267
4198	-1
4199	5336431
4200	-1
4201	5338595
4202	-1
4203	5340759
4204	-1
4205	5342923
4206	-1
4207	5345087
4208	-1
4209	-1
4210	5347251
4211	-1
4212	5349415
4213	-1
4214	5351579
4215	-1
4216	5353743
4217	-1
4218	5355907
4219	-1
4220	5358071
4221	-1
4222	-1
4223	5360235
4224	-1
4225	5362399
4226	-1
4227	5364563
4228	-1
4229	5366727
4230	-1
4231	5368891
4232	-1
4233	5371055
4234	-1
4235	-1
4236	5373219
4237	-1
4238	5375383
4239	-1
4240	5377547
4241	-1
4242	5379711
4243	-1
4244	5381875
4245	-1
4246	5384039
4247	-1
4248	-1
4249	5386203
4250	-1
4251	5388367
4252	-1
4253	5390531
4254	-1
4255	5392695
4256	-1
4257	5394859
4258	-1
4259	5397023
4260	-1
4261	-1
4262	5399187
4263	-1
4264	5401351
4265	-1
4266	5403515
4267	-1
4268	5405679
4269	-1
4270	5407843
4271	-1
4272	5410007
4273	-1
4274	-1
4275	5412171
4276	-1
4277	5414335
4278	-1
4279	5416499
4280	-1
4281	5418663
4282	-1
4283	5420827
4284	-1
4285	5422991
4286	-1
4287	-1
4288	5425155
4289	-1
4290	5427319
4291	-1
4292	5429483
4293	-1
4294	5431647
4295	-1
4296	5433811
4297	-1
4298	5435975
4299	-1
4300	-1
4301	5438139
4302	-1
4303	5440303
4304	-1
4305	5442467
4306	-1
4307	5444631
4308	-1
4309	5446795
4310	-1
4311	5448959
4312	-1
4313	-1
4314	5451123
4315	-1
4316	5453287
4317	-1
4318	5455451
4319	-1
4320	5457615
4321	-1
4322	5459779
4323	-1
4324	5461943
4325	-1
4326	-1
4327	5464107
4328	-1
4329	5466271
4330	-1
4331	5468435
4332	-1
4333	5470599
4334	-1
4335	5472763
4336	-1
4337	5474927
4338	-1
4339	-1
4340	5477091
4341	-1
4342	5479255
4343	-1
4344	5481419
4345	-1
4346	5483583
4347	-1
4348	5485747
4349	-1
4350	5487911
4351	-1
4352	5490075
4353	-1
4354	-1
4355	5492239
4356	-1
4357	5494403
4358	-1
4359	5496567
4360	-1
4361	5498731
4362	-1
4363	5500895
4364	-1
4365	5503059
4366	-1
4367	-1
4368	5505223
4369	-1
4370	5507387
4371	-1
4372	5509551
4373	-1
4374	5511715
4375	-1
4376	5513879
4377	-1
4378	5516043
4379	-1
4380	-1
4381	5518207
4382	-1
4383	5520371
4384	-1
4385	5522535
4386	-1
4387	5524699
4388	-1
4389	5526863
4390	-1
4391	5529027
4392	-1
4393	-1
4394	5531191
4395	-1
4396	5533355
4397	-1
4398	5535519
4399	-1
4400	5537683
4401	-1
4402	5539847
4403	-1
4404	5542011
4405	-1
4406	-1
4407	5544175
4408	-1
4409	5546339
4410	-1
4411	5548503
4412	-1
4413	5550667
4414	-1
4415	5552831
4416	-1
4417	5554995
4418	-1
4419	-1
4420	5557159
4421	-1
4422	5559323
4423	-1
4424	5561487
4425	-1
4426	5563651
4427	-1
4428	5565815
4429	-1
4430	5567979
4431	-1
4432	-1
4433	5570143
4434	-1
4435	5572307
4436	-1
4437	5574471
4438	-1
4439	5576635
4440	-1
4441	5578799
4442	-1
4443	5580963
4444	-1
4445	-1
4446	5583127
4447	-1
4448	5585291
4449	-1
4450	5587455
4451	-1
4452	5589619
4453	-1
4454	5591783
4455	-1
4456	5593947
4457	-1
4458	-1
4459	5596111
4460	-1
4461	5598275
4462	-1
4463	5600439
4464	-1
4465	5602603
4466	-1
4467	5604767
4468	-1
4469	5606931
4470	-1
4471	-1
4472	5609095
4473	-1
4474	5611259
4475	-1
4476	5613423
4477	-1
4478	5615587
4479	-1
4480	5617751
4481	-1
4482	5619915
4483	-1
4484	5622079
4485	-1
4486	-1
4487	5624243
4488	-1
4489	5626407
4490	-1
4491	5628571
4492	-1
4493	5630735
4494	-1
4495	5632899
4496	-1
4497	5635063
4498	-1
4499	-1
4500	5637227
4501	-1
4502	5639391
4503	-1
4504	5641555
4505	-1
4506	5643719
4507	-1
4508	5645883
4509	-1
4510	5648047
4511	-1
4512	-1
4513	5650211
4514	-1
4515	5652375
4516	-1
4517	5654539
4518	-1
4519	5656703
4520	-1
4521	5658867
4522	-1
4523	5661031
4524	-1
4525	-1
4526	5663195
4527	-1
4528	5665359
4529	-1
4530	5667523
4531	-1
4532	5669687
4533	-1
4534	5671851
4535	-1
4536	5674015
4537	-1
4538	-1
4539	5676179
4540	-1
4541	5678343
4542	-1
4543	5680507
4544	-1
4545	5682671
4546	-1
4547	5684835
4548	-1
4549	5686999
4550	-1
4551	-1
4552	5689163
4553	-1
4554	5691327
4555	-1
4556	5693491
4557	-1
4558	5695655
4559	-1
4560	5697819
4561	-1
4562	5699983
4563	-1
4564	-1
4565	5702147
4566	-1
4567	5704311
4568	-1
4569	5706475
4570	-1
4571	5708639
4572	-1
4573	5710803
4574	-1
4575	5712967
4576	-1
4577	-1
4578	5715131
4579	-1
4580	5717295
4581	-1
4582	5719459
4583	-1
4584	5721623
4585	-1
4586	5723787
4587	-1
4588	5725951
4589	-1
4590	-1
4591	5728115
4592	-1
4593	5730279
4594	-1
4595	5732443
4596	-1
4597	5734607
4598	-1
4599	5736771
4600	-1
4601	5738935
4602	-1
4603	-1
4604	5741099
4605	-1
4606	5743263
4607	-1
4608	5745427
4609	-1
4610	5747591
4611	-1
4612	5749755
4613	-1
4614	5751919
4615	-1
4616	5754083
4617	-1
4618	-1
4619	5756247
4620	-1
4621	5758411
4622	-1
4623	5760575
4624	-1
4625	5762739
4626	-1
4627	5764903
4628	-1
4629	5767067
4630	-1
4631	-1
4632	5769231
4633	-1
4634	5771395
4635	-1
4636	5773559
4637	-1
4638	5775723
4639	-1
4640	5777887
4641	-1
4642	5780051
4643	-1
4644	-1
4645	5782215
4646	-1
4647	5784379
4648	-1
4649	5786543
4650	-1
4651	5788707
4652	-1
4653	5790871
4654	-1
4655	5793035
4656	-1
4657	-1
4658	5795199
4659	-1
4660	5797363
4661	-1
4662	5799527
4663	-1
4664	5801691
4665	-1
4666	5803855
4667	-1
4668	5806019
4669	-1
4670	-1
4671	5808183
4672	-1
4673	5810347
4674	-1
4675	5812511
4676	-1
4677	5814675
4678	-1
4679	5816839
4680	-1
4681	5819003
4682	-1
4683	-1
4684	5821167
4685	-1
4686	5823331
4687	-1
4688	5825495
4689	-1
4690	5827659
4691	-1
4692	5829823
4693	-1
4694	5831987
4695	-1
4696	-1
4697	5834151
4698	-1
4699	5836315
4700	-1
4701	5838479
4702	-1
4703	5840643
4704	-1
4705	5842807
4706	-1
4707	5844971
4708	-1
4709	-1
4710	5847135
4711	-1
4712	5849299
4713	-1
4714	5851463
4715	-1
4716	5853627
4717	-1
4718	5855791
4719	-1
4720	5857955
4721	-1
4722	-1
4723	5860119
4724	-1
4725	5862283
4726	-1
4727	5864447
4728	-1
4729	5866611
4730	-1
4731	5868775
4732	-1
4733	5870939
4734	-1
4735	-1
4736	5873103
4737	-1
4738	5875267
4739	-1
4740	5877431
4741	-1
4742	5879595
4743	-1
4744	5881759
4745	-1
4746	5883923
4747	-1
4748	5886087
4749	-1
4750	-1
4751	5888251
4752	-1
4753	5890415
4754	-1
4755	5892579
4756	-1
4757	5894743
4758	-1
4759	5896907
4760	-1
4761	5899071
4762	-1
4763	-1
4764	5901235
4765	-1
4766	5903399
4767	-1
4768	5905563
4769	-1
4770	5907727
4771	-1
4772	5909891
4773	-1
4774	5912055
4775	-1
4776	-1
4777	5914219
4778	-1
4779	5916383
4780	-1
4781	5918547
4782	-1
4783	5920711
4784	-1
4785	5922875
4786	-1
4787	5925039
4788	-1
4789	-1
4790	5927203
4791	-1
4792	5929367
4793	-1
4794	5931531
4795	-1
4796	5933695
4797	-1
4798	5935859
4799	-1
4800	5938023
4801	-1
4802	-1
4803	5940187
4804	-1
4805	5942351
4806	-1
4807	5944515
4808	-1
4809	5946679
4810	-1
4811	5948843
4812	-1
4813	5951007
4814	-1
4815	-1
4816	5953171
4817	-1
4818	5955335
4819	-1
4820	5957499
4821	-1
4822	5959663
4823	-1
4824	5961827
4825	-1
4826	5963991
4827	-1
4828	-1
4829	5966155
4830	-1
4831	5968319
4832	-1
4833	5970483
4834	-1
4835	5972647
4836	-1
4837	5974811
4838	-1
4839	5976975
4840	-1
4841	-1
4842	5979139
4843	-1
4844	5981303
4845	-1
4846	5983467
4847	-1
4848	5985631
4849	-1
4850	5987795
4851	-1
4852	5989959
4853	-1
4854	-1
4855	5992123
4856	-1
4857	5994287
4858	-1
4859	5996451
4860	-1
4861	5998615
4862	-1
4863	6000779
4864	-1
4865	6002943
4866	-1
4867	-1
4868	6005107
4869	-1
4870	6007271
4871	-1
4872	6009435
4873	-1
4874	6011599
4875	-1
4876	6013763
4877	-1
4878	6015927
4879	-1
4880	-1
4881	6018091
4882	-1
4883	6020255
4884	-1
4885	6022419
4886	-1
4887	6024583
4888	-1
4889	6026747
4890	-1
4891	6028911
4892	-1
4893	6031075
4894	-1
4895	-1
4896	6033239
4897	-1
4898	6035403
4899	-1
4900	6037567
4901	-1
4902	6039731
4903	-1
4904	6041895
4905	-1
4906	6044059
4907	-1
4908	-1
4909	6046223
4910	-1
4911	6048387
4912	-1
4913	6050551
4914	-1
4915	6052715
4916	-1
4917	6054879
4918	-1
4919	6057043
4920	-1
4921	-1
4922	6059207
4923	-1
4924	6061371
4925	-1
4926	6063535
4927	-1
4928	6065699
4929	-1
4930	6067863
4931	-1
4932	6070027
4933	-1
4934	-1
4935	6072191
4936	-1
4937	6074355
4938	-1
4939	6076519
4940	-1
4941	6078683
4942	-1
4943	6080847
4944	-1
4945	6083011
4946	-1
4947	-1
4948	6085175
4949	-1
4950	6087339
4951	-1
4952	6089503
4953	-1
4954	6091667
4955	-1
4956	6093831
4957	-1
4958	6095995
4959	-1
4960	-1
4961	6098159
4962	-1
4963	6100323
4964	-1
4965	6102487
4966	-1
4967	6104651
4968	-1
4969	6106815
4970	-1
4971	6108979
4972	-1
4973	-1
4974	6111143
4975	-1
4976	6113307
4977	-1
4978	6115471
4979	-1
4980	6117635
4981	-1
4982	6119799
4983	-1
4984	6121963
4985	-1
4986	-1
4987	6124127
4988	-1
4989	6126291
4990	-1
4991	6128455
4992	-1
4993	6130619
4994	-1
4995	6132783
4996	-1
4997	6134947
4998	-1
4999	-1
5000	6137111
5001	-1
5002	6139275
5003	-1
5004	6141439
5005	-1
5006	6143603
5007	-1
5008	6145767
5009	-1
5010	6147931
5011	-1
5012	-1
5013	6150095
5014	-1
5015	6152259
5016	-1
5017	6154423
5018	-1
5019	6156587
5020	-1
5021	6158751
5022	-1
5023	6160915
5024	-1
5025	6163079
5026	-1
5027	-1
5028	6165243
5029	-1
5030	6167407
5031	-1
5032	6169571
5033	-1
5034	6171735
5035	-1
5036	6173899
5037	-1
5038	6176063
5039	-1
5040	-1
5041	6178227
5042	-1
5043	6180391
5044	-1
5045	6182555
5046	-1
5047	6184719
5048	-1
5049	6186883
5050	-1
5051	6189047
5052	-1
5053	-1
5054	6191211
5055	-1
5056	6193375
5057	-1
5058	6195539
5059	-1
5060	6197703
5061	-1
5062	6199867
5063	-1
5064	6202031
5065	-1
5066	-1
5067	6204195
5068	-1
5069	6206359
5070	-1
5071	6208523
5072	-1
5073	6210687
5074	-1
5075	6212851
5076	-1
5077	6215015
5078	-1
5079	-1
5080	6217179
5081	-1
5082	6219343
5083	-1
5084	6221507
5085	-1
5086	6223671
5087	-1
5088	6225835
5089	-1
5090	6227999
5091	-1
5092	-1
5093	6230163
5094	-1
5095	6232327
5096	-1
5097	6234491
5098	-1
5099	6236655
5100	-1
5101	6238819
5102	-1
5103	6240983
5104	-1
5105	-1
5106	6243147
5107	-1
5108	6245311
5109	-1
5110	6247475
5111	-1
5112	6249639
5113	-1
5114	6251803
5115	-1
5116	6253967
5117	-1
5118	-1
5119	6256131
5120	-1
5121	6258295
5122	-1
5123	6260459
5124	-1
5125	6262623
5126	-1
5127	6264787
5128	-1
5129	6266951
5130	-1
5131	-1
5132	6269115
5133	-1
5134	6271279
5135	-1
5136	6273443
5137	-1
5138	6275607
5139	-1
5140	6277771
5141	-1
5142	6279935
5143	-1
5144	-1
5145	6282099
5146	-1
5147	6284263
5148	-1
5149	6286427
5150	-1
5151	6288591
5152	-1
5153	6290755
5154	-1
5155	6292919
5156	-1
5157	6295083
5158	-1
5159	-1
5160	6297247
5161	-1
5162	6299411
5163	-1
5164	6301575
5165	-1
5166	6303739
5167	-1
5168	6305903
5169	-1
5170	6308067
5171	-1
5172	-1
5173	6310231
5174	-1
5175	6312395
5176	-1
5177	6314559
5178	-1
5179	6316723
5180	-1
5181	6318887
5182	-1
5183	6321051
5184	-1
5185	-1
5186	6323215
5187	-1
5188	6325379
5189	-1
5190	6327543
5191	-1
5192	6329707
5193	-1
5194	6331871
5195	-1
5196	6334035
5197	-1
5198	-1
5199	6336199
5200	-1
5201	6338363
5202	-1
5203	6340527
5204	-1
5205	6342691
5206	-1
5207	6344855
5208	-1
5209	6347019
5210	-1
5211	-1
5212	6349183
5213	-1
5214	6351347
5215	-1
5216	6353511
5217	-1
5218	6355675
5219	-1
5220	6357839
5221	-1
5222	6360003
5223	-1
5224	-1
5225	6362167
5226	-1
5227	6364331
5228	-1
5229	6366495
5230	-1
5231	6368659
5232	-1
5233	6370823
5234	-1
5235	6372987
5236	-1
5237	-1
5238	6375151
5239	-1
5240	6377315
5241	-1
5242	6379479
5243	-1
5244	6381643
5245	-1
5246	6383807
5247	-1
5248	6385971
5249	-1
5250	-1
5251	6388135
5252	-1
5253	6390299
5254	-1
5255	6392463
5256	-1
5257	6394627
5258	-1
5259	6396791
5260	-1
5261	6398955
5262	-1
5263	-1
5264	6401119
5265	-1
5266	6403283
5267	-1
5268	6405447
5269	-1
5270	6407611
5271	-1
5272	6409775
5273	-1
5274	6411939
5275	-1
5276	-1
5277	6414103
5278	-1
5279	6416267
5280	-1
5281	6418431
5282	-1
5283	6420595
5284	-1
5285	6422759
5286	-1
5287	6424923
5288	-1
5289	6427087
5290	-1
5291	-1
5292	6429251
5293	-1
5294	6431415
5295	-1
5296	6433579
5297	-1
5298	6435743
5299	-1
5300	6437907
5301	-1
5302	6440071
5303	-1
5304	-1
5305	6442235
5306	-1
5307	6444399
5308	-1
5309	6446563
5310	-1
5311	6448727
5312	-1
5313	6450891
5314	-1
5315	6453055
5316	-1
5317	-1
5318	6455219
5319	-1
5320	6457383
5321	-1
5322	6459547
5323	-1
5324	6461711
5325	-1
5326	6463875
5327	-1
5328	6466039
5329	-1
5330	-1
5331	6468203
5332	-1
5333	6470367
5334	-1
5335	6472531
5336	-1
5337	6474695
5338	-1
5339	6476859
5340	-1
5341	6479023
5342	-1
5343	-1
5344	6481187
5345	-1
5346	6483351
5347	-1
5348	6485515
5349	-1
5350	6487679
5351	-1
5352	6489843
5353	-1
5354	6492007
5355	-1
5356	-1
5357	6494171
5358	-1
5359	6496335
5360	-1
5361	6498499
5362	-1
5363	6500663
5364	-1
5365	6502827
5366	-1
5367	6504991
5368	-1
5369	-1
5370	6507155
5371	-1
5372	6509319
5373	-1
5374	6511483
5375	-1
5376	6513647
5377	-1
5378	6515811
5379	-1
5380	6517975
5381	-1
5382	-1
5383	6520139
5384	-1
5385	6522303
5386	-1
5387	6524467
5388	-1
5389	6526631
5390	-1
5391	6528795
5392	-1
5393	6530959
5394	-1
5395	-1
5396	6533123
5397	-1
5398	6535287
5399	-1
5400	6537451
5401	-1
5402	6539615
5403	-1
5404	6541779
5405	-1
5406	6543943
5407	-1
5408	-1
5409	6546107
5410	-1
5411	6548271
5412	-1
5413	6550435
5414	-1
5415	6552599
5416	-1
5417	6554763
5418	-1
5419	6556927
5420	-1
5421	-1
5422	6559091
5423	-1
5424	6561255
5425	-1
5426	6563419
5427	-1
5428	6565583
5429	-1
5430	6567747
5431	-1
5432	6569911
5433	-1
5434	6572075
5435	-1
5436	-1
5437	6574239
5438	-1
5439	6576403
5440	-1
5441	6578567
5442	-1
5443	6580731
5444	-1
5445	6582895
5446	-1
5447	6585059
5448	-1
5449	-1
5450	6587223
5451	-1
5452	6589387
5453	-1
5454	6591551
5455	-1
5456	6593715
5457	-1
5458	6595879
5459	-1
5460	6598043
5461	-1
5462	-1
5463	6600207
5464	-1
5465	6602371
5466	-1
5467	6604535
5468	-1
5469	6606699
5470	-1
5471	6608863
5472	-1
5473	6611027
5474	-1
5475	-1
5476	6613191
5477	-1
5478	6615355
5479	-1
5480	6617519
5481	-1
5482	6619683
5483	-1
5484	6621847
5485	-1
5486	6624011
5487	-1
5488	-1
5489	6626175
5490	-1
5491	6628339
5492	-1
5493	6630503
5494	-1
5495	6632667
5496	-1
5497	6634831
5498	-1
5499	6636995
5500	-1
5501	-1
5502	6639159
5503	-1
5504	6641323
5505	-1
5506	6643487
5507	-1
5508	6645651
5509	-1
5510	6647815
5511	-1
5512	6649979
5513	-1
5514	-1
5515	6652143
5516	-1
5517	6654307
5518	-1
5519	6656471
5520	-1
5521	6658635
5522	-1
5523	6660799
5524	-1
5525	6662963
5526	-1
5527	-1
5528	6665127
5529	-1
5530	6667291
5531	-1
5532	6669455
5533	-1
5534	6671619
5535	-1
5536	6673783
5537	-1
5538	6675947
5539	-1
5540	-1
5541	6678111
5542	-1
5543	6680275
5544	-1
5545	6682439
5546	-1
5547	6684603
5548	-1
5549	6686767
5550	-1
5551	6688931
5552	-1
5553	-1
5554	6691095
5555	-1
5556	6693259
5557	-1
5558	6695423
5559	-1
5560	6697587
5561	-1
5562	6699751
5563	-1
5564	6701915
5565	-1
5566	6704079
5567	-1
5568	-1
5569	6706243
5570	-1
5571	6708407
5572	-1
5573	6710571
5574	-1
5575	6712735
5576	-1
5577	6714899
5578	-1
5579	6717063
5580	-1
5581	-1
5582	6719227
5583	-1
5584	6721391
5585	-1
5586	6723555
5587	-1
5588	6725719
5589	-1
5590	6727883
5591	-1
5592	6730047
5593	-1
5594	-1
5595	6732211
5596	-1
5597	6734375
5598	-1
5599	6736539
5600	-1
5601	6738703
5602	-1
5603	6740867
5604	-1
5605	6743031
5606	-1
5607	-1
5608	6745195
5609	-1
5610	6747359
5611	-1
5612	6749523
5613	-1
5614	6751687
5615	-1
5616	6753851
5617	-1
5618	6756015
5619	-1
5620	-1
5621	6758179
5622	-1
5623	6760343
5624	-1
5625	6762507
5626	-1
5627	6764671
5628	-1
5629	6766835
5630	-1
5631	6768999
5632	-1
5633	-1
5634	6771163
5635	-1
5636	6773327
5637	-1
5638	6775491
5639	-1
5640	6777655
5641	-1
5642	6779819
5643	-1
5644	6781983
5645	-1
5646	-1
5647	6784147
5648	-1
5649	6786311
5650	-1
5651	6788475
5652	-1
5653	6790639
5654	-1
5655	6792803
5656	-1
5657	6794967
5658	-1
5659	-1
5660	6797131
5661	-1
5662	6799295
5663	-1
5664	6801459
5665	-1
5666	6803623
5667	-1
5668	6805787
5669	-1
5670	6807951
5671	-1
5672	-1
5673	6810115
5674	-1
5675	6812279
5676	-1
5677	6814443
5678	-1
5679	6816607
5680	-1
5681	6818771
5682	-1
5683	6820935
5684	-1
5685	-1
5686	6823099
5687	-1
5688	6825263
5689	-1
5690	6827427
5691	-1
5692	6829591
5693	-1
5694	6831755
5695	-1
5696	6833919
5697	-1
5698	6836083
5699	-1
5700	-1
5701	6838247
5702	-1
5703	6840411
5704	-1
5705	6842575
5706	-1
5707	6844739
5708	-1
5709	6846903
5710	-1
5711	6849067
5712	-1
5713	-1
5714	6851231
5715	-1
5716	6853395
5717	-1
5718	6855559
5719	-1
5720	6857723
5721	-1
5722	6859887
5723	-1
5724	6862051
5725	-1
5726	-1
5727	6864215
5728	-1
5729	6866379
5730	-1
5731	6868543
5732	-1
5733	6870707
5734	-1
5735	6872871
5736	-1
5737	6875035
5738	-1
5739	-1
5740	6877199
5741	-1
5742	6879363
5743	-1
5744	6881527
5745	-1
5746	6883691
5747	-1
5748	6885855
5749	-1
5750	6888019
5751	-1
5752	-1
5753	6890183
5754	-1
5755	6892347
5756	-1
5757	6894511
5758	-1
5759	6896675
5760	-1
5761	6898839
5762	-1
5763	6901003
5764	-1
5765	-1
5766	6903167
5767	-1
5768	6905331
5769	-1
5770	6907495
5771	-1
5772	6909659
5773	-1
5774	6911823
5775	-1
5776	6913987
5777	-1
5778	-1
5779	6916151
5780	-1
5781	6918315
5782	-1
5783	6920479
5784	-1
5785	6922643
5786	-1
5787	6924807
5788	-1
5789	6926971
5790	-1
5791	-1
5792	6929135
5793	-1
5794	6931299
5795	-1
5796	6933463
5797	-1
5798	6935627
5799	-1
5800	6937791
5801	-1
5802	6939955
5803	-1
5804	-1
5805	6942119
5806	-1
5807	6944283
5808	-1
5809	6946447
5810	-1
5811	6948611
5812	-1
5813	6950775
5814	-1
5815	6952939
5816	-1
5817	-1
5818	6955103
5819	-1
5820	6957267
5821	-1
5822	6959431
5823	-1
5824	6961595
5825	-1
5826	6963759
5827	-1
5828	6965923
5829	-1
5830	6968087
5831	-1
5832	-1
5833	6970251
5834	-1
5835	6972415
5836	-1
5837	6974579
5838	-1
5839	6976743
5840	-1
5841	6978907
5842	-1
5843	6981071
5844	-1
5845	-1
5846	6983235
5847	-1
5848	6985399
5849	-1
5850	6987563
5851	-1
5852	6989727
5853	-1
5854	6991891
5855	-1
5856	6994055
5857	-1
5858	-1
5859	6996219
5860	-1
5861	6998383
5862	-1
5863	7000547
5864	-1
5865	7002711
5866	-1
5867	7004875
5868	-1
5869	7007039
5870	-1
5871	-1
5872	7009203
5873	-1
5874	7011367
5875	-1
5876	7013531
5877	-1
5878	7015695
5879	-1
5880	7017859
5881	-1
5882	7020023
5883	-1
5884	-1
5885	7022187
5886	-1
5887	7024351
5888	-1
5889	7026515
5890	-1
5891	7028679
5892	-1
5893	7030843
5894	-1
5895	7033007
5896	-1
5897	-1
5898	7035171
5899	-1
5900	7037335
5901	-1
5902	7039499
5903	-1
5904	7041663
5905	-1
5906	7043827
5907	-1
5908	7045991
5909	-1
5910	-1
5911	7048155
5912	-1
5913	7050319
5914	-1
5915	7052483
5916	-1
5917	7054647
5918	-1
5919	7056811
5920	-1
5921	7058975
5922	-1
5923	-1
5924	7061139
5925	-1
5926	7063303
5927	-1
5928	7065467
5929	-1
5930	7067631
5931	-1
5932	7069795
5933	-1
5934	7071959
5935	-1
5936	-1
5937	7074123
5938	-1
5939	7076287
5940	-1
5941	7078451
5942	-1
5943	7080615
5944	-1
5945	7082779
5946	-1
5947	7084943
5948	-1
5949	-1
5950	7087107
5951	-1
5952	7089271
5953	-1
5954	7091435
5955	-1
5956	7093599
5957	-1
5958	7095763
5959	-1
5960	7097927
5961	-1
5962	-1
5963	7100091
5964	-1
5965	7102255
5966	-1
5967	7104419
5968	-1
5969	7106583
5970	-1
5971	7108747
5972	-1
5973	7110911
5974	-1
5975	7113075
5976	-1
5977	-1
5978	7115239
5979	-1
5980	7117403
5981	-1
5982	7119567
5983	-1
5984	7121731
5985	-1
5986	7123895
5987	-1
5988	7126059
5989	-1
5990	-1
5991	7128223
5992	-1
5993	7130387
5994	-1
5995	7132551
5996	-1
5997	7134715
5998	-1
5999	7136879
6000	-1
6001	7139043
6002	-1
6003	-1
6004	7141207
6005	-1
6006	7143371
6007	-1
6008	7145535
6009	-1
6010	7147699
6011	-1
6012	7149863
6013	-1
6014	7152027
6015	-1
6016	-1
6017	7154191
6018	-1
6019	7156355
6020	-1
6021	7158519
6022	-1
6023	7160683
6024	-1
6025	7162847
6026	-1
6027	7165011
6028	-1
6029	-1
6030	7167175
6031	-1
6032	7169339
6033	-1
6034	7171503
6035	-1
6036	7173667
6037	-1
6038	7175831
6039	-1
6040	7177995
6041	-1
6042	-1
6043	7180159
6044	-1
6045	7182323
6046	-1
6047	7184487
6048	-1
6049	7186651
6050	-1
6051	7188815
6052	-1
6053	7190979
6054	-1
6055	-1
6056	7193143
6057	-1
6058	7195307
6059	-1
6060	7197471
6061	-1
6062	7199635
6063	-1
6064	7201799
6065	-1
6066	7203963
6067	-1
6068	-1
6069	7206127
6070	-1
6071	7208291
6072	-1
6073	7210455
6074	-1
6075	7212619
6076	-1
6077	7214783
6078	-1
6079	7216947
6080	-1
6081	-1
6082	7219111
6083	-1
6084	7221275
6085	-1
6086	7223439
6087	-1
6088	7225603
6089	-1
6090	7227767
6091	-1
6092	7229931
6093	-1
6094	-1
6095	7232095
6096	-1
6097	7234259
6098	-1
6099	7236423
6100	-1
6101	7238587
6102	-1
6103	7240751
6104	-1
6105	7242915
6106	-1
6107	7245079
6108	-1
6109	-1
6110	7247243
6111	-1
6112	7249407
6113	-1
6114	7251571
6115	-1
6116	7253735
6117	-1
6118	7255899
6119	-1
6120	7258063
6121	-1
6122	-1
6123	7260227
6124	-1
6125	7262391
6126	-1
6127	7264555
6128	-1
6129	7266719
6130	-1
6131	7268883
6132	-1
6133	7271047
6134	-1
6135	-1
6136	7273211
6137	-1
6138	7275375
6139	-1
6140	7277539
6141	-1
6142	7279703
6143	-1
6144	7281867
6145	-1
6146	7284031
6147	-1
6148	-1
6149	7286195
6150	-1
6151	7288359
6152	-1
6153	7290523
6154	-1
6155	7292687
6156	-1
6157	7294851
6158	-1
6159	7297015
6160	-1
6161	-1
6162	7299179
6163	-1
6164	7301343
6165	-1
6166	7303507
6167	-1
6168	7305671
6169	-1
6170	7307835
6171	-1
6172	7309999
6173	-1
6174	-1
6175	7312163
6176	-1
6177	7314327
6178	-1
6179	7316491
6180	-1
6181	7318655
6182	-1
6183	7320819
6184	-1
6185	7322983
6186	-1
6187	-1
6188	7325147
6189	-1
6190	7327311
6191	-1
6192	7329475
6193	-1
6194	7331639
6195	-1
6196	7333803
6197	-1
6198	7335967
6199	-1
6200	-1
6201	7338131
6202	-1
6203	7340295
6204	-1
6205	7342459
6206	-1
6207	7344623
6208	-1
6209	7346787
6210	-1
6211	7348951
6212	-1
6213	-1
6214	7351115
6215	-1
6216	7353279
6217	-1
6218	7355443
6219	-1
6220	7357607
6221	-1
6222	7359771
6223	-1
6224	7361935
6225	-1
6226	-1
6227	7364099
6228	-1
6229	7366263
6230	-1
6231	7368427
6232	-1
6233	7370591
6234	-1
6235	7372755
6236	-1
6237	7374919
6238	-1
6239	7377083
6240	-1
6241	-1
6242	7379247
6243	-1
6244	7381411
6245	-1
6246	7383575
6247	-1
6248	7385739
6249	-1
6250	7387903
6251	-1
6252	7390067
6253	-1
6254	-1
6255	7392231
6256	-1
6257	7394395
6258	-1
6259	7396559
6260	-1
6261	7398723
6262	-1
6263	7400887
6264	-1
6265	7403051
6266	-1
6267	-1
6268	7405215
6269	-1
6270	7407379
6271	-1
6272	7409543
6273	-1
6274	7411707
6275	-1
6276	7413871
6277	-1
6278	7416035
6279	-1
6280	-1
6281	7418199
6282	-1
6283	7420363
6284	-1
6285	7422527
6286	-1
6287	7424691
6288	-1
6289	7426855
6290	-1
6291	7429019
6292	-1
6293	-1
6294	7431183
6295	-1
6296	7433347
6297	-1
6298	7435511
6299	-1
6300	7437675
6301	-1
6302	7439839
6303	-1
6304	7442003
6305	-1
6306	-1
6307	7444167
6308	-1
6309	7446331
6310	-1
6311	7448495
6312	-1
6313	7450659
6314	-1
6315	7452823
6316	-1
6317	7454987
6318	-1
6319	-1
6320	7457151
6321	-1
6322	7459315
6323	-1
6324	7461479
6325	-1
6326	7463643
6327	-1
6328	7465807
6329	-1
6330	7467971
6331	-1
6332	-1
6333	7470135
6334	-1
6335	7472299
6336	-1
6337	7474463
6338	-1
6339	7476627
6340	-1
6341	7478791
6342	-1
6343	7480955
6344	-1
6345	-1
6346	7483119
6347	-1
6348	7485283
6349	-1
6350	7487447
6351	-1
6352	7489611
6353	-1
6354	7491775
6355	-1
6356	7493939
6357	-1
6358	-1
6359	7496103
6360	-1
6361	7498267
6362	-1
6363	7500431
6364	-1
6365	7502595
6366	-1
6367	7504759
6368	-1
6369	7506923
6370	-1
6371	7509087
6372	-1
6373	-1
6374	7511251
6375	-1
6376	7513415
6377	-1
6378	7515579
6379	-1
6380	7517743
6381	-1
6382	7519907
6383	-1
6384	7522071
6385	-1
6386	-1
6387	7524235
6388	-1
6389	7526399
6390	-1
6391	7528563
6392	-1
6393	7530727
6394	-1
6395	7532891
6396	-1
6397	7535055
6398	-1
6399	-1
6400	7537219
6401	-1
6402	7539383
6403	-1
6404	7541547
6405	-1
6406	7543711
6407	-1
6408	7545875
6409	-1
6410	7548039
6411	-1
6412	-1
6413	7550203
6414	-1
6415	7552367
6416	-1
6417	7554531
6418	-1
6419	7556695
6420	-1
6421	7558859
6422	-1
6423	7561023
6424	-1
6425	-1
6426	7563187
6427	-1
6428	7565351
6429	-1
6430	7567515
6431	-1
6432	7569679
6433	-1
6434	7571843
6435	-1
6436	7574007
6437	-1
6438	-1
6439	7576171
6440	-1
6441	7578335
6442	-1
6443	7580499
6444	-1
6445	7582663
6446	-1
6447	7584827
6448	-1
6449	7586991
6450	-1
6451	-1
6452	7589155
6453	-1
6454	7591319
6455	-1
6456	7593483
6457	-1
6458	7595647
6459	-1
6460	7597811
6461	-1
6462	7599975
6463	-1
6464	-1
6465	7602139
6466	-1
6467	7604303
6468	-1
6469	7606467
6470	-1
6471	7608631
6472	-1
6473	7610795
6474	-1
6475	7612959
6476	-1
6477	-1
6478	7615123
6479	-1
6480	7617287
6481	-1
6482	7619451
6483	-1
6484	7621615
6485	-1
6486	7623779
6487	-1
6488	7625943
6489	-1
6490	-1
6491	7628107
6492	-1
6493	7630271
6494	-1
6495	7632435
6496	-1
6497	7634599
6498	-1
6499	7636763
6500	-1
6501	7638927
6502	-1
6503	-1
6504	7641091
6505	-1
6506	7643255
6507	-1
6508	7645419
6509	-1
6510	7647583
6511	-1
6512	7649747
6513	-1
6514	7651911
6515	-1
6516	7654075
6517	-1
6518	-1
6519	7656239
6520	-1
6521	7658403
6522	-1
6523	7660567
6524	-1
6525	7662731
6526	-1
6527	7664895
6528	-1
6529	7667059
6530	-1
6531	-1
6532	7669223
6533	-1
6534	7671387
6535	-1
6536	7673551
6537	-1
6538	7675715
6539	-1
6540	7677879
6541	-1
6542	7680043
6543	-1
6544	-1
6545	7682207
6546	-1
6547	7684371
6548	-1
6549	7686535
6550	-1
6551	7688699
6552	-1
6553	7690863
6554	-1
6555	7693027
6556	-1
6557	-1
6558	7695191
6559	-1
6560	7697355
6561	-1
6562	7699519
6563	-1
6564	7701683
6565	-1
6566	7703847
6567	-1
6568	7706011
6569	-1
6570	-1
6571	7708175
6572	-1
6573	7710339
6574	-1
6575	7712503
6576	-1
6577	7714667
6578	-1
6579	7716831
6580	-1
6581	7718995
6582	-1
6583	-1
6584	7721159
6585	-1
6586	7723323
6587	-1
6588	7725487
6589	-1
6590	7727651
6591	-1
6592	7729815
6593	-1
6594	7731979
6595	-1
6596	-1
6597	7734143
6598	-1
6599	7736307
6600	-1
6601	7738471
6602	-1
6603	7740635
6604	-1
6605	7742799
6606	-1
6607	7744963
6608	-1
6609	-1
6610	7747127
6611	-1
6612	7749291
6613	-1
6614	7751455
6615	-1
6616	7753619
6617	-1
6618	7755783
6619	-1
6620	7757947
6621	-1
6622	-1
6623	7760111
6624	-1
6625	7762275
6626	-1
6627	7764439
6628	-1
6629	7766603
6630	-1
6631	7768767
6632	-1
6633	7770931
6634	-1
6635	-1
6636	7773095
6637	-1
6638	7775259
6639	-1
6640	7777423
6641	-1
6642	7779587
6643	-1
6644	7781751
6645	-1
6646	7783915
6647	-1
6648	7786079
6649	-1
6650	-1
6651	7788243
6652	-1
6653	7790407
6654	-1
6655	7792571
6656	-1
6657	7794735
6658	-1
6659	7796899
6660	-1
6661	7799063
6662	-1
6663	-1
6664	7801227
6665	-1
6666	7803391
6667	-1
6668	7805555
6669	-1
6670	7807719
6671	-1
6672	7809883
6673	-1
6674	7812047
6675	-1
6676	-1
6677	7814211
6678	-1
6679	7816375
6680	-1
6681	7818539
6682	-1
6683	7820703
6684	-1
6685	7822867
6686	-1
6687	7825031
6688	-1
6689	-1
6690	7827195
6691	-1
6692	7829359
6693	-1
6694	7831523
6695	-1
6696	7833687
6697	-1
6698	7835851
6699	-1
6700	7838015
6701	-1
6702	-1
6703	7840179
6704	-1
6705	7842343
6706	-1
6707	7844507
6708	-1
6709	7846671
6710	-1
6711	7848835
6712	-1
6713	7850999
6714	-1
6715	-1
6716	7853163
6717	-1
6718	7855327
6719	-1
6720	7857491
6721	-1
6722	7859655
6723	-1
6724	7861819
6725	-1
6726	7863983
6727	-1
6728	-1
6729	7866147
6730	-1
6731	7868311
6732	-1
6733	7870475
6734	-1
6735	7872639
6736	-1
6737	7874803
6738	-1
6739	7876967
6740	-1
6741	-1
6742	7879131
6743	-1
6744	7881295
6745	-1
6746	7883459
6747	-1
6748	7885623
6749	-1
6750	7887787
6751	-1
6752	7889951
6753	-1
6754	-1
6755	7892115
6756	-1
6757	7894279
6758	-1
6759	7896443
6760	-1
6761	7898607
6762	-1
6763	7900771
6764	-1
6765	7902935
6766	-1
6767	-1
6768	7905099
6769	-1
6770	7907263
6771	-1
6772	7909427
6773	-1
6774	7911591
6775	-1
6776	7913755
6777	-1
6778	7915919
6779	-1
6780	7918083
6781	-1
6782	-1
6783	7920247
6784	-1
6785	7922411
6786	-1
6787	7924575
6788	-1
6789	7926739
6790	-1
6791	7928903
6792	-1
6793	7931067
6794	-1
6795	-1
6796	7933231
6797	-1
6798	7935395
6799	-1
6800	7937559
6801	-1
6802	7939723
6803	-1
6804	7941887
6805	-1
6806	7944051
6807	-1
6808	-1
6809	7946215
6810	-1
6811	7948379
6812	-1
6813	7950543
6814	-1
6815	7952707
6816	-1
6817	7954871
6818	-1
6819	7957035
6820	-1
6821	-1
6822	7959199
6823	-1
6824	7961363
6825	-1
6826	7963527
6827	-1
6828	7965691
6829	-1
6830	7967855
6831	-1
6832	7970019
6833	-1
6834	-1
6835	7972183
6836	-1
6837	7974347
6838	-1
6839	7976511
6840	-1
6841	7978675
6842	-1
6843	7980839
6844	-1
6845	7983003
6846	-1
6847	-1
6848	7985167
6849	-1
6850	7987331
6851	-1
6852	7989495
6853	-1
6854	7991659
6855	-1
6856	7993823
6857	-1
6858	7995987
6859	-1
6860	-1
6861	7998151
6862	-1
6863	8000315
6864	-1
6865	8002479
6866	-1
6867	8004643
6868	-1
6869	8006807
6870	-1
6871	8008971
6872	-1
6873	-1
6874	8011135
6875	-1
6876	8013299
6877	-1
6878	8015463
6879	-1
6880	8017627
6881	-1
6882	8019791
6883	-1
6884	8021955
6885	-1
6886	-1
6887	8024119
6888	-1
6889	8026283
6890	-1
6891	8028447
6892	-1
6893	8030611
6894	-1
6895	8032775
6896	-1
6897	8034939
6898	-1
6899	-1
6900	8037103
6901	-1
6902	8039267
6903	-1
6904	8041431
6905	-1
6906	8043595
6907	-1
6908	8045759
6909	-1
6910	8047923
6911	-1
6912	8050087
6913	-1
6914	-1
6915	8052251
6916	-1
6917	8054415
6918	-1
6919	8056579
6920	-1
6921	8058743
6922	-1
6923	8060907
6924	-1
6925	8063071
6926	-1
6927	-1
6928	8065235
6929	-1
6930	8067399
6931	-1
6932	8069563
6933	-1
6934	8071727
6935	-1
6936	8073891
6937	-1
6938	8076055
6939	-1
6940	-1
6941	8078219
6942	-1
6943	8080383
6944	-1
6945	8082547
6946	-1
6947	8084711
6948	-1
6949	8086875
6950	-1
6951	8089039
6952	-1
6953	-1
6954	8091203
6955	-1
6956	8093367
6957	-1
6958	8095531
6959	-1
6960	8097695
6961	-1
6962	8099859
6963	-1
6964	8102023
6965	-1
6966	-1
6967	8104187
6968	-1
6969	8106351
6970	-1
6971	8108515
6972	-1
6973	8110679
6974	-1
6975	8112843
6976	-1
6977	8115007
6978	-1
6979	-1
6980	8117171
6981	-1
6982	8119335
6983	-1
6984	8121499
6985	-1
6986	8123663
6987	-1
6988	8125827
6989	-1
6990	8127991
6991	-1
6992	-1
6993	8130155
6994	-1
6995	8132319
6996	-1
6997	8134483
6998	-1
6999	8136647
7000	-1
7001	8138811
7002	-1
7003	8140975
7004	-1
7005	-1
7006	8143139
7007	-1
7008	8145303
7009	-1
7010	8147467
7011	-1
7012	8149631
7013	-1
7014	8151795
7015	-1
7016	8153959
7017	-1
7018	-1
7019	8156123
7020	-1
7021	8158287
7022	-1
7023	8160451
7024	-1
7025	8162615
7026	-1
7027	8164779
7028	-1
7029	8166943
7030	-1
7031	-1
7032	8169107
7033	-1
7034	8171271
7035	-1
7036	8173435
7037	-1
7038	8175599
7039	-1
7040	8177763
7041	-1
7042	8179927
7043	-1
7044	-1
7045	8182091
7046	-1
7047	8184255
7048	-1
7049	8186419
7050	-1
7051	8188583
7052	-1
7053	8190747
7054	-1
7055	8192911
7056	-1
7057	8195075
7058	-1
7059	-1
7060	8197239
7061	-1
7062	8199403
7063	-1
7064	8201567
7065	-1
7066	8203731
7067	-1
7068	8205895
7069	-1
7070	8208059
7071	-1
7072	-1
7073	8210223
7074	-1
7075	8212387
7076	-1
7077	8214551
7078	-1
7079	8216715
7080	-1
7081	8218879
7082	-1
7083	8221043
7084	-1
7085	-1
7086	8223207
7087	-1
7088	8225371
7089	-1
7090	8227535
7091	-1
7092	8229699
7093	-1
7094	8231863
7095	-1
7096	8234027
7097	-1
7098	-1
7099	8236191
7100	-1
7101	8238355
7102	-1
7103	8240519
7104	-1
7105	8242683
7106	-1
7107	8244847
7108	-1
7109	8247011
7110	-1
7111	-1
7112	8249175
7113	-1
7114	8251339
7115	-1
7116	8253503
7117	-1
7118	8255667
7119	-1
7120	8257831
7121	-1
7122	8259995
7123	-1
7124	-1
7125	8262159
7126	-1
7127	8264323
7128	-1
7129	8266487
7130	-1
7131	8268651
7132	-1
7133	8270815
7134	-1
7135	8272979
7136	-1
7137	-1
7138	8275143
7139	-1
7140	8277307
7141	-1
7142	8279471
7143	-1
7144	8281635
7145	-1
7146	8283799
7147	-1
7148	8285963
7149	-1
7150	-1
7151	8288127
7152	-1
7153	8290291
7154	-1
7155	8292455
7156	-1
7157	8294619
7158	-1
7159	8296783
7160	-1
7161	8298947
7162	-1
7163	-1
7164	8301111
7165	-1
7166	8303275
7167	-1
7168	8305439
7169	-1
7170	8307603
7171	-1
7172	8309767
7173	-1
7174	8311931
7175	-1
7176	-1
7177	8314095
7178	-1
7179	8316259
7180	-1
7181	8318423
7182	-1
7183	8320587
7184	-1
7185	8322751
7186	-1
7187	8324915
7188	-1
7189	8327079
7190	-1
7191	-1
7192	8329243
7193	-1
7194	8331407
7195	-1
7196	8333571
7197	-1
7198	8335735
7199	-1
7200	8337899
7201	-1
7202	8340063
7203	-1
7204	-1
7205	8342227
7206	-1
7207	8344391
7208	-1
7209	8346555
7210	-1
7211	8348719
7212	-1
7213	8350883
7214	-1
7215	8353047
7216	-1
7217	-1
7218	8355211
7219	-1
7220	8357375
7221	-1
7222	8359539
7223	-1
7224	8361703
7225	-1
7226	8363867
7227	-1
7228	8366031
7229	-1
7230	-1
7231	8368195
7232	-1
7233	8370359
7234	-1
7235	8372523
7236	-1
7237	8374687
7238	-1
7239	8376851
7240	-1
7241	8379015
7242	-1
7243	-1
7244	8381179
7245	-1
7246	8383343
7247	-1
7248	8385507
7249	-1
7250	8387671
7251	-1
7252	8389835
7253	-1
7254	8391999
7255	-1
7256	-1
7257	8394163
7258	-1
7259	8396327
7260	-1
7261	8398491
7262	-1
7263	8400655
7264	-1
7265	8402819
7266	-1
7267	8404983
7268	-1
7269	-1
7270	8407147
7271	-1
7272	8409311
7273	-1
7274	8411475
7275	-1
7276	8413639
7277	-1
7278	8415803
7279	-1
7280	8417967
7281	-1
7282	-1
7283	8420131
7284	-1
7285	8422295
7286	-1
7287	8424459
7288	-1
7289	8426623
7290	-1
7291	8428787
7292	-1
7293	8430951
7294	-1
7295	-1
7296	8433115
7297	-1
7298	8435279
7299	-1
7300	8437443
7301	-1
7302	8439607
7303	-1
7304	8441771
7305	-1
7306	8443935
7307	-1
7308	-1
7309	8446099
7310	-1
7311	8448263
7312	-1
7313	8450427
7314	-1
7315	8452591
7316	-1
7317	8454755
7318	-1
7319	8456919
7320	-1
7321	8459083
7322	-1
7323	-1
7324	8461247
7325	-1
7326	8463411
7327	-1
7328	8465575
7329	-1
7330	8467739
7331	-1
7332	8469903
7333	-1
7334	8472067
7335	-1
7336	-1
7337	8474231
7338	-1
7339	8476395
7340	-1
7341	8478559
7342	-1
7343	8480723
7344	-1
7345	8482887
7346	-1
7347	8485051
7348	-1
7349	-1
7350	8487215
7351	-1
7352	8489379
7353	-1
7354	8491543
7355	-1
7356	8493707
7357	-1
7358	8495871
7359	-1
7360	8498035
7361	-1
7362	-1
7363	8500199
7364	-1
7365	8502363
7366	-1
7367	8504527
7368	-1
7369	8506691
7370	-1
7371	8508855
7372	-1
7373	8511019
7374	-1
7375	-1
7376	8513183
7377	-1
7378	8515347
7379	-1
7380	8517511
7381	-1
7382	8519675
7383	-1
7384	8521839
7385	-1
7386	8524003
7387	-1
7388	-1
7389	8526167
7390	-1
7391	8528331
7392	-1
7393	8530495
7394	-1
7395	8532659
7396	-1
7397	8534823
7398	-1
7399	8536987
7400	-1
7401	-1
7402	8539151
7403	-1
7404	8541315
7405	-1
7406	8543479
7407	-1
7408	8545643
7409	-1
7410	8547807
7411	-1
7412	8549971
7413	-1
7414	-1
7415	8552135
7416	-1
7417	8554299
7418	-1
7419	8556463
7420	-1
7421	8558627
7422	-1
7423	8560791
7424	-1
7425	8562955
7426	-1
7427	-1
7428	8565119
7429	-1
7430	8567283
7431	-1
7432	8569447
7433	-1
7434	8571611
7435	-1
7436	8573775
7437	-1
7438	8575939
7439	-1
7440	-1
7441	8578103
7442	-1
7443	8580267
7444	-1
7445	8582431
7446	-1
7447	8584595
7448	-1
7449	8586759
7450	-1
7451	8588923
7452	-1
7453	8591087
7454	-1
7455	-1
7456	8593251
7457	-1
7458	8595415
7459	-1
7460	8597579
7461	-1
7462	8599743
7463	-1
7464	8601907
7465	-1
7466	8604071
7467	-1
7468	-1
7469	8606235
7470	-1
7471	8608399
7472	-1
7473	8610563
7474	-1
7475	8612727
7476	-1
7477	8614891
7478	-1
7479	8617055
7480	-1
7481	-1
7482	8619219
7483	-1
7484	8621383
7485	-1
7486	8623547
7487	-1
7488	8625711
7489	-1
7490	8627875
7491	-1
7492	8630039
7493	-1
7494	-1
7495	8632203
7496	-1
7497	8634367
7498	-1
7499	8636531
7500	-1
7501	8638695
7502	-1
7503	8640859
7504	-1
7505	8643023
7506	-1
7507	-1
7508	8645187
7509	-1
7510	8647351
7511	-1
7512	8649515
7513	-1
7514	8651679
7515	-1
7516	8653843
7517	-1
7518	8656007
7519	-1
7520	-1
7521	8658171
7522	-1
7523	8660335
7524	-1
7525	8662499
7526	-1
7527	8664663
7528	-1
7529	8666827
7530	-1
7531	8668991
7532	-1
7533	-1
7534	8671155
7535	-1
7536	8673319
7537	-1
7538	8675483
7539	-1
7540	8677647
7541	-1
7542	8679811
7543	-1
7544	8681975
7545	-1
7546	-1
7547	8684139
7548	-1
7549	8686303
7550	-1
7551	8688467
7552	-1
7553	8690631
7554	-1
7555	8692795
7556	-1
7557	8694959
7558	-1
7559	-1
7560	8697123
7561	-1
7562	8699287
7563	-1
7564	8701451
7565	-1
7566	8703615
7567	-1
7568	8705779
7569	-1
7570	8707943
7571	-1
7572	-1
7573	8710107
7574	-1
7575	8712271
7576	-1
7577	8714435
7578	-1
7579	8716599
7580	-1
7581	8718763
7582	-1
7583	8720927
7584	-1
7585	-1
7586	8723091
7587	-1
7588	8725255
7589	-1
7590	8727419
7591	-1
7592	8729583
7593	-1
7594	8731747
7595	-1
7596	8733911
7597	-1
7598	8736075
7599	-1
7600	-1
7601	8738239
7602	-1
7603	8740403
7604	-1
7605	8742567
7606	-1
7607	8744731
7608	-1
7609	8746895
7610	-1
7611	8749059
7612	-1
7613	-1
7614	8751223
7615	-1
7616	8753387
7617	-1
7618	8755551
7619	-1
7620	8757715
7621	-1
7622	8759879
7623	-1
7624	8762043
7625	-1
7626	-1
7627	8764207
7628	-1
7629	8766371
7630	-1
7631	8768535
7632	-1
7633	8770699
7634	-1
7635	8772863
7636	-1
7637	8775027
7638	-1
7639	-1
7640	8777191
7641	-1
7642	8779355
7643	-1
7644	8781519
7645	-1
7646	8783683
7647	-1
7648	8785847
7649	-1
7650	8788011
7651	-1
7652	-1
7653	8790175
7654	-1
7655	8792339
7656	-1
7657	8794503
7658	-1
7659	8796667
7660	-1
7661	8798831
7662	-1
7663	8800995
7664	-1
7665	-1
7666	8803159
7667	-1
7668	8805323
7669	-1
7670	8807487
7671	-1
7672	8809651
7673	-1
7674	8811815
7675	-1
7676	8813979
7677	-1
7678	-1
7679	8816143
7680	-1
7681	8818307
7682	-1
7683	8820471
7684	-1
7685	8822635
7686	-1
7687	8824799
7688	-1
7689	8826963
7690	-1
7691	-1
7692	8829127
7693	-1
7694	8831291
7695	-1
7696	8833455
7697	-1
7698	8835619
7699	-1
7700	8837783
7701	-1
7702	8839947
7703	-1
7704	-1
7705	8842111
7706	-1
7707	8844275
7708	-1
7709	8846439
7710	-1
7711	8848603
7712	-1
7713	8850767
7714	-1
7715	8852931
7716	-1
7717	-1
7718	8855095
7719	-1
7720	8857259
7721	-1
7722	8859423
7723	-1
7724	8861587
7725	-1
7726	8863751
7727	-1
7728	8865915
7729	-1
7730	8868079
7731	-1
7732	-1
7733	8870243
7734	-1
7735	8872407
7736	-1
7737	8874571
7738	-1
7739	8876735
7740	-1
7741	8878899
7742	-1
7743	8881063
7744	-1
7745	-1
7746	8883227
7747	-1
7748	8885391
7749	-1
7750	8887555
7751	-1
7752	8889719
7753	-1
7754	8891883
7755	-1
7756	8894047
7757	-1
7758	-1
7759	8896211
7760	-1
7761	8898375
7762	-1
7763	8900539
7764	-1
7765	8902703
7766	-1
7767	8904867
7768	-1
7769	8907031
7770	-1
7771	-1
7772	8909195
7773	-1
7774	8911359
7775	-1
7776	8913523
7777	-1
7778	8915687
7779	-1
7780	8917851
7781	-1
7782	8920015
7783	-1
7784	-1
7785	8922179
7786	-1
7787	8924343
7788	-1
7789	8926507
7790	-1
7791	8928671
7792	-1
7793	8930835
7794	-1
7795	8932999
7796	-1
7797	-1
7798	8935163
7799	-1
7800	8937327
7801	-1
7802	8939491
7803	-1
7804	8941655
7805	-1
7806	8943819
7807	-1
7808	8945983
7809	-1
7810	-1
7811	8948147
7812	-1
7813	8950311
7814	-1
7815	8952475
7816	-1
7817	8954639
7818	-1
7819	8956803
7820	-1
7821	8958967
7822	-1
7823	-1
7824	8961131
7825	-1
7826	8963295
7827	-1
7828	8965459
7829	-1
7830	8967623
7831	-1
7832	8969787
7833	-1
7834	8971951
7835	-1
7836	-1
7837	8974115
7838	-1
7839	8976279
7840	-1
7841	8978443
7842	-1
7843	8980607
7844	-1
7845	8982771
7846	-1
7847	8984935
7848	-1
7849	-1
7850	8987099
7851	-1
7852	8989263
7853	-1
7854	8991427
7855	-1
7856	8993591
7857	-1
7858	8995755
7859	-1
7860	8997919
7861	-1
7862	9000083
7863	-1
7864	-1
7865	9002247
7866	-1
7867	9004411
7868	-1
7869	9006575
7870	-1
7871	9008739
7872	-1
7873	9010903
7874	-1
7875	9013067
7876	-1
7877	-1
7878	9015231
7879	-1
7880	9017395
7881	-1
7882	9019559
7883	-1
7884	9021723
7885	-1
7886	9023887
7887	-1
7888	9026051
7889	-1
7890	-1
7891	9028215
7892	-1
7893	9030379
7894	-1
7895	9032543
7896	-1
7897	9034707
7898	-1
7899	9036871
7900	-1
7901	9039035
7902	-1
7903	-1
7904	9041199
7905	-1
7906	9043363
7907	-1
7908	9045527
7909	-1
7910	9047691
7911	-1
7912	9049855
7913	-1
7914	9052019
7915	-1
7916	-1
7917	9054183
7918	-1
7919	9056347
7920	-1
7921	9058511
7922	-1
7923	9060675
7924	-1
7925	9062839
7926	-1
7927	9065003
7928	-1
7929	-1
7930	9067167
7931	-1
7932	9069331
7933	-1
7934	9071495
7935	-1
7936	9073659
7937	-1
7938	9075823
7939	-1
7940	9077987
7941	-1
7942	-1
7943	9080151
7944	-1
7945	9082315
7946	-1
7947	9084479
7948	-1
7949	9086643
7950	-1
7951	9088807
7952	-1
7953	9090971
7954	-1
7955	-1
7956	9093135
7957	-1
7958	9095299
7959	-1
7960	9097463
7961	-1
7962	9099627
7963	-1
7964	9101791
7965	-1
7966	9103955
7967	-1
7968	-1
7969	9106119
7970	-1
7971	9108283
7972	-1
7973	9110447
7974	-1
7975	9112611
7976	-1
7977	9114775
7978	-1
7979	9116939
7980	-1
7981	-1
7982	9119103
7983	-1
7984	9121267
7985	-1
7986	9123431
7987	-1
7988	9125595
7989	-1
7990	9127759
7991	-1
7992	9129923
7993	-1
7994	9132087
7995	-1
7996	-1
7997	9134251
7998	-1
7999	9136415
8000	-1
8001	9138579
8002	-1
8003	9140743
8004	-1
8005	9142907
8006	-1
8007	9145071
8008	-1
8009	-1
8010	9147235
8011	-1
8012	9149399
8013	-1
8014	9151563
8015	-1
8016	9153727
8017	-1
8018	9155891
8019	-1
8020	9158055
8021	-1
8022	-1
8023	9160219
8024	-1
8025	9162383
8026	-1
8027	9164547
8028	-1
8029	9166711
8030	-1
8031	9168875
8032	-1
8033	9171039
8034	-1
8035	-1
8036	9173203
8037	-1
8038	9175367
8039	-1
8040	9177531
8041	-1
8042	9179695
8043	-1
8044	9181859
8045	-1
8046	9184023
8047	-1
8048	-1
8049	9186187
8050	-1
8051	9188351
8052	-1
8053	9190515
8054	-1
8055	9192679
8056	-1
8057	9194843
8058	-1
8059	9197007
8060	-1
8061	-1
8062	9199171
8063	-1
8064	9201335
8065	-1
8066	9203499
8067	-1
8068	9205663
8069	-1
8070	9207827
8071	-1
8072	9209991
8073	-1
8074	-1
8075	9212155
8076	-1
8077	9214319
8078	-1
8079	9216483
8080	-1
8081	9218647
8082	-1
8083	9220811
8084	-1
8085	9222975
8086	-1
8087	-1
8088	9225139
8089	-1
8090	9227303
8091	-1
8092	9229467
8093	-1
8094	9231631
8095	-1
8096	9233795
8097	-1
8098	9235959
8099	-1
8100	-1
8101	9238123
8102	-1
8103	9240287
8104	-1
8105	9242451
8106	-1
8107	9244615
8108	-1
8109	9246779
8110	-1
8111	9248943
8112	-1
8113	-1
8114	9251107
8115	-1
8116	9253271
8117	-1
8118	9255435
8119	-1
8120	9257599
8121	-1
8122	9259763
8123	-1
8124	9261927
8125	-1
8126	-1
8127	9264091
8128	-1
8129	9266255
8130	-1
8131	9268419
8132	-1
8133	9270583
8134	-1
8135	9272747
8136	-1
8137	9274911
8138	-1
8139	9277075
8140	-1
8141	-1
8142	9279239
8143	-1
8144	9281403
8145	-1
8146	9283567
8147	-1
8148	9285731
8149	-1
8150	9287895
8151	-1
8152	9290059
8153	-1
8154	-1
8155	9292223
8156	-1
8157	9294387
8158	-1
8159	9296551
8160	-1
8161	9298715
8162	-1
8163	9300879
8164	-1
8165	9303043
8166	-1
8167	-1
8168	9305207
8169	-1
8170	9307371
8171	-1
8172	9309535
8173	-1
8174	9311699
8175	-1
8176	9313863
8177	-1
8178	9316027
8179	-1
8180	-1
8181	9318191
8182	-1
8183	9320355
8184	-1
8185	9322519
8186	-1
8187	9324683
8188	-1
8189	9326847
8190	-1
8191	9329011
8192	-1
8193	-1
8194	9331175
8195	-1
8196	9333339
8197	-1
8198	9335503
8199	-1
8200	9337667
8201	-1
8202	9339831
8203	-1
8204	9341995
8205	-1
8206	-1
8207	9344159
8208	-1
8209	9346323
8210	-1
8211	9348487
8212	-1
8213	9350651
8214	-1
8215	9352815
8216	-1
8217	9354979
8218	-1
8219	-1
8220	9357143
8221	-1
8222	9359307
8223	-1
8224	9361471
8225	-1
8226	9363635
8227	-1
8228	9365799
8229	-1
8230	9367963
8231	-1
8232	-1
8233	9370127
8234	-1
8235	9372291
8236	-1
8237	9374455
8238	-1
8239	9376619
8240	-1
8241	9378783
8242	-1
8243	9380947
8244	-1
8245	-1
8246	9383111
8247	-1
8248	9385275
8249	-1
8250	9387439
8251	-1
8252	9389603
8253	-1
8254	9391767
8255	-1
8256	9393931
8257	-1
8258	-1
8259	9396095
8260	-1
8261	9398259
8262	-1
8263	9400423
8264	-1
8265	9402587
8266	-1
8267	9404751
8268	-1
8269	9406915
8270	-1
8271	9409079
8272	-1
8273	-1
8274	9411243
8275	-1
8276	9413407
8277	-1
8278	9415571
8279	-1
8280	9417735
8281	-1
8282	9419899
8283	-1
8284	9422063
8285	-1
8286	-1
8287	9424227
8288	-1
8289	9426391
8290	-1
8291	9428555
8292	-1
8293	9430719
8294	-1
8295	9432883
8296	-1
8297	9435047
8298	-1
8299	-1
8300	9437211
8301	-1
8302	9439375
8303	-1
8304	9441539
8305	-1
8306	9443703
8307	-1
8308	9445867
8309	-1
8310	9448031
8311	-1
8312	-1
8313	9450195
8314	-1
8315	9452359
8316	-1
8317	9454523
8318	-1
8319	9456687
8320	-1
8321	9458851
8322	-1
8323	9461015
8324	-1
8325	-1
8326	9463179
8327	-1
8328	9465343
8329	-1
8330	9467507
8331	-1
8332	9469671
8333	-1
8334	9471835
8335	-1
8336	9473999
8337	-1
8338	-1
8339	9476163
8340	-1
8341	9478327
8342	-1
8343	9480491
8344	-1
8345	9482655
8346	-1
8347	9484819
8348	-1
8349	9486983
8350	-1
8351	-1
8352	9489147
8353	-1
8354	9491311
8355	-1
8356	9493475
8357	-1
8358	9495639
8359	-1
8360	9497803
8361	-1
8362	9499967
8363	-1
8364	-1
8365	9502131
8366	-1
8367	9504295
8368	-1
8369	9506459
8370	-1
8371	9508623
8372	-1
8373	9510787
8374	-1
8375	9512951
8376	-1
8377	-1
8378	9515115
8379	-1
8380	9517279
8381	-1
8382	9519443
8383	-1
8384	9521607
8385	-1
8386	9523771
8387	-1
8388	9525935
8389	-1
8390	-1
8391	9528099
8392	-1
8393	9530263
8394	-1
8395	9532427
8396	-1
8397	9534591
8398	-1
8399	9536755
8400	-1
8401	9538919
8402	-1
8403	9541083
8404	-1
8405	-1
8406	9543247
8407	-1
8408	9545411
8409	-1
8410	9547575
8411	-1
8412	9549739
8413	-1
8414	9551903
8415	-1
8416	9554067
8417	-1
8418	-1
8419	9556231
8420	-1
8421	9558395
8422	-1
8423	9560559
8424	-1
8425	9562723
8426	-1
8427	9564887
8428	-1
8429	9567051
8430	-1
8431	-1
8432	9569215
8433	-1
8434	9571379
8435	-1
8436	9573543
8437	-1
8438	9575707
8439	-1
8440	9577871
8441	-1
8442	9580035
8443	-1
8444	-1
8445	9582199
8446	-1
8447	9584363
8448	-1
8449	9586527
8450	-1
8451	9588691
8452	-1
8453	9590855
8454	-1
8455	9593019
8456	-1
8457	-1
8458	9595183
8459	-1
8460	9597347
8461	-1
8462	9599511
8463	-1
8464	9601675
8465	-1
8466	9603839
8467	-1
8468	9606003
8469	-1
8470	-1
8471	9608167
8472	-1
8473	9610331
8474	-1
8475	9612495
8476	-1
8477	9614659
8478	-1
8479	9616823
8480	-1
8481	9618987
8482	-1
8483	-1
8484	9621151
8485	-1
8486	9623315
8487	-1
8488	9625479
8489	-1
8490	9627643
8491	-1
8492	9629807
8493	-1
8494	9631971
8495	-1
8496	-1
8497	9634135
8498	-1
8499	9636299
8500	-1
8501	9638463
8502	-1
8503	9640627
8504	-1
8505	9642791
8506	-1
8507	9644955
8508	-1
8509	-1
8510	9647119
8511	-1
8512	9649283
8513	-1
8514	9651447
8515	-1
8516	9653611
8517	-1
8518	9655775
8519	-1
8520	9657939
8521	-1
8522	-1
8523	9660103
8524	-1
8525	9662267
8526	-1
8527	9664431
8528	-1
8529	9666595
8530	-1
8531	9668759
8532	-1
8533	9670923
8534	-1
8535	9673087
8536	-1
8537	-1
8538	9675251
8539	-1
8540	9677415
8541	-1
8542	9679579
8543	-1
8544	9681743
8545	-1
8546	9683907
8547	-1
8548	9686071
8549	-1
8550	-1
8551	9688235
8552	-1
8553	9690399
8554	-1
8555	9692563
8556	-1
8557	9694727
8558	-1
8559	9696891
8560	-1
8561	9699055
8562	-1
8563	-1
8564	9701219
8565	-1
8566	9703383
8567	-1
8568	9705547
8569	-1
8570	9707711
8571	-1
8572	9709875
8573	-1
8574	9712039
8575	-1
8576	-1
8577	9714203
8578	-1
8579	9716367
8580	-1
8581	9718531
8582	-1
8583	9720695
8584	-1
8585	9722859
8586	-1
8587	9725023
8588	-1
8589	-1
8590	9727187
8591	-1
8592	9729351
8593	-1
8594	9731515
8595	-1
8596	9733679
8597	-1
8598	9735843
8599	-1
8600	9738007
8601	-1
8602	-1
8603	9740171
8604	-1
8605	9742335
8606	-1
8607	9744499
8608	-1
8609	9746663
8610	-1
8611	9748827
8612	-1
8613	9750991
8614	-1
8615	-1
8616	9753155
8617	-1
8618	9755319
8619	-1
8620	9757483
8621	-1
8622	9759647
8623	-1
8624	9761811
8625	-1
8626	9763975
8627	-1
8628	-1
8629	9766139
8630	-1
8631	9768303
8632	-1
8633	9770467
8634	-1
8635	9772631
8636	-1
8637	9774795
8638	-1
8639	9776959
8640	-1
8641	-1
8642	9779123
8643	-1
8644	9781287
8645	-1
8646	9783451
8647	-1
8648	9785615
8649	-1
8650	9787779
8651	-1
8652	9789943
8653	-1
8654	-1
8655	9792107
8656	-1
8657	9794271
8658	-1
8659	9796435
8660	-1
8661	9798599
8662	-1
8663	9800763
8664	-1
8665	9802927
8666	-1
8667	-1
8668	9805091
8669	-1
8670	9807255
8671	-1
8672	9809419
8673	-1
8674	9811583
8675	-1
8676	9813747
8677	-1
8678	9815911
8679	-1
8680	9818075
8681	-1
8682	-1
8683	9820239
8684	-1
8685	9822403
8686	-1
8687	9824567
8688	-1
8689	9826731
8690	-1
8691	9828895
8692	-1
8693	9831059
8694	-1
8695	-1
8696	9833223
8697	-1
8698	9835387
8699	-1
8700	9837551
8701	-1
8702	9839715
8703	-1
8704	9841879
8705	-1
8706	9844043
8707	-1
8708	-1
8709	9846207
8710	-1
8711	9848371
8712	-1
8713	9850535
8714	-1
8715	9852699
8716	-1
8717	9854863
8718	-1
8719	9857027
8720	-1
8721	-1
8722	9859191
8723	-1
8724	9861355
8725	-1
8726	9863519
8727	-1
8728	9865683
8729	-1
8730	9867847
8731	-1
8732	9870011
8733	-1
8734	-1
8735	9872175
8736	-1
8737	9874339
8738	-1
8739	9876503
8740	-1
8741	9878667
8742	-1
8743	9880831
8744	-1
8745	9882995
8746	-1
8747	-1
8748	9885159
8749	-1
8750	9887323
8751	-1
8752	9889487
8753	-1
8754	9891651
8755	-1
8756	9893815
8757	-1
8758	9895979
8759	-1
8760	-1
8761	9898143
8762	-1
8763	9900307
8764	-1
8765	9902471
8766	-1
8767	9904635
8768	-1
8769	9906799
8770	-1
8771	9908963
8772	-1
8773	-1
8774	9911127
8775	-1
8776	9913291
8777	-1
8778	9915455
8779	-1
8780	9917619
8781	-1
8782	9919783
8783	-1
8784	9921947
8785	-1
8786	-1
8787	9924111
8788	-1
8789	9926275
8790	-1
8791	9928439
8792	-1
8793	9930603
8794	-1
8795	9932767
8796	-1
8797	9934931
8798	-1
8799	-1
8800	9937095
8801	-1
8802	9939259
8803	-1
8804	9941423
8805	-1
8806	9943587
8807	-1
8808	9945751
8809	-1
8810	9947915
8811	-1
8812	9950079
8813	-1
8814	-1
8815	9952243
8816	-1
8817	9954407
8818	-1
8819	9956571
8820	-1
8821	9958735
8822	-1
8823	9960899
8824	-1
8825	9963063
8826	-1
8827	-1
8828	9965227
8829	-1
8830	9967391
8831	-1
8832	9969555
8833	-1
8834	9971719
8835	-1
8836	9973883
8837	-1
8838	9976047
8839	-1
8840	-1
8841	9978211
8842	-1
8843	9980375
8844	-1
8845	9982539
8846	-1
8847	9984703
8848	-1
8849	9986867
8850	-1
8851	9989031
8852	-1
8853	-1
8854	9991195
8855	-1
8856	9993359
8857	-1
8858	9995523
8859	-1
8860	9997687
8861	-1
8862	9999851
8863	-1
8864	-1
8865	-1
8866	-1
8867	-1
8868	-1
8869	-1
8870	-1
8871	-1
8872	-1
8873	-1
8874	-1
8875	-1
8876	-1
8877	-1
8878	-1
8879	-1
8880	-1
8881	-1
8882	-1
8883	-1
8884	-1
8885	-1
8886	-1
8887	-1
8888	-1
8889	-1
8890	-1
8891	-1
8892	-1
8893	-1
8894	-1
8895	-1
8896	-1
8897	-1
8898	-1
8899	-1
8900	-1
8901	-1
8902	-1
8903	-1
8904	-1
8905	-1
8906	-1
8907	-1
8908	-1
8909	-1
8910	-1
8911	-1
8912	-1
8913	-1
8914	-1
8915	-1
8916	-1
8917	-1
8918	-1
8919	-1
8920	-1
8921	-1
8922	-1
8923	-1
8924	-1
8925	-1
8926	-1
8927	-1
8928	-1
8929	-1
8930	-1
8931	-1
8932	-1
8933	-1
8934	-1
8935	-1
8936	-1
8937	-1
8938	-1
8939	-1
8940	-1
8941	-1
8942	-1
8943	-1
8944	-1
8945	-1
8946	-1
8947	-1
8948	-1
8949	-1
8950	-1
8951	-1
8952	-1
8953	-1
8954	-1
8955	-1
8956	-1
8957	-1
8958	-1
8959	-1
8960	-1
8961	-1
8962	-1
8963	-1
8964	-1
8965	-1
8966	-1
8967	-1
8968	-1
8969	-1
8970	-1
8971	-1
8972	-1
8973	-1
8974	-1
8975	-1
8976	-1
8977	-1
8978	-1
8979	-1
8980	-1
8981	-1
8982	-1
8983	-1
8984	-1
8985	-1
8986	-1
8987	-1
8988	-1
8989	-1
8990	-1
8991	-1
8992	-1
8993	-1
8994	-1
8995	-1
8996	-1
8997	-1
8998	-1
8999	-1
9000	-1
9001	-1
9002	-1
9003	-1
9004	-1
9005	-1
9006	-1
9007	-1
9008	-1
9009	-1
9010	-1
9011	-1
9012	-1
9013	-1
9014	-1
9015	-1
9016	-1
9017	-1
9018	-1
9019	-1
9020	-1
9021	-1
9022	-1
9023	-1
9024	-1
9025	-1
9026	-1
9027	-1
9028	-1
9029	-1
9030	-1
9031	-1
9032	-1
9033	-1
9034	-1
9035	-1
9036	-1
9037	-1
9038	-1
9039	-1
9040	-1
9041	-1
9042	-1
9043	-1
9044	-1
9045	-1
9046	-1
9047	-1
9048	-1
9049	-1
9050	-1
9051	-1
9052	-1
9053	-1
9054	-1
9055	-1
9056	-1
9057	-1
9058	-1
9059	-1
9060	-1
9061	-1
9062	-1
9063	-1
9064	-1
9065	-1
9066	-1
9067	-1
9068	-1
9069	-1
9070	-1
9071	-1
9072	-1
9073	-1
9074	-1
9075	-1
9076	-1
9077	-1
9078	-1
9079	-1
9080	-1
9081	-1
9082	-1
9083	-1
9084	-1
9085	-1
9086	-1
9087	-1
9088	-1
9089	-1
9090	-1
9091	-1
9092	-1
9093	-1
9094	-1
9095	-1
9096	-1
9097	-1
9098	-1
9099	-1
9100	-1
9101	-1
9102	-1
9103	-1
9104	-1
9105	-1
9106	-1
9107	-1
9108	-1
9109	-1
9110	-1
9111	-1
9112	-1
9113	-1
9114	-1
9115	-1
9116	-1
9117	-1
9118	-1
9119	-1
9120	-1
9121	-1
9122	-1
9123	-1
9124	-1
9125	-1
9126	-1
9127	-1
9128	-1
9129	-1
9130	-1
9131	-1
9132	-1
9133	-1
9134	-1
9135	-1
9136	-1
9137	-1
9138	-1
9139	-1
9140	-1
9141	-1
9142	-1
9143	-1
9144	-1
9145	-1
9146	-1
9147	-1
9148	-1
9149	-1
9150	-1
9151	-1
9152	-1
9153	-1
9154	-1
9155	-1
9156	-1
9157	-1
9158	-1
9159	-1
9160	-1
9161	-1
9162	-1
9163	-1
9164	-1
9165	-1
9166	-1
9167	-1
9168	-1
9169	-1
9170	-1
9171	-1
9172	-1
9173	-1
9174	-1
9175	-1
9176	-1
9177	-1
9178	-1
9179	-1
9180	-1
9181	-1
9182	-1
9183	-1
9184	-1
9185	-1
9186	-1
9187	-1
9188	-1
9189	-1
9190	-1
9191	-1
9192	-1
9193	-1
9194	-1
9195	-1
9196	-1
9197	-1
9198	-1
9199	-1
9200	-1
9201	-1
9202	-1
9203	-1
9204	-1
9205	-1
9206	-1
9207	-1
9208	-1
9209	-1
9210	-1
9211	-1
9212	-1
9213	-1
9214	-1
9215	-1
9216	-1
9217	-1
9218	-1
9219	-1
9220	-1
9221	-1
9222	-1
9223	-1
9224	-1
9225	-1
9226	-1
9227	-1
9228	-1
9229	-1
9230	-1
9231	-1
9232	-1
9233	-1
9234	-1
9235	-1
9236	-1
9237	-1
9238	-1
9239	-1
9240	-1
9241	-1
9242	-1
9243	-1
9244	-1
9245	-1
9246	-1
9247	-1
9248	-1
9249	-1
9250	-1
9251	-1
9252	-1
9253	-1
9254	-1
9255	-1
9256	-1
9257	-1
9258	-1
9259	-1
9260	-1
9261	-1
9262	-1
9263	-1
9264	-1
9265	-1
9266	-1
9267	-1
9268	-1
9269	-1
9270	-1
9271	-1
9272	-1
9273	-1
9274	-1
9275	-1
9276	-1
9277	-1
9278	-1
9279	-1
9280	-1
9281	-1
9282	-1
9283	-1
9284	-1
9285	-1
9286	-1
9287	-1
9288	-1
9289	-1
9290	-1
9291	-1
9292	-1
9293	-1
9294	-1
9295	-1
9296	-1
9297	-1
9298	-1
9299	-1
9300	-1
9301	-1
9302	-1
9303	-1
9304	-1
9305	-1
9306	-1
9307	-1
9308	-1
9309	-1
9310	-1
9311	-1
9312	-1
9313	-1
9314	-1
9315	-1
9316	-1
9317	-1
9318	-1
9319	-1
9320	-1
9321	-1
9322	-1
9323	-1
9324	-1
9325	-1
9326	-1
9327	-1
9328	-1
9329	-1
9330	-1
9331	-1
9332	-1
9333	-1
9334	-1
9335	-1
9336	-1
9337	-1
9338	-1
9339	-1
9340	-1
9341	-1
9342	-1
9343	-1
9344	-1
9345	-1
9346	-1
9347	-1
9348	-1
9349	-1
9350	-1
9351	-1
9352	-1
9353	-1
9354	-1
9355	-1
9356	-1
9357	-1
9358	-1
9359	-1
9360	-1
9361	-1
9362	-1
9363	-1
9364	-1
9365	-1
9366	-1
9367	-1
9368	-1
9369	-1
9370	-1
9371	-1
9372	-1
9373	-1
9374	-1
9375	-1
9376	-1
9377	-1
9378	-1
9379	-1
9380	-1
9381	-1
9382	-1
9383	-1
9384	-1
9385	-1
9386	-1
9387	-1
9388	-1
9389	-1
9390	-1
9391	-1
9392	-1
9393	-1
9394	-1
9395	-1
9396	-1
9397	-1
9398	-1
9399	-1
9400	-1
9401	-1
9402	-1
9403	-1
9404	-1
9405	-1
9406	-1
9407	-1
9408	-1
9409	-1
9410	-1
9411	-1
9412	-1
9413	-1
9414	-1
9415	-1
9416	-1
9417	-1
9418	-1
9419	-1
9420	-1
9421	-1
9422	-1
9423	-1
9424	-1
9425	-1
9426	-1
9427	-1
9428	-1
9429	-1
9430	-1
9431	-1
9432	-1
9433	-1
9434	-1
9435	-1
9436	-1
9437	-1
9438	-1
9439	-1
9440	-1
9441	-1
9442	-1
9443	-1
9444	-1
9445	-1
9446	-1
9447	-1
9448	-1
9449	-1
9450	-1
9451	-1
9452	-1
9453	-1
9454	-1
9455	-1
9456	-1
9457	-1
9458	-1
9459	-1
9460	-1
9461	-1
9462	-1
9463	-1
9464	-1
9465	-1
9466	-1
9467	-1
9468	-1
9469	-1
9470	-1
9471	-1
9472	-1
9473	-1
9474	-1
9475	-1
9476	-1
9477	-1
9478	-1
9479	-1
9480	-1
9481	-1
9482	-1
9483	-1
9484	-1
9485	-1
9486	-1
9487	-1
9488	-1
9489	-1
9490	-1
9491	-1
9492	-1
9493	-1
9494	-1
9495	-1
9496	-1
9497	-1
9498	-1
9499	-1
9500	-1
9501	-1
9502	-1
9503	-1
9504	-1
9505	-1
9506	-1
9507	-1
9508	-1
9509	-1
9510	-1
9511	-1
9512	-1
9513	-1
9514	-1
9515	-1
9516	-1
9517	-1
9518	-1
9519	-1
9520	-1
9521	-1
9522	-1
9523	-1
9524	-1
9525	-1
9526	-1
9527	-1
9528	-1
9529	-1
9530	-1
9531	-1
9532	-1
9533	-1
9534	-1
9535	-1
9536	-1
9537	-1
9538	-1
9539	-1
9540	-1
9541	-1
9542	-1
9543	-1
9544	-1
9545	-1
9546	-1
9547	-1
9548	-1
9549	-1
9550	-1
9551	-1
9552	-1
9553	-1
9554	-1
9555	-1
9556	-1
9557	-1
9558	-1
9559	-1
9560	-1
9561	-1
9562	-1
9563	-1
9564	-1
9565	-1
9566	-1
9567	-1
9568	-1
9569	-1
9570	-1
9571	-1
9572	-1
9573	-1
9574	-1
9575	-1
9576	-1
9577	-1
9578	-1
9579	-1
9580	-1
9581	-1
9582	-1
9583	-1
9584	-1
9585	-1
9586	-1
9587	-1
9588	-1
9589	-1
9590	-1
9591	-1
9592	-1
9593	-1
9594	-1
9595	-1
9596	-1
9597	-1
9598	-1
9599	-1
9600	-1
9601	-1
9602	-1
9603	-1
9604	-1
9605	-1
9606	-1
9607	-1
9608	-1
9609	-1
9610	-1
9611	-1
9612	-1
9613	-1
9614	-1
9615	-1
9616	-1
9617	-1
9618	-1
9619	-1
9620	-1
9621	-1
9622	-1
9623	-1
9624	-1
9625	-1
9626	-1
9627	-1
9628	-1
9629	-1
9630	-1
9631	-1
9632	-1
9633	-1
9634	-1
9635	-1
9636	-1
9637	-1
9638	-1
9639	-1
9640	-1
9641	-1
9642	-1
9643	-1
9644	-1
9645	-1
9646	-1
9647	-1
9648	-1
9649	-1
9650	-1
9651	-1
9652	-1
9653	-1
9654	-1
9655	-1
9656	-1
9657	-1
9658	-1
9659	-1
9660	-1
9661	-1
9662	-1
9663	-1
9664	-1
9665	-1
9666	-1
9667	-1
9668	-1
9669	-1
9670	-1
9671	-1
9672	-1
9673	-1
9674	-1
9675	-1
9676	-1
9677	-1
9678	-1
9679	-1
9680	-1
9681	-1
9682	-1
9683	-1
9684	-1
9685	-1
9686	-1
9687	-1
9688	-1
9689	-1
9690	-1
9691	-1
9692	-1
9693	-1
9694	-1
9695	-1
9696	-1
9697	-1
9698	-1
9699	-1
9700	-1
9701	-1
9702	-1
9703	-1
9704	-1
9705	-1
9706	-1
9707	-1
9708	-1
9709	-1
9710	-1
9711	-1
9712	-1
9713	-1
9714	-1
9715	-1
9716	-1
9717	-1
9718	-1
9719	-1
9720	-1
9721	-1
9722	-1
9723	-1
9724	-1
9725	-1
9726	-1
9727	-1
9728	-1
9729	-1
9730	-1
9731	-1
9732	-1
9733	-1
9734	-1
9735	-1
9736	-1
9737	-1
9738	-1
9739	-1
9740	-1
9741	-1
9742	-1
9743	-1
9744	-1
9745	-1
9746	-1
9747	-1
9748	-1
9749	-1
9750	-1
9751	-1
9752	-1
9753	-1
9754	-1
9755	-1
9756	-1
9757	-1
9758	-1
9759	-1
9760	-1
9761	-1
9762	-1
9763	-1
9764	-1
9765	-1
9766	-1
9767	-1
9768	-1
9769	-1
9770	-1
9771	-1
9772	-1
9773	-1
9774	-1
9775	-1
9776	-1
9777	-1
9778	-1
9779	-1
9780	-1
9781	-1
9782	-1
9783	-1
9784	-1
9785	-1
9786	-1
9787	-1
9788	-1
9789	-1
9790	-1
9791	-1
9792	-1
9793	-1
9794	-1
9795	-1
9796	-1
9797	-1
9798	-1
9799	-1
9800	-1
9801	-1
9802	-1
9803	-1
9804	-1
9805	-1
9806	-1
9807	-1
9808	-1
9809	-1
9810	-1
9811	-1
9812	-1
9813	-1
9814	-1
9815	-1
9816	-1
9817	-1
9818	-1
9819	-1
9820	-1
9821	-1
9822	-1
9823	-1
9824	-1
9825	-1
9826	-1
9827	-1
9828	-1
9829	-1
9830	-1
9831	-1
9832	-1
9833	-1
9834	-1
9835	-1
9836	-1
9837	-1
9838	-1
9839	-1
9840	-1
9841	-1
9842	-1
9843	-1
9844	-1
9845	-1
9846	-1
9847	-1
9848	-1
9849	-1
9850	-1
9851	-1
9852	-1
9853	-1
9854	-1
9855	-1
9856	-1
9857	-1
9858	-1
9859	-1
9860	-1
9861	-1
9862	-1
9863	-1
9864	-1
9865	-1
9866	-1
9867	-1
9868	-1
9869	-1
9870	-1
9871	-1
9872	-1
9873	-1
9874	-1
9875	-1
9876	-1
9877	-1
9878	-1
9879	-1
9880	-1
9881	-1
9882	-1
9883	-1
9884	-1
9885	-1
9886	-1
9887	-1
9888	-1
9889	-1
9890	-1
9891	-1
9892	-1
9893	-1
9894	-1
9895	-1
9896	-1
9897	-1
9898	-1
9899	-1
9900	-1
9901	-1
9902	-1
9903	-1
9904	-1
9905	-1
9906	-1
9907	-1
9908	-1
9909	-1
9910	-1
9911	-1
9912	-1
9913	-1
9914	-1
9915	-1
9916	-1
9917	-1
9918	-1
9919	-1
9920	-1
9921	-1
9922	-1
9923	-1
9924	-1
9925	-1
9926	-1
9927	-1
9928	-1
9929	-1
9930	-1
9931	-1
9932	-1
9933	-1
9934	-1
9935	-1
9936	-1
9937	-1
9938	-1
9939	-1
9940	-1
9941	-1
9942	-1
9943	-1
9944	-1
9945	-1
9946	-1
9947	-1
9948	-1
9949	-1
9950	-1
9951	-1
9952	-1
9953	-1
9954	-1
9955	-1
9956	-1
9957	-1
9958	-1
9959	-1
9960	-1
9961	-1
9962	-1
9963	-1
9964	-1
9965	-1
9966	-1
9967	-1
9968	-1
9969	-1
9970	-1
9971	-1
9972	-1
9973	-1
9974	-1
9975	-1
9976	-1
9977	-1
9978	-1
9979	-1
9980	-1
9981	-1
9982	-1
9983	-1
9984	-1
9985	-1
9986	-1
9987	-1
9988	-1
9989	-1
9990	-1
9991	-1
9992	-1
9993	-1
9994	-1
9995	-1
9996	-1
9997	-1
9998	-1
9999	-1
