0	1010879
1	1015443
2	1020007
3	1024571
4	1029135
5	1033699
6	1038263
7	1042827
8	1047391
9	1051955
10	1056519
11	1061083
12	1065647
13	1070211
14	1074775
15	1079339
16	1083903
17	1088467
18	1093031
19	1097595
20	1102159
21	1106723
22	1111287
23	1115851
24	1120415
25	1124979
26	1129543
27	1134107
28	1138671
29	1143235
30	1147799
31	1152363
32	1156927
33	1161491
34	1166055
35	1170619
36	1175183
37	1179747
38	1184311
39	1188875
40	1193439
41	1198003
42	1202567
43	1207131
44	1211695
45	1216259
46	1220823
47	1225387
48	1229951
49	1234515
50	1239079
51	1243643
52	1248207
53	1252771
54	1257335
55	1261899
56	1266463
57	1271027
58	1275591
59	1280155
60	1284719
61	1289283
62	1293847
63	1298411
64	1302975
65	1307539
66	1312103
67	1316667
68	1321231
69	1325795
70	1330359
71	1334923
72	1339487
73	1344051
74	1348615
75	1353179
76	1357743
77	-1
78	1362307
79	-1
80	-1
81	-1
82	-1
83	1366871
84	-1
85	-1
86	-1
87	1371435
88	-1
89	-1
90	-1
91	-1
92	1375999
93	-1
94	-1
95	-1
96	1380563
97	-1
98	-1
99	-1
100	-1
101	1385127
102	-1
103	-1
104	-1
105	-1
106	1389691
107	-1
108	-1
109	-1
110	1394255
111	-1
112	-1
113	-1
114	-1
115	1398819
116	-1
117	-1
118	-1
119	1403383
120	-1
121	-1
122	-1
123	-1
124	1407947
125	-1
126	-1
127	-1
128	1412511
129	-1
130	-1
131	-1
132	-1
133	1417075
134	-1
135	-1
136	-1
137	-1
138	1421639
139	-1
140	-1
141	-1
142	1426203
143	-1
144	-1
145	-1
146	-1
147	1430767
148	-1
149	-1
150	-1
151	1435331
152	-1
153	-1
154	-1
155	-1
156	1439895
157	-1
158	-1
159	-1
160	1444459
161	-1
162	-1
163	-1
164	-1
165	1449023
166	-1
167	-1
168	-1
169	-1
170	1453587
171	-1
172	-1
173	-1
174	1458151
175	-1
176	-1
177	-1
178	-1
179	1462715
180	-1
181	-1
182	-1
183	1467279
184	-1
185	-1
186	-1
187	-1
188	1471843
189	-1
190	-1
191	-1
192	1476407
193	-1
194	-1
195	-1
196	-1
197	1480971
198	-1
199	-1
200	-1
201	1485535
202	-1
203	-1
204	-1
205	-1
206	1490099
207	-1
208	-1
209	-1
210	-1
211	1494663
212	-1
213	-1
214	-1
215	1499227
216	-1
217	-1
218	-1
219	-1
220	1503791
221	-1
222	-1
223	-1
224	1508355
225	-1
226	-1
227	-1
228	-1
229	1512919
230	-1
231	-1
232	-1
233	1517483
234	-1
235	-1
236	-1
237	-1
238	1522047
239	-1
240	-1
241	-1
242	-1
243	1526611
244	-1
245	-1
246	-1
247	1531175
248	-1
249	-1
250	-1
251	-1
252	1535739
253	-1
254	-1
255	-1
256	1540303
257	-1
258	-1
259	-1
260	-1
261	1544867
262	-1
263	-1
264	-1
265	1549431
266	-1
267	-1
268	-1
269	-1
270	1553995
271	-1
272	-1
273	-1
274	1558559
275	-1
276	-1
277	-1
278	-1
279	1563123
280	-1
281	-1
282	-1
283	-1
284	1567687
285	-1
286	-1
287	-1
288	1572251
289	-1
290	-1
291	-1
292	-1
293	1576815
294	-1
295	-1
296	-1
297	1581379
298	-1
299	-1
300	-1
301	-1
302	1585943
303	-1
304	-1
305	-1
306	1590507
307	-1
308	-1
309	-1
310	-1
311	1595071
312	-1
313	-1
314	-1
315	-1
316	1599635
317	-1
318	-1
319	-1
320	1604199
321	-1
322	-1
323	-1
324	-1
325	1608763
326	-1
327	-1
328	-1
329	1613327
330	-1
331	-1
332	-1
333	-1
334	1617891
335	-1
336	-1
337	-1
338	1622455
339	-1
340	-1
341	-1
342	-1
343	1627019
344	-1
345	-1
346	-1
347	1631583
348	-1
349	-1
350	-1
351	-1
352	1636147
353	-1
354	-1
355	-1
356	-1
357	1640711
358	-1
359	-1
360	-1
361	1645275
362	-1
363	-1
364	-1
365	-1
366	1649839
367	-1
368	-1
369	-1
370	1654403
371	-1
372	-1
373	-1
374	-1
375	1658967
376	-1
377	-1
378	-1
379	1663531
380	-1
381	-1
382	-1
383	-1
384	1668095
385	-1
386	-1
387	-1
388	-1
389	1672659
390	-1
391	-1
392	-1
393	1677223
394	-1
395	-1
396	-1
397	-1
398	1681787
399	-1
400	-1
401	-1
402	1686351
403	-1
404	-1
405	-1
406	-1
407	1690915
408	-1
409	-1
410	-1
411	1695479
412	-1
413	-1
414	-1
415	-1
416	1700043
417	-1
418	-1
419	-1
420	-1
421	1704607
422	-1
423	-1
424	-1
425	1709171
426	-1
427	-1
428	-1
429	-1
430	1713735
431	-1
432	-1
433	-1
434	1718299
435	-1
436	-1
437	-1
438	-1
439	1722863
440	-1
441	-1
442	-1
443	1727427
444	-1
445	-1
446	-1
447	-1
448	1731991
449	-1
450	-1
451	-1
452	1736555
453	-1
454	-1
455	-1
456	-1
457	1741119
458	-1
459	-1
460	-1
461	-1
462	1745683
463	-1
464	-1
465	-1
466	1750247
467	-1
468	-1
469	-1
470	-1
471	1754811
472	-1
473	-1
474	-1
475	1759375
476	-1
477	-1
478	-1
479	-1
480	1763939
481	-1
482	-1
483	-1
484	1768503
485	-1
486	-1
487	-1
488	-1
489	1773067
490	-1
491	-1
492	-1
493	-1
494	1777631
495	-1
496	-1
497	-1
498	1782195
499	-1
500	-1
501	-1
502	-1
503	1786759
504	-1
505	-1
506	-1
507	1791323
508	-1
509	-1
510	-1
511	-1
512	1795887
513	-1
514	-1
515	-1
516	1800451
517	-1
518	-1
519	-1
520	-1
521	1805015
522	-1
523	-1
524	-1
525	1809579
526	-1
527	-1
528	-1
529	-1
530	1814143
531	-1
532	-1
533	-1
534	-1
535	1818707
536	-1
537	-1
538	-1
539	1823271
540	-1
541	-1
542	-1
543	-1
544	1827835
545	-1
546	-1
547	-1
548	1832399
549	-1
550	-1
551	-1
552	-1
553	1836963
554	-1
555	-1
556	-1
557	1841527
558	-1
559	-1
560	-1
561	-1
562	1846091
563	-1
564	-1
565	-1
566	-1
567	1850655
568	-1
569	-1
570	-1
571	1855219
572	-1
573	-1
574	-1
575	-1
576	1859783
577	-1
578	-1
579	-1
580	1864347
581	-1
582	-1
583	-1
584	-1
585	1868911
586	-1
587	-1
588	-1
589	1873475
590	-1
591	-1
592	-1
593	-1
594	1878039
595	-1
596	-1
597	-1
598	-1
599	1882603
600	-1
601	-1
602	-1
603	1887167
604	-1
605	-1
606	-1
607	-1
608	1891731
609	-1
610	-1
611	-1
612	1896295
613	-1
614	-1
615	-1
616	-1
617	1900859
618	-1
619	-1
620	-1
621	1905423
622	-1
623	-1
624	-1
625	-1
626	1909987
627	-1
628	-1
629	-1
630	1914551
631	-1
632	-1
633	-1
634	-1
635	1919115
636	-1
637	-1
638	-1
639	-1
640	1923679
641	-1
642	-1
643	-1
644	1928243
645	-1
646	-1
647	-1
648	-1
649	1932807
650	-1
651	-1
652	-1
653	1937371
654	-1
655	-1
656	-1
657	-1
658	1941935
659	-1
660	-1
661	-1
662	1946499
663	-1
664	-1
665	-1
666	-1
667	1951063
668	-1
669	-1
670	-1
671	-1
672	1955627
673	-1
674	-1
675	-1
676	1960191
677	-1
678	-1
679	-1
680	-1
681	1964755
682	-1
683	-1
684	-1
685	1969319
686	-1
687	-1
688	-1
689	-1
690	1973883
691	-1
692	-1
693	-1
694	1978447
695	-1
696	-1
697	-1
698	-1
699	1983011
700	-1
701	-1
702	-1
703	1987575
704	-1
705	-1
706	-1
707	-1
708	1992139
709	-1
710	-1
711	-1
712	-1
713	1996703
714	-1
715	-1
716	-1
717	2001267
718	-1
719	-1
720	-1
721	-1
722	2005831
723	-1
724	-1
725	-1
726	2010395
727	-1
728	-1
729	-1
730	-1
731	2014959
732	-1
733	-1
734	-1
735	2019523
736	-1
737	-1
738	-1
739	-1
740	2024087
741	-1
742	-1
743	-1
744	-1
745	2028651
746	-1
747	-1
748	-1
749	2033215
750	-1
751	-1
752	-1
753	-1
754	2037779
755	-1
756	-1
757	-1
758	2042343
759	-1
760	-1
761	-1
762	-1
763	2046907
764	-1
765	-1
766	-1
767	2051471
768	-1
769	-1
770	-1
771	-1
772	2056035
773	-1
774	-1
775	-1
776	-1
777	2060599
778	-1
779	-1
780	-1
781	2065163
782	-1
783	-1
784	-1
785	-1
786	2069727
787	-1
788	-1
789	-1
790	2074291
791	-1
792	-1
793	-1
794	-1
795	2078855
796	-1
797	-1
798	-1
799	2083419
800	-1
801	-1
802	-1
803	-1
804	2087983
805	-1
806	-1
807	-1
808	2092547
809	-1
810	-1
811	-1
812	-1
813	2097111
814	-1
815	-1
816	-1
817	-1
818	2101675
819	-1
820	-1
821	-1
822	2106239
823	-1
824	-1
825	-1
826	-1
827	2110803
828	-1
829	-1
830	-1
831	2115367
832	-1
833	-1
834	-1
835	-1
836	2119931
837	-1
838	-1
839	-1
840	2124495
841	-1
842	-1
843	-1
844	-1
845	2129059
846	-1
847	-1
848	-1
849	-1
850	2133623
851	-1
852	-1
853	-1
854	2138187
855	-1
856	-1
857	-1
858	-1
859	2142751
860	-1
861	-1
862	-1
863	2147315
864	-1
865	-1
866	-1
867	-1
868	2151879
869	-1
870	-1
871	-1
872	2156443
873	-1
874	-1
875	-1
876	-1
877	2161007
878	-1
879	-1
880	-1
881	2165571
882	-1
883	-1
884	-1
885	-1
886	2170135
887	-1
888	-1
889	-1
890	-1
891	2174699
892	-1
893	-1
894	-1
895	2179263
896	-1
897	-1
898	-1
899	-1
900	2183827
901	-1
902	-1
903	-1
904	2188391
905	-1
906	-1
907	-1
908	-1
909	2192955
910	-1
911	-1
912	-1
913	2197519
914	-1
915	-1
916	-1
917	-1
918	2202083
919	-1
920	-1
921	-1
922	-1
923	2206647
924	-1
925	-1
926	-1
927	2211211
928	-1
929	-1
930	-1
931	-1
932	2215775
933	-1
934	-1
935	-1
936	2220339
937	-1
938	-1
939	-1
940	-1
941	2224903
942	-1
943	-1
944	-1
945	2229467
946	-1
947	-1
948	-1
949	-1
950	2234031
951	-1
952	-1
953	-1
954	-1
955	2238595
956	-1
957	-1
958	-1
959	2243159
960	-1
961	-1
962	-1
963	-1
964	2247723
965	-1
966	-1
967	-1
968	2252287
969	-1
970	-1
971	-1
972	-1
973	2256851
974	-1
975	-1
976	-1
977	2261415
978	-1
979	-1
980	-1
981	-1
982	2265979
983	-1
984	-1
985	-1
986	2270543
987	-1
988	-1
989	-1
990	-1
991	2275107
992	-1
993	-1
994	-1
995	-1
996	2279671
997	-1
998	-1
999	-1
