0	1010879
1	1015443
2	-1
3	-1
4	-1
5	1020007
6	-1
7	-1
8	-1
9	-1
10	1024571
11	-1
12	-1
13	-1
14	1029135
15	-1
16	-1
17	-1
18	-1
19	1033699
20	-1
21	-1
22	-1
23	1038263
24	-1
25	-1
26	-1
27	-1
28	1042827
29	-1
30	-1
31	-1
32	-1
33	1047391
34	-1
35	-1
36	-1
37	1051955
38	-1
39	-1
40	-1
41	-1
42	1056519
43	-1
44	-1
45	-1
46	1061083
47	-1
48	-1
49	-1
50	-1
51	1065647
52	-1
53	-1
54	-1
55	1070211
56	-1
57	-1
58	-1
59	-1
60	1074775
61	-1
62	-1
63	-1
64	-1
65	1079339
66	-1
67	-1
68	-1
69	1083903
70	-1
71	-1
72	-1
73	-1
74	1088467
75	-1
76	-1
77	-1
78	1093031
79	-1
80	-1
81	-1
82	-1
83	1097595
84	-1
85	-1
86	-1
87	1102159
88	-1
89	-1
90	-1
91	-1
92	1106723
93	-1
94	-1
95	-1
96	1111287
97	-1
98	-1
99	-1
100	-1
101	1115851
102	-1
103	-1
104	-1
105	-1
106	1120415
107	-1
108	-1
109	-1
110	1124979
111	-1
112	-1
113	-1
114	-1
115	1129543
116	-1
117	-1
118	-1
119	1134107
120	-1
121	-1
122	-1
123	-1
124	1138671
125	-1
126	-1
127	-1
128	1143235
129	-1
130	-1
131	-1
132	-1
133	1147799
134	-1
135	-1
136	-1
137	-1
138	1152363
139	-1
140	-1
141	-1
142	1156927
143	-1
144	-1
145	-1
146	-1
147	1161491
148	-1
149	-1
150	-1
151	1166055
152	-1
153	-1
154	-1
155	-1
156	1170619
157	-1
158	-1
159	-1
160	1175183
161	-1
162	-1
163	-1
164	-1
165	1179747
166	-1
167	-1
168	-1
169	-1
170	1184311
171	-1
172	-1
173	-1
174	1188875
175	-1
176	-1
177	-1
178	-1
179	1193439
180	-1
181	-1
182	-1
183	1198003
184	-1
185	-1
186	-1
187	-1
188	1202567
189	-1
190	-1
191	-1
192	1207131
193	-1
194	-1
195	-1
196	-1
197	1211695
198	-1
199	-1
200	-1
201	1216259
202	-1
203	-1
204	-1
205	-1
206	1220823
207	-1
208	-1
209	-1
210	-1
211	1225387
212	-1
213	-1
214	-1
215	1229951
216	-1
217	-1
218	-1
219	-1
220	1234515
221	-1
222	-1
223	-1
224	1239079
225	-1
226	-1
227	-1
228	-1
229	1243643
230	-1
231	-1
232	-1
233	1248207
234	-1
235	-1
236	-1
237	-1
238	1252771
239	-1
240	-1
241	-1
242	-1
243	1257335
244	-1
245	-1
246	-1
247	1261899
248	-1
249	-1
250	-1
251	-1
252	1266463
253	-1
254	-1
255	-1
256	1271027
257	-1
258	-1
259	-1
260	-1
261	1275591
262	-1
263	-1
264	-1
265	1280155
266	-1
267	-1
268	-1
269	-1
270	1284719
271	-1
272	-1
273	-1
274	1289283
275	-1
276	-1
277	-1
278	-1
279	1293847
280	-1
281	-1
282	-1
283	-1
284	1298411
285	-1
286	-1
287	-1
288	1302975
289	-1
290	-1
291	-1
292	-1
293	1307539
294	-1
295	-1
296	-1
297	1312103
298	-1
299	-1
300	-1
301	-1
302	1316667
303	-1
304	-1
305	-1
306	1321231
307	-1
308	-1
309	-1
310	-1
311	1325795
312	-1
313	-1
314	-1
315	-1
316	1330359
317	-1
318	-1
319	-1
320	1334923
321	-1
322	-1
323	-1
324	-1
325	1339487
326	-1
327	-1
328	-1
329	1344051
330	-1
331	-1
332	-1
333	-1
334	1348615
335	-1
336	-1
337	-1
338	1353179
339	-1
340	-1
341	-1
342	-1
343	1357743
344	-1
345	-1
346	-1
347	1362307
348	-1
349	-1
350	-1
351	-1
352	1366871
353	-1
354	-1
355	-1
356	-1
357	1371435
358	-1
359	-1
360	-1
361	1375999
362	-1
363	-1
364	-1
365	-1
366	1380563
367	-1
368	-1
369	-1
370	1385127
371	-1
372	-1
373	-1
374	-1
375	1389691
376	-1
377	-1
378	-1
379	1394255
380	-1
381	-1
382	-1
383	-1
384	1398819
385	-1
386	-1
387	-1
388	-1
389	1403383
390	-1
391	-1
392	-1
393	1407947
394	-1
395	-1
396	-1
397	-1
398	1412511
399	-1
400	-1
401	-1
402	1417075
403	-1
404	-1
405	-1
406	-1
407	1421639
408	-1
409	-1
410	-1
411	1426203
412	-1
413	-1
414	-1
415	-1
416	1430767
417	-1
418	-1
419	-1
420	-1
421	1435331
422	-1
423	-1
424	-1
425	1439895
426	-1
427	-1
428	-1
429	-1
430	1444459
431	-1
432	-1
433	-1
434	1449023
435	-1
436	-1
437	-1
438	-1
439	1453587
440	-1
441	-1
442	-1
443	1458151
444	-1
445	-1
446	-1
447	-1
448	1462715
449	-1
450	-1
451	-1
452	1467279
453	-1
454	-1
455	-1
456	-1
457	1471843
458	-1
459	-1
460	-1
461	-1
462	1476407
463	-1
464	-1
465	-1
466	1480971
467	-1
468	-1
469	-1
470	-1
471	1485535
472	-1
473	-1
474	-1
475	1490099
476	-1
477	-1
478	-1
479	-1
480	1494663
481	-1
482	-1
483	-1
484	1499227
485	-1
486	-1
487	-1
488	-1
489	1503791
490	-1
491	-1
492	-1
493	-1
494	1508355
495	-1
496	-1
497	-1
498	1512919
499	-1
500	-1
501	-1
502	-1
503	1517483
504	-1
505	-1
506	-1
507	1522047
508	-1
509	-1
510	-1
511	-1
512	1526611
513	-1
514	-1
515	-1
516	1531175
517	-1
518	-1
519	-1
520	-1
521	1535739
522	-1
523	-1
524	-1
525	1540303
526	-1
527	-1
528	-1
529	-1
530	1544867
531	-1
532	-1
533	-1
534	-1
535	1549431
536	-1
537	-1
538	-1
539	1553995
540	-1
541	-1
542	-1
543	-1
544	1558559
545	-1
546	-1
547	-1
548	1563123
549	-1
550	-1
551	-1
552	-1
553	1567687
554	-1
555	-1
556	-1
557	1572251
558	-1
559	-1
560	-1
561	-1
562	1576815
563	-1
564	-1
565	-1
566	-1
567	1581379
568	-1
569	-1
570	-1
571	1585943
572	-1
573	-1
574	-1
575	-1
576	1590507
577	-1
578	-1
579	-1
580	1595071
581	-1
582	-1
583	-1
584	-1
585	1599635
586	-1
587	-1
588	-1
589	1604199
590	-1
591	-1
592	-1
593	-1
594	1608763
595	-1
596	-1
597	-1
598	-1
599	1613327
600	-1
601	-1
602	-1
603	1617891
604	-1
605	-1
606	-1
607	-1
608	1622455
609	-1
610	-1
611	-1
612	1627019
613	-1
614	-1
615	-1
616	-1
617	1631583
618	-1
619	-1
620	-1
621	1636147
622	-1
623	-1
624	-1
625	-1
626	1640711
627	-1
628	-1
629	-1
630	1645275
631	-1
632	-1
633	-1
634	-1
635	1649839
636	-1
637	-1
638	-1
639	-1
640	1654403
641	-1
642	-1
643	-1
644	1658967
645	-1
646	-1
647	-1
648	-1
649	1663531
650	-1
651	-1
652	-1
653	1668095
654	-1
655	-1
656	-1
657	-1
658	1672659
659	-1
660	-1
661	-1
662	1677223
663	-1
664	-1
665	-1
666	-1
667	1681787
668	-1
669	-1
670	-1
671	-1
672	1686351
673	-1
674	-1
675	-1
676	1690915
677	-1
678	-1
679	-1
680	-1
681	1695479
682	-1
683	-1
684	-1
685	1700043
686	-1
687	-1
688	-1
689	-1
690	1704607
691	-1
692	-1
693	-1
694	1709171
695	-1
696	-1
697	-1
698	-1
699	1713735
700	-1
701	-1
702	-1
703	1718299
704	-1
705	-1
706	-1
707	-1
708	1722863
709	-1
710	-1
711	-1
712	-1
713	1727427
714	-1
715	-1
716	-1
717	1731991
718	-1
719	-1
720	-1
721	-1
722	1736555
723	-1
724	-1
725	-1
726	1741119
727	-1
728	-1
729	-1
730	-1
731	1745683
732	-1
733	-1
734	-1
735	1750247
736	-1
737	-1
738	-1
739	-1
740	1754811
741	-1
742	-1
743	-1
744	-1
745	1759375
746	-1
747	-1
748	-1
749	1763939
750	-1
751	-1
752	-1
753	-1
754	1768503
755	-1
756	-1
757	-1
758	1773067
759	-1
760	-1
761	-1
762	-1
763	1777631
764	-1
765	-1
766	-1
767	1782195
768	-1
769	-1
770	-1
771	-1
772	1786759
773	-1
774	-1
775	-1
776	-1
777	1791323
778	-1
779	-1
780	-1
781	1795887
782	-1
783	-1
784	-1
785	-1
786	1800451
787	-1
788	-1
789	-1
790	1805015
791	-1
792	-1
793	-1
794	-1
795	1809579
796	-1
797	-1
798	-1
799	1814143
800	-1
801	-1
802	-1
803	-1
804	1818707
805	-1
806	-1
807	-1
808	1823271
809	-1
810	-1
811	-1
812	-1
813	1827835
814	-1
815	-1
816	-1
817	-1
818	1832399
819	-1
820	-1
821	-1
822	1836963
823	-1
824	-1
825	-1
826	-1
827	1841527
828	-1
829	-1
830	-1
831	1846091
832	-1
833	-1
834	-1
835	-1
836	1850655
837	-1
838	-1
839	-1
840	1855219
841	-1
842	-1
843	-1
844	-1
845	1859783
846	-1
847	-1
848	-1
849	-1
850	1864347
851	-1
852	-1
853	-1
854	1868911
855	-1
856	-1
857	-1
858	-1
859	1873475
860	-1
861	-1
862	-1
863	1878039
864	-1
865	-1
866	-1
867	-1
868	1882603
869	-1
870	-1
871	-1
872	1887167
873	-1
874	-1
875	-1
876	-1
877	1891731
878	-1
879	-1
880	-1
881	1896295
882	-1
883	-1
884	-1
885	-1
886	1900859
887	-1
888	-1
889	-1
890	-1
891	1905423
892	-1
893	-1
894	-1
895	1909987
896	-1
897	-1
898	-1
899	-1
900	1914551
901	-1
902	-1
903	-1
904	1919115
905	-1
906	-1
907	-1
908	-1
909	1923679
910	-1
911	-1
912	-1
913	1928243
914	-1
915	-1
916	-1
917	-1
918	1932807
919	-1
920	-1
921	-1
922	-1
923	1937371
924	-1
925	-1
926	-1
927	1941935
928	-1
929	-1
930	-1
931	-1
932	1946499
933	-1
934	-1
935	-1
936	1951063
937	-1
938	-1
939	-1
940	-1
941	1955627
942	-1
943	-1
944	-1
945	1960191
946	-1
947	-1
948	-1
949	-1
950	1964755
951	-1
952	-1
953	-1
954	-1
955	1969319
956	-1
957	-1
958	-1
959	1973883
960	-1
961	-1
962	-1
963	-1
964	1978447
965	-1
966	-1
967	-1
968	1983011
969	-1
970	-1
971	-1
972	-1
973	1987575
974	-1
975	-1
976	-1
977	1992139
978	-1
979	-1
980	-1
981	-1
982	1996703
983	-1
984	-1
985	-1
986	2001267
987	-1
988	-1
989	-1
990	-1
991	2005831
992	-1
993	-1
994	-1
995	-1
996	2010395
997	-1
998	-1
999	-1
1000	2014959
1001	-1
1002	-1
1003	-1
1004	-1
1005	2019523
1006	-1
1007	-1
1008	-1
1009	2024087
1010	-1
1011	-1
1012	-1
1013	-1
1014	2028651
1015	-1
1016	-1
1017	-1
1018	2033215
1019	-1
1020	-1
1021	-1
1022	-1
1023	2037779
1024	-1
1025	-1
1026	-1
1027	-1
1028	2042343
1029	-1
1030	-1
1031	-1
1032	2046907
1033	-1
1034	-1
1035	-1
1036	-1
1037	2051471
1038	-1
1039	-1
1040	-1
1041	2056035
1042	-1
1043	-1
1044	-1
1045	-1
1046	2060599
1047	-1
1048	-1
1049	-1
1050	2065163
1051	-1
1052	-1
1053	-1
1054	-1
1055	2069727
1056	-1
1057	-1
1058	-1
1059	2074291
1060	-1
1061	-1
1062	-1
1063	-1
1064	2078855
1065	-1
1066	-1
1067	-1
1068	-1
1069	2083419
1070	-1
1071	-1
1072	-1
1073	2087983
1074	-1
1075	-1
1076	-1
1077	-1
1078	2092547
1079	-1
1080	-1
1081	-1
1082	2097111
1083	-1
1084	-1
1085	-1
1086	-1
1087	2101675
1088	-1
1089	-1
1090	-1
1091	2106239
1092	-1
1093	-1
1094	-1
1095	-1
1096	2110803
1097	-1
1098	-1
1099	-1
1100	-1
1101	2115367
1102	-1
1103	-1
1104	-1
1105	2119931
1106	-1
1107	-1
1108	-1
1109	-1
1110	2124495
1111	-1
1112	-1
1113	-1
1114	2129059
1115	-1
1116	-1
1117	-1
1118	-1
1119	2133623
1120	-1
1121	-1
1122	-1
1123	2138187
1124	-1
1125	-1
1126	-1
1127	-1
1128	2142751
1129	-1
1130	-1
1131	-1
1132	-1
1133	2147315
1134	-1
1135	-1
1136	-1
1137	2151879
1138	-1
1139	-1
1140	-1
1141	-1
1142	2156443
1143	-1
1144	-1
1145	-1
1146	2161007
1147	-1
1148	-1
1149	-1
1150	-1
1151	2165571
1152	-1
1153	-1
1154	-1
1155	2170135
1156	-1
1157	-1
1158	-1
1159	-1
1160	2174699
1161	-1
1162	-1
1163	-1
1164	2179263
1165	-1
1166	-1
1167	-1
1168	-1
1169	2183827
1170	-1
1171	-1
1172	-1
1173	-1
1174	2188391
1175	-1
1176	-1
1177	-1
1178	2192955
1179	-1
1180	-1
1181	-1
1182	-1
1183	2197519
1184	-1
1185	-1
1186	-1
1187	2202083
1188	-1
1189	-1
1190	-1
1191	-1
1192	2206647
1193	-1
1194	-1
1195	-1
1196	2211211
1197	-1
1198	-1
1199	-1
1200	-1
1201	2215775
1202	-1
1203	-1
1204	-1
1205	-1
1206	2220339
1207	-1
1208	-1
1209	-1
1210	2224903
1211	-1
1212	-1
1213	-1
1214	-1
1215	2229467
1216	-1
1217	-1
1218	-1
1219	2234031
1220	-1
1221	-1
1222	-1
1223	-1
1224	2238595
1225	-1
1226	-1
1227	-1
1228	2243159
1229	-1
1230	-1
1231	-1
1232	-1
1233	2247723
1234	-1
1235	-1
1236	-1
1237	2252287
1238	-1
1239	-1
1240	-1
1241	-1
1242	2256851
1243	-1
1244	-1
1245	-1
1246	-1
1247	2261415
1248	-1
1249	-1
1250	-1
1251	2265979
1252	-1
1253	-1
1254	-1
1255	-1
1256	2270543
1257	-1
1258	-1
1259	-1
1260	2275107
1261	-1
1262	-1
1263	-1
1264	-1
1265	2279671
1266	-1
1267	-1
1268	-1
1269	2284235
1270	-1
1271	-1
1272	-1
1273	-1
1274	2288799
1275	-1
1276	-1
1277	-1
1278	-1
1279	2293363
1280	-1
1281	-1
1282	-1
1283	2297927
1284	-1
1285	-1
1286	-1
1287	-1
1288	2302491
1289	-1
1290	-1
1291	-1
1292	2307055
1293	-1
1294	-1
1295	-1
1296	-1
1297	2311619
1298	-1
1299	-1
1300	-1
1301	2316183
1302	-1
1303	-1
1304	-1
1305	-1
1306	2320747
1307	-1
1308	-1
1309	-1
1310	-1
1311	2325311
1312	-1
1313	-1
1314	-1
1315	2329875
1316	-1
1317	-1
1318	-1
1319	-1
1320	2334439
1321	-1
1322	-1
1323	-1
1324	2339003
1325	-1
1326	-1
1327	-1
1328	-1
1329	2343567
1330	-1
1331	-1
1332	-1
1333	2348131
1334	-1
1335	-1
1336	-1
1337	-1
1338	2352695
1339	-1
1340	-1
1341	-1
1342	2357259
1343	-1
1344	-1
1345	-1
1346	-1
1347	2361823
1348	-1
1349	-1
1350	-1
1351	-1
1352	2366387
1353	-1
1354	-1
1355	-1
1356	2370951
1357	-1
1358	-1
1359	-1
1360	-1
1361	2375515
1362	-1
1363	-1
1364	-1
1365	2380079
1366	-1
1367	-1
1368	-1
1369	-1
1370	2384643
1371	-1
1372	-1
1373	-1
1374	2389207
1375	-1
1376	-1
1377	-1
1378	-1
1379	2393771
1380	-1
1381	-1
1382	-1
1383	-1
1384	2398335
1385	-1
1386	-1
1387	-1
1388	2402899
1389	-1
1390	-1
1391	-1
1392	-1
1393	2407463
1394	-1
1395	-1
1396	-1
1397	2412027
1398	-1
1399	-1
1400	-1
1401	-1
1402	2416591
1403	-1
1404	-1
1405	-1
1406	2421155
1407	-1
1408	-1
1409	-1
1410	-1
1411	2425719
1412	-1
1413	-1
1414	-1
1415	2430283
1416	-1
1417	-1
1418	-1
1419	-1
1420	2434847
1421	-1
1422	-1
1423	-1
1424	-1
1425	2439411
1426	-1
1427	-1
1428	-1
1429	2443975
1430	-1
1431	-1
1432	-1
1433	-1
1434	2448539
1435	-1
1436	-1
1437	-1
1438	2453103
1439	-1
1440	-1
1441	-1
1442	-1
1443	2457667
1444	-1
1445	-1
1446	-1
1447	2462231
1448	-1
1449	-1
1450	-1
1451	-1
1452	2466795
1453	-1
1454	-1
1455	-1
1456	-1
1457	2471359
1458	-1
1459	-1
1460	-1
1461	2475923
1462	-1
1463	-1
1464	-1
1465	-1
1466	2480487
1467	-1
1468	-1
1469	-1
1470	2485051
1471	-1
1472	-1
1473	-1
1474	-1
1475	2489615
1476	-1
1477	-1
1478	-1
1479	2494179
1480	-1
1481	-1
1482	-1
1483	-1
1484	2498743
1485	-1
1486	-1
1487	-1
1488	2503307
1489	-1
1490	-1
1491	-1
1492	-1
1493	2507871
1494	-1
1495	-1
1496	-1
1497	-1
1498	2512435
1499	-1
1500	-1
1501	-1
1502	2516999
1503	-1
1504	-1
1505	-1
1506	-1
1507	2521563
1508	-1
1509	-1
1510	-1
1511	2526127
1512	-1
1513	-1
1514	-1
1515	-1
1516	2530691
1517	-1
1518	-1
1519	-1
1520	2535255
1521	-1
1522	-1
1523	-1
1524	-1
1525	2539819
1526	-1
1527	-1
1528	-1
1529	-1
1530	2544383
1531	-1
1532	-1
1533	-1
1534	2548947
1535	-1
1536	-1
1537	-1
1538	-1
1539	2553511
1540	-1
1541	-1
1542	-1
1543	2558075
1544	-1
1545	-1
1546	-1
1547	-1
1548	2562639
1549	-1
1550	-1
1551	-1
1552	2567203
1553	-1
1554	-1
1555	-1
1556	-1
1557	2571767
1558	-1
1559	-1
1560	-1
1561	-1
1562	2576331
1563	-1
1564	-1
1565	-1
1566	2580895
1567	-1
1568	-1
1569	-1
1570	-1
1571	2585459
1572	-1
1573	-1
1574	-1
1575	2590023
1576	-1
1577	-1
1578	-1
1579	-1
1580	2594587
1581	-1
1582	-1
1583	-1
1584	2599151
1585	-1
1586	-1
1587	-1
1588	-1
1589	2603715
1590	-1
1591	-1
1592	-1
1593	2608279
1594	-1
1595	-1
1596	-1
1597	-1
1598	2612843
1599	-1
1600	-1
1601	-1
1602	-1
1603	2617407
1604	-1
1605	-1
1606	-1
1607	2621971
1608	-1
1609	-1
1610	-1
1611	-1
1612	2626535
1613	-1
1614	-1
1615	-1
1616	2631099
1617	-1
1618	-1
1619	-1
1620	-1
1621	2635663
1622	-1
1623	-1
1624	-1
1625	2640227
1626	-1
1627	-1
1628	-1
1629	-1
1630	2644791
1631	-1
1632	-1
1633	-1
1634	-1
1635	2649355
1636	-1
1637	-1
1638	-1
1639	2653919
1640	-1
1641	-1
1642	-1
1643	-1
1644	2658483
1645	-1
1646	-1
1647	-1
1648	2663047
1649	-1
1650	-1
1651	-1
1652	-1
1653	2667611
1654	-1
1655	-1
1656	-1
1657	2672175
1658	-1
1659	-1
1660	-1
1661	-1
1662	2676739
1663	-1
1664	-1
1665	-1
1666	2681303
1667	-1
1668	-1
1669	-1
1670	-1
1671	2685867
1672	-1
1673	-1
1674	-1
1675	-1
1676	2690431
1677	-1
1678	-1
1679	-1
1680	2694995
1681	-1
1682	-1
1683	-1
1684	-1
1685	2699559
1686	-1
1687	-1
1688	-1
1689	2704123
1690	-1
1691	-1
1692	-1
1693	-1
1694	2708687
1695	-1
1696	-1
1697	-1
1698	2713251
1699	-1
1700	-1
1701	-1
1702	-1
1703	2717815
1704	-1
1705	-1
1706	-1
1707	-1
1708	2722379
1709	-1
1710	-1
1711	-1
1712	2726943
1713	-1
1714	-1
1715	-1
1716	-1
1717	2731507
1718	-1
1719	-1
1720	-1
1721	2736071
1722	-1
1723	-1
1724	-1
1725	-1
1726	2740635
1727	-1
1728	-1
1729	-1
1730	2745199
1731	-1
1732	-1
1733	-1
1734	-1
1735	2749763
1736	-1
1737	-1
1738	-1
1739	-1
1740	2754327
1741	-1
1742	-1
1743	-1
1744	2758891
1745	-1
1746	-1
1747	-1
1748	-1
1749	2763455
1750	-1
1751	-1
1752	-1
1753	2768019
1754	-1
1755	-1
1756	-1
1757	-1
1758	2772583
1759	-1
1760	-1
1761	-1
1762	2777147
1763	-1
1764	-1
1765	-1
1766	-1
1767	2781711
1768	-1
1769	-1
1770	-1
1771	2786275
1772	-1
1773	-1
1774	-1
1775	-1
1776	2790839
1777	-1
1778	-1
1779	-1
1780	-1
1781	2795403
1782	-1
1783	-1
1784	-1
1785	2799967
1786	-1
1787	-1
1788	-1
1789	-1
1790	2804531
1791	-1
1792	-1
1793	-1
1794	2809095
1795	-1
1796	-1
1797	-1
1798	-1
1799	2813659
1800	-1
1801	-1
1802	-1
1803	2818223
1804	-1
1805	-1
1806	-1
1807	-1
1808	2822787
1809	-1
1810	-1
1811	-1
1812	-1
1813	2827351
1814	-1
1815	-1
1816	-1
1817	2831915
1818	-1
1819	-1
1820	-1
1821	-1
1822	2836479
1823	-1
1824	-1
1825	-1
1826	2841043
1827	-1
1828	-1
1829	-1
1830	-1
1831	2845607
1832	-1
1833	-1
1834	-1
1835	2850171
1836	-1
1837	-1
1838	-1
1839	-1
1840	2854735
1841	-1
1842	-1
1843	-1
1844	2859299
1845	-1
1846	-1
1847	-1
1848	-1
1849	2863863
1850	-1
1851	-1
1852	-1
1853	-1
1854	2868427
1855	-1
1856	-1
1857	-1
1858	2872991
1859	-1
1860	-1
1861	-1
1862	-1
1863	2877555
1864	-1
1865	-1
1866	-1
1867	2882119
1868	-1
1869	-1
1870	-1
1871	-1
1872	2886683
1873	-1
1874	-1
1875	-1
1876	2891247
1877	-1
1878	-1
1879	-1
1880	-1
1881	2895811
1882	-1
1883	-1
1884	-1
1885	-1
1886	2900375
1887	-1
1888	-1
1889	-1
1890	2904939
1891	-1
1892	-1
1893	-1
1894	-1
1895	2909503
1896	-1
1897	-1
1898	-1
1899	2914067
1900	-1
1901	-1
1902	-1
1903	-1
1904	2918631
1905	-1
1906	-1
1907	-1
1908	2923195
1909	-1
1910	-1
1911	-1
1912	-1
1913	2927759
1914	-1
1915	-1
1916	-1
1917	-1
1918	2932323
1919	-1
1920	-1
1921	-1
1922	2936887
1923	-1
1924	-1
1925	-1
1926	-1
1927	2941451
1928	-1
1929	-1
1930	-1
1931	2946015
1932	-1
1933	-1
1934	-1
1935	-1
1936	2950579
1937	-1
1938	-1
1939	-1
1940	2955143
1941	-1
1942	-1
1943	-1
1944	-1
1945	2959707
1946	-1
1947	-1
1948	-1
1949	2964271
1950	-1
1951	-1
1952	-1
1953	-1
1954	2968835
1955	-1
1956	-1
1957	-1
1958	-1
1959	2973399
1960	-1
1961	-1
1962	-1
1963	2977963
1964	-1
1965	-1
1966	-1
1967	-1
1968	2982527
1969	-1
1970	-1
1971	-1
1972	2987091
1973	-1
1974	-1
1975	-1
1976	-1
1977	2991655
1978	-1
1979	-1
1980	-1
1981	2996219
1982	-1
1983	-1
1984	-1
1985	-1
1986	3000783
1987	-1
1988	-1
1989	-1
1990	-1
1991	3005347
1992	-1
1993	-1
1994	-1
1995	3009911
1996	-1
1997	-1
1998	-1
1999	-1
2000	3014475
2001	-1
2002	-1
2003	-1
2004	3019039
2005	-1
2006	-1
2007	-1
2008	-1
2009	3023603
2010	-1
2011	-1
2012	-1
2013	3028167
2014	-1
2015	-1
2016	-1
2017	-1
2018	3032731
2019	-1
2020	-1
2021	-1
2022	3037295
2023	-1
2024	-1
2025	-1
2026	-1
2027	3041859
2028	-1
2029	-1
2030	-1
2031	-1
2032	3046423
2033	-1
2034	-1
2035	-1
2036	3050987
2037	-1
2038	-1
2039	-1
2040	-1
2041	3055551
2042	-1
2043	-1
2044	-1
2045	3060115
2046	-1
2047	-1
2048	-1
2049	-1
2050	3064679
2051	-1
2052	-1
2053	-1
2054	3069243
2055	-1
2056	-1
2057	-1
2058	-1
2059	3073807
2060	-1
2061	-1
2062	-1
2063	-1
2064	3078371
2065	-1
2066	-1
2067	-1
2068	3082935
2069	-1
2070	-1
2071	-1
2072	-1
2073	3087499
2074	-1
2075	-1
2076	-1
2077	3092063
2078	-1
2079	-1
2080	-1
2081	-1
2082	3096627
2083	-1
2084	-1
2085	-1
2086	3101191
2087	-1
2088	-1
2089	-1
2090	-1
2091	3105755
2092	-1
2093	-1
2094	-1
2095	-1
2096	3110319
2097	-1
2098	-1
2099	-1
2100	3114883
2101	-1
2102	-1
2103	-1
2104	-1
2105	3119447
2106	-1
2107	-1
2108	-1
2109	3124011
2110	-1
2111	-1
2112	-1
2113	-1
2114	3128575
2115	-1
2116	-1
2117	-1
2118	3133139
2119	-1
2120	-1
2121	-1
2122	-1
2123	3137703
2124	-1
2125	-1
2126	-1
2127	3142267
2128	-1
2129	-1
2130	-1
2131	-1
2132	3146831
2133	-1
2134	-1
2135	-1
2136	-1
2137	3151395
2138	-1
2139	-1
2140	-1
2141	3155959
2142	-1
2143	-1
2144	-1
2145	-1
2146	3160523
2147	-1
2148	-1
2149	-1
2150	3165087
2151	-1
2152	-1
2153	-1
2154	-1
2155	3169651
2156	-1
2157	-1
2158	-1
2159	3174215
2160	-1
2161	-1
2162	-1
2163	-1
2164	3178779
2165	-1
2166	-1
2167	-1
2168	-1
2169	3183343
2170	-1
2171	-1
2172	-1
2173	3187907
2174	-1
2175	-1
2176	-1
2177	-1
2178	3192471
2179	-1
2180	-1
2181	-1
2182	3197035
2183	-1
2184	-1
2185	-1
2186	-1
2187	3201599
2188	-1
2189	-1
2190	-1
2191	3206163
2192	-1
2193	-1
2194	-1
2195	-1
2196	3210727
2197	-1
2198	-1
2199	-1
2200	3215291
2201	-1
2202	-1
2203	-1
2204	-1
2205	3219855
2206	-1
2207	-1
2208	-1
2209	-1
2210	3224419
2211	-1
2212	-1
2213	-1
2214	3228983
2215	-1
2216	-1
2217	-1
2218	-1
2219	3233547
2220	-1
2221	-1
2222	-1
2223	3238111
2224	-1
2225	-1
2226	-1
2227	-1
2228	3242675
2229	-1
2230	-1
2231	-1
2232	3247239
2233	-1
2234	-1
2235	-1
2236	-1
2237	3251803
2238	-1
2239	-1
2240	-1
2241	-1
2242	3256367
2243	-1
2244	-1
2245	-1
2246	3260931
2247	-1
2248	-1
2249	-1
2250	-1
2251	3265495
2252	-1
2253	-1
2254	-1
2255	3270059
2256	-1
2257	-1
2258	-1
2259	-1
2260	3274623
2261	-1
2262	-1
2263	-1
2264	3279187
2265	-1
2266	-1
2267	-1
2268	-1
2269	3283751
2270	-1
2271	-1
2272	-1
2273	-1
2274	3288315
2275	-1
2276	-1
2277	-1
2278	3292879
2279	-1
2280	-1
2281	-1
2282	-1
2283	3297443
2284	-1
2285	-1
2286	-1
2287	3302007
2288	-1
2289	-1
2290	-1
2291	-1
2292	3306571
2293	-1
2294	-1
2295	-1
2296	3311135
2297	-1
2298	-1
2299	-1
2300	-1
2301	3315699
2302	-1
2303	-1
2304	-1
2305	3320263
2306	-1
2307	-1
2308	-1
2309	-1
2310	3324827
2311	-1
2312	-1
2313	-1
2314	-1
2315	3329391
2316	-1
2317	-1
2318	-1
2319	3333955
2320	-1
2321	-1
2322	-1
2323	-1
2324	3338519
2325	-1
2326	-1
2327	-1
2328	3343083
2329	-1
2330	-1
2331	-1
2332	-1
2333	3347647
2334	-1
2335	-1
2336	-1
2337	3352211
2338	-1
2339	-1
2340	-1
2341	-1
2342	3356775
2343	-1
2344	-1
2345	-1
2346	-1
2347	3361339
2348	-1
2349	-1
2350	-1
2351	3365903
2352	-1
2353	-1
2354	-1
2355	-1
2356	3370467
2357	-1
2358	-1
2359	-1
2360	3375031
2361	-1
2362	-1
2363	-1
2364	-1
2365	3379595
2366	-1
2367	-1
2368	-1
2369	3384159
2370	-1
2371	-1
2372	-1
2373	-1
2374	3388723
2375	-1
2376	-1
2377	-1
2378	3393287
2379	-1
2380	-1
2381	-1
2382	-1
2383	3397851
2384	-1
2385	-1
2386	-1
2387	-1
2388	3402415
2389	-1
2390	-1
2391	-1
2392	3406979
2393	-1
2394	-1
2395	-1
2396	-1
2397	3411543
2398	-1
2399	-1
2400	-1
2401	3416107
2402	-1
2403	-1
2404	-1
2405	-1
2406	3420671
2407	-1
2408	-1
2409	-1
2410	3425235
2411	-1
2412	-1
2413	-1
2414	-1
2415	3429799
2416	-1
2417	-1
2418	-1
2419	-1
2420	3434363
2421	-1
2422	-1
2423	-1
2424	3438927
2425	-1
2426	-1
2427	-1
2428	-1
2429	3443491
2430	-1
2431	-1
2432	-1
2433	3448055
2434	-1
2435	-1
2436	-1
2437	-1
2438	3452619
2439	-1
2440	-1
2441	-1
2442	3457183
2443	-1
2444	-1
2445	-1
2446	-1
2447	3461747
2448	-1
2449	-1
2450	-1
2451	-1
2452	3466311
2453	-1
2454	-1
2455	-1
2456	3470875
2457	-1
2458	-1
2459	-1
2460	-1
2461	3475439
2462	-1
2463	-1
2464	-1
2465	3480003
2466	-1
2467	-1
2468	-1
2469	-1
2470	3484567
2471	-1
2472	-1
2473	-1
2474	3489131
2475	-1
2476	-1
2477	-1
2478	-1
2479	3493695
2480	-1
2481	-1
2482	-1
2483	3498259
2484	-1
2485	-1
2486	-1
2487	-1
2488	3502823
2489	-1
2490	-1
2491	-1
2492	-1
2493	3507387
2494	-1
2495	-1
2496	-1
2497	3511951
2498	-1
2499	-1
2500	-1
2501	-1
2502	3516515
2503	-1
2504	-1
2505	-1
2506	3521079
2507	-1
2508	-1
2509	-1
2510	-1
2511	3525643
2512	-1
2513	-1
2514	-1
2515	3530207
2516	-1
2517	-1
2518	-1
2519	-1
2520	3534771
2521	-1
2522	-1
2523	-1
2524	-1
2525	3539335
2526	-1
2527	-1
2528	-1
2529	3543899
2530	-1
2531	-1
2532	-1
2533	-1
2534	3548463
2535	-1
2536	-1
2537	-1
2538	3553027
2539	-1
2540	-1
2541	-1
2542	-1
2543	3557591
2544	-1
2545	-1
2546	-1
2547	3562155
2548	-1
2549	-1
2550	-1
2551	-1
2552	3566719
2553	-1
2554	-1
2555	-1
2556	3571283
2557	-1
2558	-1
2559	-1
2560	-1
2561	3575847
2562	-1
2563	-1
2564	-1
2565	-1
2566	3580411
2567	-1
2568	-1
2569	-1
2570	3584975
2571	-1
2572	-1
2573	-1
2574	-1
2575	3589539
2576	-1
2577	-1
2578	-1
2579	3594103
2580	-1
2581	-1
2582	-1
2583	-1
2584	3598667
2585	-1
2586	-1
2587	-1
2588	3603231
2589	-1
2590	-1
2591	-1
2592	-1
2593	3607795
2594	-1
2595	-1
2596	-1
2597	-1
2598	3612359
2599	-1
2600	-1
2601	-1
2602	3616923
2603	-1
2604	-1
2605	-1
2606	-1
2607	3621487
2608	-1
2609	-1
2610	-1
2611	3626051
2612	-1
2613	-1
2614	-1
2615	-1
2616	3630615
2617	-1
2618	-1
2619	-1
2620	3635179
2621	-1
2622	-1
2623	-1
2624	-1
2625	3639743
2626	-1
2627	-1
2628	-1
2629	3644307
2630	-1
2631	-1
2632	-1
2633	-1
2634	3648871
2635	-1
2636	-1
2637	-1
2638	-1
2639	3653435
2640	-1
2641	-1
2642	-1
2643	3657999
2644	-1
2645	-1
2646	-1
2647	-1
2648	3662563
2649	-1
2650	-1
2651	-1
2652	3667127
2653	-1
2654	-1
2655	-1
2656	-1
2657	3671691
2658	-1
2659	-1
2660	-1
2661	3676255
2662	-1
2663	-1
2664	-1
2665	-1
2666	3680819
2667	-1
2668	-1
2669	-1
2670	-1
2671	3685383
2672	-1
2673	-1
2674	-1
2675	3689947
2676	-1
2677	-1
2678	-1
2679	-1
2680	3694511
2681	-1
2682	-1
2683	-1
2684	3699075
2685	-1
2686	-1
2687	-1
2688	-1
2689	3703639
2690	-1
2691	-1
2692	-1
2693	3708203
2694	-1
2695	-1
2696	-1
2697	-1
2698	3712767
2699	-1
2700	-1
2701	-1
2702	-1
2703	3717331
2704	-1
2705	-1
2706	-1
2707	3721895
2708	-1
2709	-1
2710	-1
2711	-1
2712	3726459
2713	-1
2714	-1
2715	-1
2716	3731023
2717	-1
2718	-1
2719	-1
2720	-1
2721	3735587
2722	-1
2723	-1
2724	-1
2725	3740151
2726	-1
2727	-1
2728	-1
2729	-1
2730	3744715
2731	-1
2732	-1
2733	-1
2734	3749279
2735	-1
2736	-1
2737	-1
2738	-1
2739	3753843
2740	-1
2741	-1
2742	-1
2743	-1
2744	3758407
2745	-1
2746	-1
2747	-1
2748	3762971
2749	-1
2750	-1
2751	-1
2752	-1
2753	3767535
2754	-1
2755	-1
2756	-1
2757	3772099
2758	-1
2759	-1
2760	-1
2761	-1
2762	3776663
2763	-1
2764	-1
2765	-1
2766	3781227
2767	-1
2768	-1
2769	-1
2770	-1
2771	3785791
2772	-1
2773	-1
2774	-1
2775	-1
2776	3790355
2777	-1
2778	-1
2779	-1
2780	3794919
2781	-1
2782	-1
2783	-1
2784	-1
2785	3799483
2786	-1
2787	-1
2788	-1
2789	3804047
2790	-1
2791	-1
2792	-1
2793	-1
2794	3808611
2795	-1
2796	-1
2797	-1
2798	3813175
2799	-1
2800	-1
2801	-1
2802	-1
2803	3817739
2804	-1
2805	-1
2806	-1
2807	3822303
2808	-1
2809	-1
2810	-1
2811	-1
2812	3826867
2813	-1
2814	-1
2815	-1
2816	-1
2817	3831431
2818	-1
2819	-1
2820	-1
2821	3835995
2822	-1
2823	-1
2824	-1
2825	-1
2826	3840559
2827	-1
2828	-1
2829	-1
2830	3845123
2831	-1
2832	-1
2833	-1
2834	-1
2835	3849687
2836	-1
2837	-1
2838	-1
2839	3854251
2840	-1
2841	-1
2842	-1
2843	-1
2844	3858815
2845	-1
2846	-1
2847	-1
2848	-1
2849	3863379
2850	-1
2851	-1
2852	-1
2853	3867943
2854	-1
2855	-1
2856	-1
2857	-1
2858	3872507
2859	-1
2860	-1
2861	-1
2862	3877071
2863	-1
2864	-1
2865	-1
2866	-1
2867	3881635
2868	-1
2869	-1
2870	-1
2871	3886199
2872	-1
2873	-1
2874	-1
2875	-1
2876	3890763
2877	-1
2878	-1
2879	-1
2880	-1
2881	3895327
2882	-1
2883	-1
2884	-1
2885	3899891
2886	-1
2887	-1
2888	-1
2889	-1
2890	3904455
2891	-1
2892	-1
2893	-1
2894	3909019
2895	-1
2896	-1
2897	-1
2898	-1
2899	3913583
2900	-1
2901	-1
2902	-1
2903	3918147
2904	-1
2905	-1
2906	-1
2907	-1
2908	3922711
2909	-1
2910	-1
2911	-1
2912	3927275
2913	-1
2914	-1
2915	-1
2916	-1
2917	3931839
2918	-1
2919	-1
2920	-1
2921	-1
2922	3936403
2923	-1
2924	-1
2925	-1
2926	3940967
2927	-1
2928	-1
2929	-1
2930	-1
2931	3945531
2932	-1
2933	-1
2934	-1
2935	3950095
2936	-1
2937	-1
2938	-1
2939	-1
2940	3954659
2941	-1
2942	-1
2943	-1
2944	3959223
2945	-1
2946	-1
2947	-1
2948	-1
2949	3963787
2950	-1
2951	-1
2952	-1
2953	-1
2954	3968351
2955	-1
2956	-1
2957	-1
2958	3972915
2959	-1
2960	-1
2961	-1
2962	-1
2963	3977479
2964	-1
2965	-1
2966	-1
2967	3982043
2968	-1
2969	-1
2970	-1
2971	-1
2972	3986607
2973	-1
2974	-1
2975	-1
2976	3991171
2977	-1
2978	-1
2979	-1
2980	-1
2981	3995735
2982	-1
2983	-1
2984	-1
2985	4000299
2986	-1
2987	-1
2988	-1
2989	-1
2990	4004863
2991	-1
2992	-1
2993	-1
2994	-1
2995	4009427
2996	-1
2997	-1
2998	-1
2999	4013991
3000	-1
3001	-1
3002	-1
3003	-1
3004	4018555
3005	-1
3006	-1
3007	-1
3008	4023119
3009	-1
3010	-1
3011	-1
3012	-1
3013	4027683
3014	-1
3015	-1
3016	-1
3017	4032247
3018	-1
3019	-1
3020	-1
3021	-1
3022	4036811
3023	-1
3024	-1
3025	-1
3026	-1
3027	4041375
3028	-1
3029	-1
3030	-1
3031	4045939
3032	-1
3033	-1
3034	-1
3035	-1
3036	4050503
3037	-1
3038	-1
3039	-1
3040	4055067
3041	-1
3042	-1
3043	-1
3044	-1
3045	4059631
3046	-1
3047	-1
3048	-1
3049	4064195
3050	-1
3051	-1
3052	-1
3053	-1
3054	4068759
3055	-1
3056	-1
3057	-1
3058	-1
3059	4073323
3060	-1
3061	-1
3062	-1
3063	4077887
3064	-1
3065	-1
3066	-1
3067	-1
3068	4082451
3069	-1
3070	-1
3071	-1
3072	4087015
3073	-1
3074	-1
3075	-1
3076	-1
3077	4091579
3078	-1
3079	-1
3080	-1
3081	4096143
3082	-1
3083	-1
3084	-1
3085	-1
3086	4100707
3087	-1
3088	-1
3089	-1
3090	4105271
3091	-1
3092	-1
3093	-1
3094	-1
3095	4109835
3096	-1
3097	-1
3098	-1
3099	-1
3100	4114399
3101	-1
3102	-1
3103	-1
3104	4118963
3105	-1
3106	-1
3107	-1
3108	-1
3109	4123527
3110	-1
3111	-1
3112	-1
3113	4128091
3114	-1
3115	-1
3116	-1
3117	-1
3118	4132655
3119	-1
3120	-1
3121	-1
3122	4137219
3123	-1
3124	-1
3125	-1
3126	-1
3127	4141783
3128	-1
3129	-1
3130	-1
3131	-1
3132	4146347
3133	-1
3134	-1
3135	-1
3136	4150911
3137	-1
3138	-1
3139	-1
3140	-1
3141	4155475
3142	-1
3143	-1
3144	-1
3145	4160039
3146	-1
3147	-1
3148	-1
3149	-1
3150	4164603
3151	-1
3152	-1
3153	-1
3154	4169167
3155	-1
3156	-1
3157	-1
3158	-1
3159	4173731
3160	-1
3161	-1
3162	-1
3163	4178295
3164	-1
3165	-1
3166	-1
3167	-1
3168	4182859
3169	-1
3170	-1
3171	-1
3172	-1
3173	4187423
3174	-1
3175	-1
3176	-1
3177	4191987
3178	-1
3179	-1
3180	-1
3181	-1
3182	4196551
3183	-1
3184	-1
3185	-1
3186	4201115
3187	-1
3188	-1
3189	-1
3190	-1
3191	4205679
3192	-1
3193	-1
3194	-1
3195	4210243
3196	-1
3197	-1
3198	-1
3199	-1
3200	4214807
3201	-1
3202	-1
3203	-1
3204	-1
3205	4219371
3206	-1
3207	-1
3208	-1
3209	4223935
3210	-1
3211	-1
3212	-1
3213	-1
3214	4228499
3215	-1
3216	-1
3217	-1
3218	4233063
3219	-1
3220	-1
3221	-1
3222	-1
3223	4237627
3224	-1
3225	-1
3226	-1
3227	4242191
3228	-1
3229	-1
3230	-1
3231	-1
3232	4246755
3233	-1
3234	-1
3235	-1
3236	-1
3237	4251319
3238	-1
3239	-1
3240	-1
3241	4255883
3242	-1
3243	-1
3244	-1
3245	-1
3246	4260447
3247	-1
3248	-1
3249	-1
3250	4265011
3251	-1
3252	-1
3253	-1
3254	-1
3255	4269575
3256	-1
3257	-1
3258	-1
3259	4274139
3260	-1
3261	-1
3262	-1
3263	-1
3264	4278703
3265	-1
3266	-1
3267	-1
3268	4283267
3269	-1
3270	-1
3271	-1
3272	-1
3273	4287831
3274	-1
3275	-1
3276	-1
3277	-1
3278	4292395
3279	-1
3280	-1
3281	-1
3282	4296959
3283	-1
3284	-1
3285	-1
3286	-1
3287	4301523
3288	-1
3289	-1
3290	-1
3291	4306087
3292	-1
3293	-1
3294	-1
3295	-1
3296	4310651
3297	-1
3298	-1
3299	-1
3300	4315215
3301	-1
3302	-1
3303	-1
3304	-1
3305	4319779
3306	-1
3307	-1
3308	-1
3309	-1
3310	4324343
3311	-1
3312	-1
3313	-1
3314	4328907
3315	-1
3316	-1
3317	-1
3318	-1
3319	4333471
3320	-1
3321	-1
3322	-1
3323	4338035
3324	-1
3325	-1
3326	-1
3327	-1
3328	4342599
3329	-1
3330	-1
3331	-1
3332	4347163
3333	-1
3334	-1
3335	-1
3336	-1
3337	4351727
3338	-1
3339	-1
3340	-1
3341	4356291
3342	-1
3343	-1
3344	-1
3345	-1
3346	4360855
3347	-1
3348	-1
3349	-1
3350	-1
3351	4365419
3352	-1
3353	-1
3354	-1
3355	4369983
3356	-1
3357	-1
3358	-1
3359	-1
3360	4374547
3361	-1
3362	-1
3363	-1
3364	4379111
3365	-1
3366	-1
3367	-1
3368	-1
3369	4383675
3370	-1
3371	-1
3372	-1
3373	4388239
3374	-1
3375	-1
3376	-1
3377	-1
3378	4392803
3379	-1
3380	-1
3381	-1
3382	-1
3383	4397367
3384	-1
3385	-1
3386	-1
3387	4401931
3388	-1
3389	-1
3390	-1
3391	-1
3392	4406495
3393	-1
3394	-1
3395	-1
3396	4411059
3397	-1
3398	-1
3399	-1
3400	-1
3401	4415623
3402	-1
3403	-1
3404	-1
3405	4420187
3406	-1
3407	-1
3408	-1
3409	-1
3410	4424751
3411	-1
3412	-1
3413	-1
3414	-1
3415	4429315
3416	-1
3417	-1
3418	-1
3419	4433879
3420	-1
3421	-1
3422	-1
3423	-1
3424	4438443
3425	-1
3426	-1
3427	-1
3428	4443007
3429	-1
3430	-1
3431	-1
3432	-1
3433	4447571
3434	-1
3435	-1
3436	-1
3437	4452135
3438	-1
3439	-1
3440	-1
3441	-1
3442	4456699
3443	-1
3444	-1
3445	-1
3446	4461263
3447	-1
3448	-1
3449	-1
3450	-1
3451	4465827
3452	-1
3453	-1
3454	-1
3455	-1
3456	4470391
3457	-1
3458	-1
3459	-1
3460	4474955
3461	-1
3462	-1
3463	-1
3464	-1
3465	4479519
3466	-1
3467	-1
3468	-1
3469	4484083
3470	-1
3471	-1
3472	-1
3473	-1
3474	4488647
3475	-1
3476	-1
3477	-1
3478	4493211
3479	-1
3480	-1
3481	-1
3482	-1
3483	4497775
3484	-1
3485	-1
3486	-1
3487	-1
3488	4502339
3489	-1
3490	-1
3491	-1
3492	4506903
3493	-1
3494	-1
3495	-1
3496	-1
3497	4511467
3498	-1
3499	-1
3500	-1
3501	4516031
3502	-1
3503	-1
3504	-1
3505	-1
3506	4520595
3507	-1
3508	-1
3509	-1
3510	4525159
3511	-1
3512	-1
3513	-1
3514	-1
3515	4529723
3516	-1
3517	-1
3518	-1
3519	4534287
3520	-1
3521	-1
3522	-1
3523	-1
3524	4538851
3525	-1
3526	-1
3527	-1
3528	-1
3529	4543415
3530	-1
3531	-1
3532	-1
3533	4547979
3534	-1
3535	-1
3536	-1
3537	-1
3538	4552543
3539	-1
3540	-1
3541	-1
3542	4557107
3543	-1
3544	-1
3545	-1
3546	-1
3547	4561671
3548	-1
3549	-1
3550	-1
3551	4566235
3552	-1
3553	-1
3554	-1
3555	-1
3556	4570799
3557	-1
3558	-1
3559	-1
3560	-1
3561	4575363
3562	-1
3563	-1
3564	-1
3565	4579927
3566	-1
3567	-1
3568	-1
3569	-1
3570	4584491
3571	-1
3572	-1
3573	-1
3574	4589055
3575	-1
3576	-1
3577	-1
3578	-1
3579	4593619
3580	-1
3581	-1
3582	-1
3583	4598183
3584	-1
3585	-1
3586	-1
3587	-1
3588	4602747
3589	-1
3590	-1
3591	-1
3592	-1
3593	4607311
3594	-1
3595	-1
3596	-1
3597	4611875
3598	-1
3599	-1
3600	-1
3601	-1
3602	4616439
3603	-1
3604	-1
3605	-1
3606	4621003
3607	-1
3608	-1
3609	-1
3610	-1
3611	4625567
3612	-1
3613	-1
3614	-1
3615	4630131
3616	-1
3617	-1
3618	-1
3619	-1
3620	4634695
3621	-1
3622	-1
3623	-1
3624	4639259
3625	-1
3626	-1
3627	-1
3628	-1
3629	4643823
3630	-1
3631	-1
3632	-1
3633	-1
3634	4648387
3635	-1
3636	-1
3637	-1
3638	4652951
3639	-1
3640	-1
3641	-1
3642	-1
3643	4657515
3644	-1
3645	-1
3646	-1
3647	4662079
3648	-1
3649	-1
3650	-1
3651	-1
3652	4666643
3653	-1
3654	-1
3655	-1
3656	4671207
3657	-1
3658	-1
3659	-1
3660	-1
3661	4675771
3662	-1
3663	-1
3664	-1
3665	-1
3666	4680335
3667	-1
3668	-1
3669	-1
3670	4684899
3671	-1
3672	-1
3673	-1
3674	-1
3675	4689463
3676	-1
3677	-1
3678	-1
3679	4694027
3680	-1
3681	-1
3682	-1
3683	-1
3684	4698591
3685	-1
3686	-1
3687	-1
3688	4703155
3689	-1
3690	-1
3691	-1
3692	-1
3693	4707719
3694	-1
3695	-1
3696	-1
3697	4712283
3698	-1
3699	-1
3700	-1
3701	-1
3702	4716847
3703	-1
3704	-1
3705	-1
3706	-1
3707	4721411
3708	-1
3709	-1
3710	-1
3711	4725975
3712	-1
3713	-1
3714	-1
3715	-1
3716	4730539
3717	-1
3718	-1
3719	-1
3720	4735103
3721	-1
3722	-1
3723	-1
3724	-1
3725	4739667
3726	-1
3727	-1
3728	-1
3729	4744231
3730	-1
3731	-1
3732	-1
3733	-1
3734	4748795
3735	-1
3736	-1
3737	-1
3738	-1
3739	4753359
3740	-1
3741	-1
3742	-1
3743	4757923
3744	-1
3745	-1
3746	-1
3747	-1
3748	4762487
3749	-1
3750	-1
3751	-1
3752	4767051
3753	-1
3754	-1
3755	-1
3756	-1
3757	4771615
3758	-1
3759	-1
3760	-1
3761	4776179
3762	-1
3763	-1
3764	-1
3765	-1
3766	4780743
3767	-1
3768	-1
3769	-1
3770	4785307
3771	-1
3772	-1
3773	-1
3774	-1
3775	4789871
3776	-1
3777	-1
3778	-1
3779	-1
3780	4794435
3781	-1
3782	-1
3783	-1
3784	4798999
3785	-1
3786	-1
3787	-1
3788	-1
3789	4803563
3790	-1
3791	-1
3792	-1
3793	4808127
3794	-1
3795	-1
3796	-1
3797	-1
3798	4812691
3799	-1
3800	-1
3801	-1
3802	4817255
3803	-1
3804	-1
3805	-1
3806	-1
3807	4821819
3808	-1
3809	-1
3810	-1
3811	-1
3812	4826383
3813	-1
3814	-1
3815	-1
3816	4830947
3817	-1
3818	-1
3819	-1
3820	-1
3821	4835511
3822	-1
3823	-1
3824	-1
3825	4840075
3826	-1
3827	-1
3828	-1
3829	-1
3830	4844639
3831	-1
3832	-1
3833	-1
3834	4849203
3835	-1
3836	-1
3837	-1
3838	-1
3839	4853767
3840	-1
3841	-1
3842	-1
3843	-1
3844	4858331
3845	-1
3846	-1
3847	-1
3848	4862895
3849	-1
3850	-1
3851	-1
3852	-1
3853	4867459
3854	-1
3855	-1
3856	-1
3857	4872023
3858	-1
3859	-1
3860	-1
3861	-1
3862	4876587
3863	-1
3864	-1
3865	-1
3866	4881151
3867	-1
3868	-1
3869	-1
3870	-1
3871	4885715
3872	-1
3873	-1
3874	-1
3875	4890279
3876	-1
3877	-1
3878	-1
3879	-1
3880	4894843
3881	-1
3882	-1
3883	-1
3884	-1
3885	4899407
3886	-1
3887	-1
3888	-1
3889	4903971
3890	-1
3891	-1
3892	-1
3893	-1
3894	4908535
3895	-1
3896	-1
3897	-1
3898	4913099
3899	-1
3900	-1
3901	-1
3902	-1
3903	4917663
3904	-1
3905	-1
3906	-1
3907	4922227
3908	-1
3909	-1
3910	-1
3911	-1
3912	4926791
3913	-1
3914	-1
3915	-1
3916	-1
3917	4931355
3918	-1
3919	-1
3920	-1
3921	4935919
3922	-1
3923	-1
3924	-1
3925	-1
3926	4940483
3927	-1
3928	-1
3929	-1
3930	4945047
3931	-1
3932	-1
3933	-1
3934	-1
3935	4949611
3936	-1
3937	-1
3938	-1
3939	4954175
3940	-1
3941	-1
3942	-1
3943	-1
3944	4958739
3945	-1
3946	-1
3947	-1
3948	4963303
3949	-1
3950	-1
3951	-1
3952	-1
3953	4967867
3954	-1
3955	-1
3956	-1
3957	-1
3958	4972431
3959	-1
3960	-1
3961	-1
3962	4976995
3963	-1
3964	-1
3965	-1
3966	-1
3967	4981559
3968	-1
3969	-1
3970	-1
3971	4986123
3972	-1
3973	-1
3974	-1
3975	-1
3976	4990687
3977	-1
3978	-1
3979	-1
3980	4995251
3981	-1
3982	-1
3983	-1
3984	-1
3985	4999815
3986	-1
3987	-1
3988	-1
3989	-1
3990	5004379
3991	-1
3992	-1
3993	-1
3994	5008943
3995	-1
3996	-1
3997	-1
3998	-1
3999	5013507
4000	-1
4001	-1
4002	-1
4003	5018071
4004	-1
4005	-1
4006	-1
4007	-1
4008	5022635
4009	-1
4010	-1
4011	-1
4012	5027199
4013	-1
4014	-1
4015	-1
4016	-1
4017	5031763
4018	-1
4019	-1
4020	-1
4021	-1
4022	5036327
4023	-1
4024	-1
4025	-1
4026	5040891
4027	-1
4028	-1
4029	-1
4030	-1
4031	5045455
4032	-1
4033	-1
4034	-1
4035	5050019
4036	-1
4037	-1
4038	-1
4039	-1
4040	5054583
4041	-1
4042	-1
4043	-1
4044	5059147
4045	-1
4046	-1
4047	-1
4048	-1
4049	5063711
4050	-1
4051	-1
4052	-1
4053	5068275
4054	-1
4055	-1
4056	-1
4057	-1
4058	5072839
4059	-1
4060	-1
4061	-1
4062	-1
4063	5077403
4064	-1
4065	-1
4066	-1
4067	5081967
4068	-1
4069	-1
4070	-1
4071	-1
4072	5086531
4073	-1
4074	-1
4075	-1
4076	5091095
4077	-1
4078	-1
4079	-1
4080	-1
4081	5095659
4082	-1
4083	-1
4084	-1
4085	5100223
4086	-1
4087	-1
4088	-1
4089	-1
4090	5104787
4091	-1
4092	-1
4093	-1
4094	-1
4095	5109351
4096	-1
4097	-1
4098	-1
4099	5113915
4100	-1
4101	-1
4102	-1
4103	-1
4104	5118479
4105	-1
4106	-1
4107	-1
4108	5123043
4109	-1
4110	-1
4111	-1
4112	-1
4113	5127607
4114	-1
4115	-1
4116	-1
4117	5132171
4118	-1
4119	-1
4120	-1
4121	-1
4122	5136735
4123	-1
4124	-1
4125	-1
4126	5141299
4127	-1
4128	-1
4129	-1
4130	-1
4131	5145863
4132	-1
4133	-1
4134	-1
4135	-1
4136	5150427
4137	-1
4138	-1
4139	-1
4140	5154991
4141	-1
4142	-1
4143	-1
4144	-1
4145	5159555
4146	-1
4147	-1
4148	-1
4149	5164119
4150	-1
4151	-1
4152	-1
4153	-1
4154	5168683
4155	-1
4156	-1
4157	-1
4158	5173247
4159	-1
4160	-1
4161	-1
4162	-1
4163	5177811
4164	-1
4165	-1
4166	-1
4167	-1
4168	5182375
4169	-1
4170	-1
4171	-1
4172	5186939
4173	-1
4174	-1
4175	-1
4176	-1
4177	5191503
4178	-1
4179	-1
4180	-1
4181	5196067
4182	-1
4183	-1
4184	-1
4185	-1
4186	5200631
4187	-1
4188	-1
4189	-1
4190	5205195
4191	-1
4192	-1
4193	-1
4194	-1
4195	5209759
4196	-1
4197	-1
4198	-1
4199	-1
4200	5214323
4201	-1
4202	-1
4203	-1
4204	5218887
4205	-1
4206	-1
4207	-1
4208	-1
4209	5223451
4210	-1
4211	-1
4212	-1
4213	5228015
4214	-1
4215	-1
4216	-1
4217	-1
4218	5232579
4219	-1
4220	-1
4221	-1
4222	5237143
4223	-1
4224	-1
4225	-1
4226	-1
4227	5241707
4228	-1
4229	-1
4230	-1
4231	5246271
4232	-1
4233	-1
4234	-1
4235	-1
4236	5250835
4237	-1
4238	-1
4239	-1
4240	-1
4241	5255399
4242	-1
4243	-1
4244	-1
4245	5259963
4246	-1
4247	-1
4248	-1
4249	-1
4250	5264527
4251	-1
4252	-1
4253	-1
4254	5269091
4255	-1
4256	-1
4257	-1
4258	-1
4259	5273655
4260	-1
4261	-1
4262	-1
4263	5278219
4264	-1
4265	-1
4266	-1
4267	-1
4268	5282783
4269	-1
4270	-1
4271	-1
4272	-1
4273	5287347
4274	-1
4275	-1
4276	-1
4277	5291911
4278	-1
4279	-1
4280	-1
4281	-1
4282	5296475
4283	-1
4284	-1
4285	-1
4286	5301039
4287	-1
4288	-1
4289	-1
4290	-1
4291	5305603
4292	-1
4293	-1
4294	-1
4295	5310167
4296	-1
4297	-1
4298	-1
4299	-1
4300	5314731
4301	-1
4302	-1
4303	-1
4304	5319295
4305	-1
4306	-1
4307	-1
4308	-1
4309	5323859
4310	-1
4311	-1
4312	-1
4313	-1
4314	5328423
4315	-1
4316	-1
4317	-1
4318	5332987
4319	-1
4320	-1
4321	-1
4322	-1
4323	5337551
4324	-1
4325	-1
4326	-1
4327	5342115
4328	-1
4329	-1
4330	-1
4331	-1
4332	5346679
4333	-1
4334	-1
4335	-1
4336	5351243
4337	-1
4338	-1
4339	-1
4340	-1
4341	5355807
4342	-1
4343	-1
4344	-1
4345	-1
4346	5360371
4347	-1
4348	-1
4349	-1
4350	5364935
4351	-1
4352	-1
4353	-1
4354	-1
4355	5369499
4356	-1
4357	-1
4358	-1
4359	5374063
4360	-1
4361	-1
4362	-1
4363	-1
4364	5378627
4365	-1
4366	-1
4367	-1
4368	5383191
4369	-1
4370	-1
4371	-1
4372	-1
4373	5387755
4374	-1
4375	-1
4376	-1
4377	-1
4378	5392319
4379	-1
4380	-1
4381	-1
4382	5396883
4383	-1
4384	-1
4385	-1
4386	-1
4387	5401447
4388	-1
4389	-1
4390	-1
4391	5406011
4392	-1
4393	-1
4394	-1
4395	-1
4396	5410575
4397	-1
4398	-1
4399	-1
4400	5415139
4401	-1
4402	-1
4403	-1
4404	-1
4405	5419703
4406	-1
4407	-1
4408	-1
4409	5424267
4410	-1
4411	-1
4412	-1
4413	-1
4414	5428831
4415	-1
4416	-1
4417	-1
4418	-1
4419	5433395
4420	-1
4421	-1
4422	-1
4423	5437959
4424	-1
4425	-1
4426	-1
4427	-1
4428	5442523
4429	-1
4430	-1
4431	-1
4432	5447087
4433	-1
4434	-1
4435	-1
4436	-1
4437	5451651
4438	-1
4439	-1
4440	-1
4441	5456215
4442	-1
4443	-1
4444	-1
4445	-1
4446	5460779
4447	-1
4448	-1
4449	-1
4450	-1
4451	5465343
4452	-1
4453	-1
4454	-1
4455	5469907
4456	-1
4457	-1
4458	-1
4459	-1
4460	5474471
4461	-1
4462	-1
4463	-1
4464	5479035
4465	-1
4466	-1
4467	-1
4468	-1
4469	5483599
4470	-1
4471	-1
4472	-1
4473	5488163
4474	-1
4475	-1
4476	-1
4477	-1
4478	5492727
4479	-1
4480	-1
4481	-1
4482	5497291
4483	-1
4484	-1
4485	-1
4486	-1
4487	5501855
4488	-1
4489	-1
4490	-1
4491	-1
4492	5506419
4493	-1
4494	-1
4495	-1
4496	5510983
4497	-1
4498	-1
4499	-1
4500	-1
4501	5515547
4502	-1
4503	-1
4504	-1
4505	5520111
4506	-1
4507	-1
4508	-1
4509	-1
4510	5524675
4511	-1
4512	-1
4513	-1
4514	5529239
4515	-1
4516	-1
4517	-1
4518	-1
4519	5533803
4520	-1
4521	-1
4522	-1
4523	-1
4524	5538367
4525	-1
4526	-1
4527	-1
4528	5542931
4529	-1
4530	-1
4531	-1
4532	-1
4533	5547495
4534	-1
4535	-1
4536	-1
4537	5552059
4538	-1
4539	-1
4540	-1
4541	-1
4542	5556623
4543	-1
4544	-1
4545	-1
4546	5561187
4547	-1
4548	-1
4549	-1
4550	-1
4551	5565751
4552	-1
4553	-1
4554	-1
4555	-1
4556	5570315
4557	-1
4558	-1
4559	-1
4560	5574879
4561	-1
4562	-1
4563	-1
4564	-1
4565	5579443
4566	-1
4567	-1
4568	-1
4569	5584007
4570	-1
4571	-1
4572	-1
4573	-1
4574	5588571
4575	-1
4576	-1
4577	-1
4578	5593135
4579	-1
4580	-1
4581	-1
4582	-1
4583	5597699
4584	-1
4585	-1
4586	-1
4587	5602263
4588	-1
4589	-1
4590	-1
4591	-1
4592	5606827
4593	-1
4594	-1
4595	-1
4596	-1
4597	5611391
4598	-1
4599	-1
4600	-1
4601	5615955
4602	-1
4603	-1
4604	-1
4605	-1
4606	5620519
4607	-1
4608	-1
4609	-1
4610	5625083
4611	-1
4612	-1
4613	-1
4614	-1
4615	5629647
4616	-1
4617	-1
4618	-1
4619	5634211
4620	-1
4621	-1
4622	-1
4623	-1
4624	5638775
4625	-1
4626	-1
4627	-1
4628	-1
4629	5643339
4630	-1
4631	-1
4632	-1
4633	5647903
4634	-1
4635	-1
4636	-1
4637	-1
4638	5652467
4639	-1
4640	-1
4641	-1
4642	5657031
4643	-1
4644	-1
4645	-1
4646	-1
4647	5661595
4648	-1
4649	-1
4650	-1
4651	5666159
4652	-1
4653	-1
4654	-1
4655	-1
4656	5670723
4657	-1
4658	-1
4659	-1
4660	5675287
4661	-1
4662	-1
4663	-1
4664	-1
4665	5679851
4666	-1
4667	-1
4668	-1
4669	-1
4670	5684415
4671	-1
4672	-1
4673	-1
4674	5688979
4675	-1
4676	-1
4677	-1
4678	-1
4679	5693543
4680	-1
4681	-1
4682	-1
4683	5698107
4684	-1
4685	-1
4686	-1
4687	-1
4688	5702671
4689	-1
4690	-1
4691	-1
4692	5707235
4693	-1
4694	-1
4695	-1
4696	-1
4697	5711799
4698	-1
4699	-1
4700	-1
4701	-1
4702	5716363
4703	-1
4704	-1
4705	-1
4706	5720927
4707	-1
4708	-1
4709	-1
4710	-1
4711	5725491
4712	-1
4713	-1
4714	-1
4715	5730055
4716	-1
4717	-1
4718	-1
4719	-1
4720	5734619
4721	-1
4722	-1
4723	-1
4724	5739183
4725	-1
4726	-1
4727	-1
4728	-1
4729	5743747
4730	-1
4731	-1
4732	-1
4733	-1
4734	5748311
4735	-1
4736	-1
4737	-1
4738	5752875
4739	-1
4740	-1
4741	-1
4742	-1
4743	5757439
4744	-1
4745	-1
4746	-1
4747	5762003
4748	-1
4749	-1
4750	-1
4751	-1
4752	5766567
4753	-1
4754	-1
4755	-1
4756	5771131
4757	-1
4758	-1
4759	-1
4760	-1
4761	5775695
4762	-1
4763	-1
4764	-1
4765	5780259
4766	-1
4767	-1
4768	-1
4769	-1
4770	5784823
4771	-1
4772	-1
4773	-1
4774	-1
4775	5789387
4776	-1
4777	-1
4778	-1
4779	5793951
4780	-1
4781	-1
4782	-1
4783	-1
4784	5798515
4785	-1
4786	-1
4787	-1
4788	5803079
4789	-1
4790	-1
4791	-1
4792	-1
4793	5807643
4794	-1
4795	-1
4796	-1
4797	5812207
4798	-1
4799	-1
4800	-1
4801	-1
4802	5816771
4803	-1
4804	-1
4805	-1
4806	-1
4807	5821335
4808	-1
4809	-1
4810	-1
4811	5825899
4812	-1
4813	-1
4814	-1
4815	-1
4816	5830463
4817	-1
4818	-1
4819	-1
4820	5835027
4821	-1
4822	-1
4823	-1
4824	-1
4825	5839591
4826	-1
4827	-1
4828	-1
4829	5844155
4830	-1
4831	-1
4832	-1
4833	-1
4834	5848719
4835	-1
4836	-1
4837	-1
4838	5853283
4839	-1
4840	-1
4841	-1
4842	-1
4843	5857847
4844	-1
4845	-1
4846	-1
4847	-1
4848	5862411
4849	-1
4850	-1
4851	-1
4852	5866975
4853	-1
4854	-1
4855	-1
4856	-1
4857	5871539
4858	-1
4859	-1
4860	-1
4861	5876103
4862	-1
4863	-1
4864	-1
4865	-1
4866	5880667
4867	-1
4868	-1
4869	-1
4870	5885231
4871	-1
4872	-1
4873	-1
4874	-1
4875	5889795
4876	-1
4877	-1
4878	-1
4879	-1
4880	5894359
4881	-1
4882	-1
4883	-1
4884	5898923
4885	-1
4886	-1
4887	-1
4888	-1
4889	5903487
4890	-1
4891	-1
4892	-1
4893	5908051
4894	-1
4895	-1
4896	-1
4897	-1
4898	5912615
4899	-1
4900	-1
4901	-1
4902	5917179
4903	-1
4904	-1
4905	-1
4906	-1
4907	5921743
4908	-1
4909	-1
4910	-1
4911	5926307
4912	-1
4913	-1
4914	-1
4915	-1
4916	5930871
4917	-1
4918	-1
4919	-1
4920	-1
4921	5935435
4922	-1
4923	-1
4924	-1
4925	5939999
4926	-1
4927	-1
4928	-1
4929	-1
4930	5944563
4931	-1
4932	-1
4933	-1
4934	5949127
4935	-1
4936	-1
4937	-1
4938	-1
4939	5953691
4940	-1
4941	-1
4942	-1
4943	5958255
4944	-1
4945	-1
4946	-1
4947	-1
4948	5962819
4949	-1
4950	-1
4951	-1
4952	-1
4953	5967383
4954	-1
4955	-1
4956	-1
4957	5971947
4958	-1
4959	-1
4960	-1
4961	-1
4962	5976511
4963	-1
4964	-1
4965	-1
4966	5981075
4967	-1
4968	-1
4969	-1
4970	-1
4971	5985639
4972	-1
4973	-1
4974	-1
4975	5990203
4976	-1
4977	-1
4978	-1
4979	-1
4980	5994767
4981	-1
4982	-1
4983	-1
4984	-1
4985	5999331
4986	-1
4987	-1
4988	-1
4989	6003895
4990	-1
4991	-1
4992	-1
4993	-1
4994	6008459
4995	-1
4996	-1
4997	-1
4998	6013023
4999	-1
5000	-1
5001	-1
5002	-1
5003	6017587
5004	-1
5005	-1
5006	-1
5007	6022151
5008	-1
5009	-1
5010	-1
5011	-1
5012	6026715
5013	-1
5014	-1
5015	-1
5016	6031279
5017	-1
5018	-1
5019	-1
5020	-1
5021	6035843
5022	-1
5023	-1
5024	-1
5025	-1
5026	6040407
5027	-1
5028	-1
5029	-1
5030	6044971
5031	-1
5032	-1
5033	-1
5034	-1
5035	6049535
5036	-1
5037	-1
5038	-1
5039	6054099
5040	-1
5041	-1
5042	-1
5043	-1
5044	6058663
5045	-1
5046	-1
5047	-1
5048	6063227
5049	-1
5050	-1
5051	-1
5052	-1
5053	6067791
5054	-1
5055	-1
5056	-1
5057	-1
5058	6072355
5059	-1
5060	-1
5061	-1
5062	6076919
5063	-1
5064	-1
5065	-1
5066	-1
5067	6081483
5068	-1
5069	-1
5070	-1
5071	6086047
5072	-1
5073	-1
5074	-1
5075	-1
5076	6090611
5077	-1
5078	-1
5079	-1
5080	6095175
5081	-1
5082	-1
5083	-1
5084	-1
5085	6099739
5086	-1
5087	-1
5088	-1
5089	6104303
5090	-1
5091	-1
5092	-1
5093	-1
5094	6108867
5095	-1
5096	-1
5097	-1
5098	-1
5099	6113431
5100	-1
5101	-1
5102	-1
5103	6117995
5104	-1
5105	-1
5106	-1
5107	-1
5108	6122559
5109	-1
5110	-1
5111	-1
5112	6127123
5113	-1
5114	-1
5115	-1
5116	-1
5117	6131687
5118	-1
5119	-1
5120	-1
5121	6136251
5122	-1
5123	-1
5124	-1
5125	-1
5126	6140815
5127	-1
5128	-1
5129	-1
5130	-1
5131	6145379
5132	-1
5133	-1
5134	-1
5135	6149943
5136	-1
5137	-1
5138	-1
5139	-1
5140	6154507
5141	-1
5142	-1
5143	-1
5144	6159071
5145	-1
5146	-1
5147	-1
5148	-1
5149	6163635
5150	-1
5151	-1
5152	-1
5153	6168199
5154	-1
5155	-1
5156	-1
5157	-1
5158	6172763
5159	-1
5160	-1
5161	-1
5162	-1
5163	6177327
5164	-1
5165	-1
5166	-1
5167	6181891
5168	-1
5169	-1
5170	-1
5171	-1
5172	6186455
5173	-1
5174	-1
5175	-1
5176	6191019
5177	-1
5178	-1
5179	-1
5180	-1
5181	6195583
5182	-1
5183	-1
5184	-1
5185	6200147
5186	-1
5187	-1
5188	-1
5189	-1
5190	6204711
5191	-1
5192	-1
5193	-1
5194	6209275
5195	-1
5196	-1
5197	-1
5198	-1
5199	6213839
5200	-1
5201	-1
5202	-1
5203	-1
5204	6218403
5205	-1
5206	-1
5207	-1
5208	6222967
5209	-1
5210	-1
5211	-1
5212	-1
5213	6227531
5214	-1
5215	-1
5216	-1
5217	6232095
5218	-1
5219	-1
5220	-1
5221	-1
5222	6236659
5223	-1
5224	-1
5225	-1
5226	6241223
5227	-1
5228	-1
5229	-1
5230	-1
5231	6245787
5232	-1
5233	-1
5234	-1
5235	-1
5236	6250351
5237	-1
5238	-1
5239	-1
5240	6254915
5241	-1
5242	-1
5243	-1
5244	-1
5245	6259479
5246	-1
5247	-1
5248	-1
5249	6264043
5250	-1
5251	-1
5252	-1
5253	-1
5254	6268607
5255	-1
5256	-1
5257	-1
5258	6273171
5259	-1
5260	-1
5261	-1
5262	-1
5263	6277735
5264	-1
5265	-1
5266	-1
5267	6282299
5268	-1
5269	-1
5270	-1
5271	-1
5272	6286863
5273	-1
5274	-1
5275	-1
5276	-1
5277	6291427
5278	-1
5279	-1
5280	-1
5281	6295991
5282	-1
5283	-1
5284	-1
5285	-1
5286	6300555
5287	-1
5288	-1
5289	-1
5290	6305119
5291	-1
5292	-1
5293	-1
5294	-1
5295	6309683
5296	-1
5297	-1
5298	-1
5299	6314247
5300	-1
5301	-1
5302	-1
5303	-1
5304	6318811
5305	-1
5306	-1
5307	-1
5308	-1
5309	6323375
5310	-1
5311	-1
5312	-1
5313	6327939
5314	-1
5315	-1
5316	-1
5317	-1
5318	6332503
5319	-1
5320	-1
5321	-1
5322	6337067
5323	-1
5324	-1
5325	-1
5326	-1
5327	6341631
5328	-1
5329	-1
5330	-1
5331	6346195
5332	-1
5333	-1
5334	-1
5335	-1
5336	6350759
5337	-1
5338	-1
5339	-1
5340	-1
5341	6355323
5342	-1
5343	-1
5344	-1
5345	6359887
5346	-1
5347	-1
5348	-1
5349	-1
5350	6364451
5351	-1
5352	-1
5353	-1
5354	6369015
5355	-1
5356	-1
5357	-1
5358	-1
5359	6373579
5360	-1
5361	-1
5362	-1
5363	6378143
5364	-1
5365	-1
5366	-1
5367	-1
5368	6382707
5369	-1
5370	-1
5371	-1
5372	6387271
5373	-1
5374	-1
5375	-1
5376	-1
5377	6391835
5378	-1
5379	-1
5380	-1
5381	-1
5382	6396399
5383	-1
5384	-1
5385	-1
5386	6400963
5387	-1
5388	-1
5389	-1
5390	-1
5391	6405527
5392	-1
5393	-1
5394	-1
5395	6410091
5396	-1
5397	-1
5398	-1
5399	-1
5400	6414655
5401	-1
5402	-1
5403	-1
5404	6419219
5405	-1
5406	-1
5407	-1
5408	-1
5409	6423783
5410	-1
5411	-1
5412	-1
5413	-1
5414	6428347
5415	-1
5416	-1
5417	-1
5418	6432911
5419	-1
5420	-1
5421	-1
5422	-1
5423	6437475
5424	-1
5425	-1
5426	-1
5427	6442039
5428	-1
5429	-1
5430	-1
5431	-1
5432	6446603
5433	-1
5434	-1
5435	-1
5436	6451167
5437	-1
5438	-1
5439	-1
5440	-1
5441	6455731
5442	-1
5443	-1
5444	-1
5445	6460295
5446	-1
5447	-1
5448	-1
5449	-1
5450	6464859
5451	-1
5452	-1
5453	-1
5454	-1
5455	6469423
5456	-1
5457	-1
5458	-1
5459	6473987
5460	-1
5461	-1
5462	-1
5463	-1
5464	6478551
5465	-1
5466	-1
5467	-1
5468	6483115
5469	-1
5470	-1
5471	-1
5472	-1
5473	6487679
5474	-1
5475	-1
5476	-1
5477	6492243
5478	-1
5479	-1
5480	-1
5481	-1
5482	6496807
5483	-1
5484	-1
5485	-1
5486	-1
5487	6501371
5488	-1
5489	-1
5490	-1
5491	6505935
5492	-1
5493	-1
5494	-1
5495	-1
5496	6510499
5497	-1
5498	-1
5499	-1
5500	6515063
5501	-1
5502	-1
5503	-1
5504	-1
5505	6519627
5506	-1
5507	-1
5508	-1
5509	6524191
5510	-1
5511	-1
5512	-1
5513	-1
5514	6528755
5515	-1
5516	-1
5517	-1
5518	-1
5519	6533319
5520	-1
5521	-1
5522	-1
5523	6537883
5524	-1
5525	-1
5526	-1
5527	-1
5528	6542447
5529	-1
5530	-1
5531	-1
5532	6547011
5533	-1
5534	-1
5535	-1
5536	-1
5537	6551575
5538	-1
5539	-1
5540	-1
5541	6556139
5542	-1
5543	-1
5544	-1
5545	-1
5546	6560703
5547	-1
5548	-1
5549	-1
5550	6565267
5551	-1
5552	-1
5553	-1
5554	-1
5555	6569831
5556	-1
5557	-1
5558	-1
5559	-1
5560	6574395
5561	-1
5562	-1
5563	-1
5564	6578959
5565	-1
5566	-1
5567	-1
5568	-1
5569	6583523
5570	-1
5571	-1
5572	-1
5573	6588087
5574	-1
5575	-1
5576	-1
5577	-1
5578	6592651
5579	-1
5580	-1
5581	-1
5582	6597215
5583	-1
5584	-1
5585	-1
5586	-1
5587	6601779
5588	-1
5589	-1
5590	-1
5591	-1
5592	6606343
5593	-1
5594	-1
5595	-1
5596	6610907
5597	-1
5598	-1
5599	-1
5600	-1
5601	6615471
5602	-1
5603	-1
5604	-1
5605	6620035
5606	-1
5607	-1
5608	-1
5609	-1
5610	6624599
5611	-1
5612	-1
5613	-1
5614	6629163
5615	-1
5616	-1
5617	-1
5618	-1
5619	6633727
5620	-1
5621	-1
5622	-1
5623	6638291
5624	-1
5625	-1
5626	-1
5627	-1
5628	6642855
5629	-1
5630	-1
5631	-1
5632	-1
5633	6647419
5634	-1
5635	-1
5636	-1
5637	6651983
5638	-1
5639	-1
5640	-1
5641	-1
5642	6656547
5643	-1
5644	-1
5645	-1
5646	6661111
5647	-1
5648	-1
5649	-1
5650	-1
5651	6665675
5652	-1
5653	-1
5654	-1
5655	6670239
5656	-1
5657	-1
5658	-1
5659	-1
5660	6674803
5661	-1
5662	-1
5663	-1
5664	-1
5665	6679367
5666	-1
5667	-1
5668	-1
5669	6683931
5670	-1
5671	-1
5672	-1
5673	-1
5674	6688495
5675	-1
5676	-1
5677	-1
5678	6693059
5679	-1
5680	-1
5681	-1
5682	-1
5683	6697623
5684	-1
5685	-1
5686	-1
5687	6702187
5688	-1
5689	-1
5690	-1
5691	-1
5692	6706751
5693	-1
5694	-1
5695	-1
5696	-1
5697	6711315
5698	-1
5699	-1
5700	-1
5701	6715879
5702	-1
5703	-1
5704	-1
5705	-1
5706	6720443
5707	-1
5708	-1
5709	-1
5710	6725007
5711	-1
5712	-1
5713	-1
5714	-1
5715	6729571
5716	-1
5717	-1
5718	-1
5719	6734135
5720	-1
5721	-1
5722	-1
5723	-1
5724	6738699
5725	-1
5726	-1
5727	-1
5728	6743263
5729	-1
5730	-1
5731	-1
5732	-1
5733	6747827
5734	-1
5735	-1
5736	-1
5737	-1
5738	6752391
5739	-1
5740	-1
5741	-1
5742	6756955
5743	-1
5744	-1
5745	-1
5746	-1
5747	6761519
5748	-1
5749	-1
5750	-1
5751	6766083
5752	-1
5753	-1
5754	-1
5755	-1
5756	6770647
5757	-1
5758	-1
5759	-1
5760	6775211
5761	-1
5762	-1
5763	-1
5764	-1
5765	6779775
5766	-1
5767	-1
5768	-1
5769	-1
5770	6784339
5771	-1
5772	-1
5773	-1
5774	6788903
5775	-1
5776	-1
5777	-1
5778	-1
5779	6793467
5780	-1
5781	-1
5782	-1
5783	6798031
5784	-1
5785	-1
5786	-1
5787	-1
5788	6802595
5789	-1
5790	-1
5791	-1
5792	6807159
5793	-1
5794	-1
5795	-1
5796	-1
5797	6811723
5798	-1
5799	-1
5800	-1
5801	6816287
5802	-1
5803	-1
5804	-1
5805	-1
5806	6820851
5807	-1
5808	-1
5809	-1
5810	-1
5811	6825415
5812	-1
5813	-1
5814	-1
5815	6829979
5816	-1
5817	-1
5818	-1
5819	-1
5820	6834543
5821	-1
5822	-1
5823	-1
5824	6839107
5825	-1
5826	-1
5827	-1
5828	-1
5829	6843671
5830	-1
5831	-1
5832	-1
5833	6848235
5834	-1
5835	-1
5836	-1
5837	-1
5838	6852799
5839	-1
5840	-1
5841	-1
5842	-1
5843	6857363
5844	-1
5845	-1
5846	-1
5847	6861927
5848	-1
5849	-1
5850	-1
5851	-1
5852	6866491
5853	-1
5854	-1
5855	-1
5856	6871055
5857	-1
5858	-1
5859	-1
5860	-1
5861	6875619
5862	-1
5863	-1
5864	-1
5865	6880183
5866	-1
5867	-1
5868	-1
5869	-1
5870	6884747
5871	-1
5872	-1
5873	-1
5874	-1
5875	6889311
5876	-1
5877	-1
5878	-1
5879	6893875
5880	-1
5881	-1
5882	-1
5883	-1
5884	6898439
5885	-1
5886	-1
5887	-1
5888	6903003
5889	-1
5890	-1
5891	-1
5892	-1
5893	6907567
5894	-1
5895	-1
5896	-1
5897	6912131
5898	-1
5899	-1
5900	-1
5901	-1
5902	6916695
5903	-1
5904	-1
5905	-1
5906	6921259
5907	-1
5908	-1
5909	-1
5910	-1
5911	6925823
5912	-1
5913	-1
5914	-1
5915	-1
5916	6930387
5917	-1
5918	-1
5919	-1
5920	6934951
5921	-1
5922	-1
5923	-1
5924	-1
5925	6939515
5926	-1
5927	-1
5928	-1
5929	6944079
5930	-1
5931	-1
5932	-1
5933	-1
5934	6948643
5935	-1
5936	-1
5937	-1
5938	6953207
5939	-1
5940	-1
5941	-1
5942	-1
5943	6957771
5944	-1
5945	-1
5946	-1
5947	-1
5948	6962335
5949	-1
5950	-1
5951	-1
5952	6966899
5953	-1
5954	-1
5955	-1
5956	-1
5957	6971463
5958	-1
5959	-1
5960	-1
5961	6976027
5962	-1
5963	-1
5964	-1
5965	-1
5966	6980591
5967	-1
5968	-1
5969	-1
5970	6985155
5971	-1
5972	-1
5973	-1
5974	-1
5975	6989719
5976	-1
5977	-1
5978	-1
5979	6994283
5980	-1
5981	-1
5982	-1
5983	-1
5984	6998847
5985	-1
5986	-1
5987	-1
5988	-1
5989	7003411
5990	-1
5991	-1
5992	-1
5993	7007975
5994	-1
5995	-1
5996	-1
5997	-1
5998	7012539
5999	-1
6000	-1
6001	-1
6002	7017103
6003	-1
6004	-1
6005	-1
6006	-1
6007	7021667
6008	-1
6009	-1
6010	-1
6011	7026231
6012	-1
6013	-1
6014	-1
6015	-1
6016	7030795
6017	-1
6018	-1
6019	-1
6020	-1
6021	7035359
6022	-1
6023	-1
6024	-1
6025	7039923
6026	-1
6027	-1
6028	-1
6029	-1
6030	7044487
6031	-1
6032	-1
6033	-1
6034	7049051
6035	-1
6036	-1
6037	-1
6038	-1
6039	7053615
6040	-1
6041	-1
6042	-1
6043	7058179
6044	-1
6045	-1
6046	-1
6047	-1
6048	7062743
6049	-1
6050	-1
6051	-1
6052	7067307
6053	-1
6054	-1
6055	-1
6056	-1
6057	7071871
6058	-1
6059	-1
6060	-1
6061	-1
6062	7076435
6063	-1
6064	-1
6065	-1
6066	7080999
6067	-1
6068	-1
6069	-1
6070	-1
6071	7085563
6072	-1
6073	-1
6074	-1
6075	7090127
6076	-1
6077	-1
6078	-1
6079	-1
6080	7094691
6081	-1
6082	-1
6083	-1
6084	7099255
6085	-1
6086	-1
6087	-1
6088	-1
6089	7103819
6090	-1
6091	-1
6092	-1
6093	-1
6094	7108383
6095	-1
6096	-1
6097	-1
6098	7112947
6099	-1
6100	-1
6101	-1
6102	-1
6103	7117511
6104	-1
6105	-1
6106	-1
6107	7122075
6108	-1
6109	-1
6110	-1
6111	-1
6112	7126639
6113	-1
6114	-1
6115	-1
6116	7131203
6117	-1
6118	-1
6119	-1
6120	-1
6121	7135767
6122	-1
6123	-1
6124	-1
6125	-1
6126	7140331
6127	-1
6128	-1
6129	-1
6130	7144895
6131	-1
6132	-1
6133	-1
6134	-1
6135	7149459
6136	-1
6137	-1
6138	-1
6139	7154023
6140	-1
6141	-1
6142	-1
6143	-1
6144	7158587
6145	-1
6146	-1
6147	-1
6148	7163151
6149	-1
6150	-1
6151	-1
6152	-1
6153	7167715
6154	-1
6155	-1
6156	-1
6157	7172279
6158	-1
6159	-1
6160	-1
6161	-1
6162	7176843
6163	-1
6164	-1
6165	-1
6166	-1
6167	7181407
6168	-1
6169	-1
6170	-1
6171	7185971
6172	-1
6173	-1
6174	-1
6175	-1
6176	7190535
6177	-1
6178	-1
6179	-1
6180	7195099
6181	-1
6182	-1
6183	-1
6184	-1
6185	7199663
6186	-1
6187	-1
6188	-1
6189	7204227
6190	-1
6191	-1
6192	-1
6193	-1
6194	7208791
6195	-1
6196	-1
6197	-1
6198	-1
6199	7213355
6200	-1
6201	-1
6202	-1
6203	7217919
6204	-1
6205	-1
6206	-1
6207	-1
6208	7222483
6209	-1
6210	-1
6211	-1
6212	7227047
6213	-1
6214	-1
6215	-1
6216	-1
6217	7231611
6218	-1
6219	-1
6220	-1
6221	7236175
6222	-1
6223	-1
6224	-1
6225	-1
6226	7240739
6227	-1
6228	-1
6229	-1
6230	7245303
6231	-1
6232	-1
6233	-1
6234	-1
6235	7249867
6236	-1
6237	-1
6238	-1
6239	-1
6240	7254431
6241	-1
6242	-1
6243	-1
6244	7258995
6245	-1
6246	-1
6247	-1
6248	-1
6249	7263559
6250	-1
6251	-1
6252	-1
6253	7268123
6254	-1
6255	-1
6256	-1
6257	-1
6258	7272687
6259	-1
6260	-1
6261	-1
6262	7277251
6263	-1
6264	-1
6265	-1
6266	-1
6267	7281815
6268	-1
6269	-1
6270	-1
6271	-1
6272	7286379
6273	-1
6274	-1
6275	-1
6276	7290943
6277	-1
6278	-1
6279	-1
6280	-1
6281	7295507
6282	-1
6283	-1
6284	-1
6285	7300071
6286	-1
6287	-1
6288	-1
6289	-1
6290	7304635
6291	-1
6292	-1
6293	-1
6294	7309199
6295	-1
6296	-1
6297	-1
6298	-1
6299	7313763
6300	-1
6301	-1
6302	-1
6303	-1
6304	7318327
6305	-1
6306	-1
6307	-1
6308	7322891
6309	-1
6310	-1
6311	-1
6312	-1
6313	7327455
6314	-1
6315	-1
6316	-1
6317	7332019
6318	-1
6319	-1
6320	-1
6321	-1
6322	7336583
6323	-1
6324	-1
6325	-1
6326	7341147
6327	-1
6328	-1
6329	-1
6330	-1
6331	7345711
6332	-1
6333	-1
6334	-1
6335	7350275
6336	-1
6337	-1
6338	-1
6339	-1
6340	7354839
6341	-1
6342	-1
6343	-1
6344	-1
6345	7359403
6346	-1
6347	-1
6348	-1
6349	7363967
6350	-1
6351	-1
6352	-1
6353	-1
6354	7368531
6355	-1
6356	-1
6357	-1
6358	7373095
6359	-1
6360	-1
6361	-1
6362	-1
6363	7377659
6364	-1
6365	-1
6366	-1
6367	7382223
6368	-1
6369	-1
6370	-1
6371	-1
6372	7386787
6373	-1
6374	-1
6375	-1
6376	-1
6377	7391351
6378	-1
6379	-1
6380	-1
6381	7395915
6382	-1
6383	-1
6384	-1
6385	-1
6386	7400479
6387	-1
6388	-1
6389	-1
6390	7405043
6391	-1
6392	-1
6393	-1
6394	-1
6395	7409607
6396	-1
6397	-1
6398	-1
6399	7414171
6400	-1
6401	-1
6402	-1
6403	-1
6404	7418735
6405	-1
6406	-1
6407	-1
6408	7423299
6409	-1
6410	-1
6411	-1
6412	-1
6413	7427863
6414	-1
6415	-1
6416	-1
6417	-1
6418	7432427
6419	-1
6420	-1
6421	-1
6422	7436991
6423	-1
6424	-1
6425	-1
6426	-1
6427	7441555
6428	-1
6429	-1
6430	-1
6431	7446119
6432	-1
6433	-1
6434	-1
6435	-1
6436	7450683
6437	-1
6438	-1
6439	-1
6440	7455247
6441	-1
6442	-1
6443	-1
6444	-1
6445	7459811
6446	-1
6447	-1
6448	-1
6449	-1
6450	7464375
6451	-1
6452	-1
6453	-1
6454	7468939
6455	-1
6456	-1
6457	-1
6458	-1
6459	7473503
6460	-1
6461	-1
6462	-1
6463	7478067
6464	-1
6465	-1
6466	-1
6467	-1
6468	7482631
6469	-1
6470	-1
6471	-1
6472	7487195
6473	-1
6474	-1
6475	-1
6476	-1
6477	7491759
6478	-1
6479	-1
6480	-1
6481	-1
6482	7496323
6483	-1
6484	-1
6485	-1
6486	7500887
6487	-1
6488	-1
6489	-1
6490	-1
6491	7505451
6492	-1
6493	-1
6494	-1
6495	7510015
6496	-1
6497	-1
6498	-1
6499	-1
6500	7514579
6501	-1
6502	-1
6503	-1
6504	7519143
6505	-1
6506	-1
6507	-1
6508	-1
6509	7523707
6510	-1
6511	-1
6512	-1
6513	7528271
6514	-1
6515	-1
6516	-1
6517	-1
6518	7532835
6519	-1
6520	-1
6521	-1
6522	-1
6523	7537399
6524	-1
6525	-1
6526	-1
6527	7541963
6528	-1
6529	-1
6530	-1
6531	-1
6532	7546527
6533	-1
6534	-1
6535	-1
6536	7551091
6537	-1
6538	-1
6539	-1
6540	-1
6541	7555655
6542	-1
6543	-1
6544	-1
6545	7560219
6546	-1
6547	-1
6548	-1
6549	-1
6550	7564783
6551	-1
6552	-1
6553	-1
6554	-1
6555	7569347
6556	-1
6557	-1
6558	-1
6559	7573911
6560	-1
6561	-1
6562	-1
6563	-1
6564	7578475
6565	-1
6566	-1
6567	-1
6568	7583039
6569	-1
6570	-1
6571	-1
6572	-1
6573	7587603
6574	-1
6575	-1
6576	-1
6577	7592167
6578	-1
6579	-1
6580	-1
6581	-1
6582	7596731
6583	-1
6584	-1
6585	-1
6586	7601295
6587	-1
6588	-1
6589	-1
6590	-1
6591	7605859
6592	-1
6593	-1
6594	-1
6595	-1
6596	7610423
6597	-1
6598	-1
6599	-1
6600	7614987
6601	-1
6602	-1
6603	-1
6604	-1
6605	7619551
6606	-1
6607	-1
6608	-1
6609	7624115
6610	-1
6611	-1
6612	-1
6613	-1
6614	7628679
6615	-1
6616	-1
6617	-1
6618	7633243
6619	-1
6620	-1
6621	-1
6622	-1
6623	7637807
6624	-1
6625	-1
6626	-1
6627	-1
6628	7642371
6629	-1
6630	-1
6631	-1
6632	7646935
6633	-1
6634	-1
6635	-1
6636	-1
6637	7651499
6638	-1
6639	-1
6640	-1
6641	7656063
6642	-1
6643	-1
6644	-1
6645	-1
6646	7660627
6647	-1
6648	-1
6649	-1
6650	7665191
6651	-1
6652	-1
6653	-1
6654	-1
6655	7669755
6656	-1
6657	-1
6658	-1
6659	-1
6660	7674319
6661	-1
6662	-1
6663	-1
6664	7678883
6665	-1
6666	-1
6667	-1
6668	-1
6669	7683447
6670	-1
6671	-1
6672	-1
6673	7688011
6674	-1
6675	-1
6676	-1
6677	-1
6678	7692575
6679	-1
6680	-1
6681	-1
6682	7697139
6683	-1
6684	-1
6685	-1
6686	-1
6687	7701703
6688	-1
6689	-1
6690	-1
6691	7706267
6692	-1
6693	-1
6694	-1
6695	-1
6696	7710831
6697	-1
6698	-1
6699	-1
6700	-1
6701	7715395
6702	-1
6703	-1
6704	-1
6705	7719959
6706	-1
6707	-1
6708	-1
6709	-1
6710	7724523
6711	-1
6712	-1
6713	-1
6714	7729087
6715	-1
6716	-1
6717	-1
6718	-1
6719	7733651
6720	-1
6721	-1
6722	-1
6723	7738215
6724	-1
6725	-1
6726	-1
6727	-1
6728	7742779
6729	-1
6730	-1
6731	-1
6732	-1
6733	7747343
6734	-1
6735	-1
6736	-1
6737	7751907
6738	-1
6739	-1
6740	-1
6741	-1
6742	7756471
6743	-1
6744	-1
6745	-1
6746	7761035
6747	-1
6748	-1
6749	-1
6750	-1
6751	7765599
6752	-1
6753	-1
6754	-1
6755	7770163
6756	-1
6757	-1
6758	-1
6759	-1
6760	7774727
6761	-1
6762	-1
6763	-1
6764	7779291
6765	-1
6766	-1
6767	-1
6768	-1
6769	7783855
6770	-1
6771	-1
6772	-1
6773	-1
6774	7788419
6775	-1
6776	-1
6777	-1
6778	7792983
6779	-1
6780	-1
6781	-1
6782	-1
6783	7797547
6784	-1
6785	-1
6786	-1
6787	7802111
6788	-1
6789	-1
6790	-1
6791	-1
6792	7806675
6793	-1
6794	-1
6795	-1
6796	7811239
6797	-1
6798	-1
6799	-1
6800	-1
6801	7815803
6802	-1
6803	-1
6804	-1
6805	-1
6806	7820367
6807	-1
6808	-1
6809	-1
6810	7824931
6811	-1
6812	-1
6813	-1
6814	-1
6815	7829495
6816	-1
6817	-1
6818	-1
6819	7834059
6820	-1
6821	-1
6822	-1
6823	-1
6824	7838623
6825	-1
6826	-1
6827	-1
6828	7843187
6829	-1
6830	-1
6831	-1
6832	-1
6833	7847751
6834	-1
6835	-1
6836	-1
6837	-1
6838	7852315
6839	-1
6840	-1
6841	-1
6842	7856879
6843	-1
6844	-1
6845	-1
6846	-1
6847	7861443
6848	-1
6849	-1
6850	-1
6851	7866007
6852	-1
6853	-1
6854	-1
6855	-1
6856	7870571
6857	-1
6858	-1
6859	-1
6860	7875135
6861	-1
6862	-1
6863	-1
6864	-1
6865	7879699
6866	-1
6867	-1
6868	-1
6869	7884263
6870	-1
6871	-1
6872	-1
6873	-1
6874	7888827
6875	-1
6876	-1
6877	-1
6878	-1
6879	7893391
6880	-1
6881	-1
6882	-1
6883	7897955
6884	-1
6885	-1
6886	-1
6887	-1
6888	7902519
6889	-1
6890	-1
6891	-1
6892	7907083
6893	-1
6894	-1
6895	-1
6896	-1
6897	7911647
6898	-1
6899	-1
6900	-1
6901	7916211
6902	-1
6903	-1
6904	-1
6905	-1
6906	7920775
6907	-1
6908	-1
6909	-1
6910	-1
6911	7925339
6912	-1
6913	-1
6914	-1
6915	7929903
6916	-1
6917	-1
6918	-1
6919	-1
6920	7934467
6921	-1
6922	-1
6923	-1
6924	7939031
6925	-1
6926	-1
6927	-1
6928	-1
6929	7943595
6930	-1
6931	-1
6932	-1
6933	7948159
6934	-1
6935	-1
6936	-1
6937	-1
6938	7952723
6939	-1
6940	-1
6941	-1
6942	7957287
6943	-1
6944	-1
6945	-1
6946	-1
6947	7961851
6948	-1
6949	-1
6950	-1
6951	-1
6952	7966415
6953	-1
6954	-1
6955	-1
6956	7970979
6957	-1
6958	-1
6959	-1
6960	-1
6961	7975543
6962	-1
6963	-1
6964	-1
6965	7980107
6966	-1
6967	-1
6968	-1
6969	-1
6970	7984671
6971	-1
6972	-1
6973	-1
6974	7989235
6975	-1
6976	-1
6977	-1
6978	-1
6979	7993799
6980	-1
6981	-1
6982	-1
6983	-1
6984	7998363
6985	-1
6986	-1
6987	-1
6988	8002927
6989	-1
6990	-1
6991	-1
6992	-1
6993	8007491
6994	-1
6995	-1
6996	-1
6997	8012055
6998	-1
6999	-1
7000	-1
7001	-1
7002	8016619
7003	-1
7004	-1
7005	-1
7006	8021183
7007	-1
7008	-1
7009	-1
7010	-1
7011	8025747
7012	-1
7013	-1
7014	-1
7015	-1
7016	8030311
7017	-1
7018	-1
7019	-1
7020	8034875
7021	-1
7022	-1
7023	-1
7024	-1
7025	8039439
7026	-1
7027	-1
7028	-1
7029	8044003
7030	-1
7031	-1
7032	-1
7033	-1
7034	8048567
7035	-1
7036	-1
7037	-1
7038	8053131
7039	-1
7040	-1
7041	-1
7042	-1
7043	8057695
7044	-1
7045	-1
7046	-1
7047	8062259
7048	-1
7049	-1
7050	-1
7051	-1
7052	8066823
7053	-1
7054	-1
7055	-1
7056	-1
7057	8071387
7058	-1
7059	-1
7060	-1
7061	8075951
7062	-1
7063	-1
7064	-1
7065	-1
7066	8080515
7067	-1
7068	-1
7069	-1
7070	8085079
7071	-1
7072	-1
7073	-1
7074	-1
7075	8089643
7076	-1
7077	-1
7078	-1
7079	8094207
7080	-1
7081	-1
7082	-1
7083	-1
7084	8098771
7085	-1
7086	-1
7087	-1
7088	-1
7089	8103335
7090	-1
7091	-1
7092	-1
7093	8107899
7094	-1
7095	-1
7096	-1
7097	-1
7098	8112463
7099	-1
7100	-1
7101	-1
7102	8117027
7103	-1
7104	-1
7105	-1
7106	-1
7107	8121591
7108	-1
7109	-1
7110	-1
7111	8126155
7112	-1
7113	-1
7114	-1
7115	-1
7116	8130719
7117	-1
7118	-1
7119	-1
7120	8135283
7121	-1
7122	-1
7123	-1
7124	-1
7125	8139847
7126	-1
7127	-1
7128	-1
7129	-1
7130	8144411
7131	-1
7132	-1
7133	-1
7134	8148975
7135	-1
7136	-1
7137	-1
7138	-1
7139	8153539
7140	-1
7141	-1
7142	-1
7143	8158103
7144	-1
7145	-1
7146	-1
7147	-1
7148	8162667
7149	-1
7150	-1
7151	-1
7152	8167231
7153	-1
7154	-1
7155	-1
7156	-1
7157	8171795
7158	-1
7159	-1
7160	-1
7161	-1
7162	8176359
7163	-1
7164	-1
7165	-1
7166	8180923
7167	-1
7168	-1
7169	-1
7170	-1
7171	8185487
7172	-1
7173	-1
7174	-1
7175	8190051
7176	-1
7177	-1
7178	-1
7179	-1
7180	8194615
7181	-1
7182	-1
7183	-1
7184	8199179
7185	-1
7186	-1
7187	-1
7188	-1
7189	8203743
7190	-1
7191	-1
7192	-1
7193	8208307
7194	-1
7195	-1
7196	-1
7197	-1
7198	8212871
7199	-1
7200	-1
7201	-1
7202	-1
7203	8217435
7204	-1
7205	-1
7206	-1
7207	8221999
7208	-1
7209	-1
7210	-1
7211	-1
7212	8226563
7213	-1
7214	-1
7215	-1
7216	8231127
7217	-1
7218	-1
7219	-1
7220	-1
7221	8235691
7222	-1
7223	-1
7224	-1
7225	8240255
7226	-1
7227	-1
7228	-1
7229	-1
7230	8244819
7231	-1
7232	-1
7233	-1
7234	-1
7235	8249383
7236	-1
7237	-1
7238	-1
7239	8253947
7240	-1
7241	-1
7242	-1
7243	-1
7244	8258511
7245	-1
7246	-1
7247	-1
7248	8263075
7249	-1
7250	-1
7251	-1
7252	-1
7253	8267639
7254	-1
7255	-1
7256	-1
7257	8272203
7258	-1
7259	-1
7260	-1
7261	-1
7262	8276767
7263	-1
7264	-1
7265	-1
7266	-1
7267	8281331
7268	-1
7269	-1
7270	-1
7271	8285895
7272	-1
7273	-1
7274	-1
7275	-1
7276	8290459
7277	-1
7278	-1
7279	-1
7280	8295023
7281	-1
7282	-1
7283	-1
7284	-1
7285	8299587
7286	-1
7287	-1
7288	-1
7289	8304151
7290	-1
7291	-1
7292	-1
7293	-1
7294	8308715
7295	-1
7296	-1
7297	-1
7298	8313279
7299	-1
7300	-1
7301	-1
7302	-1
7303	8317843
7304	-1
7305	-1
7306	-1
7307	-1
7308	8322407
7309	-1
7310	-1
7311	-1
7312	8326971
7313	-1
7314	-1
7315	-1
7316	-1
7317	8331535
7318	-1
7319	-1
7320	-1
7321	8336099
7322	-1
7323	-1
7324	-1
7325	-1
7326	8340663
7327	-1
7328	-1
7329	-1
7330	8345227
7331	-1
7332	-1
7333	-1
7334	-1
7335	8349791
7336	-1
7337	-1
7338	-1
7339	-1
7340	8354355
7341	-1
7342	-1
7343	-1
7344	8358919
7345	-1
7346	-1
7347	-1
7348	-1
7349	8363483
7350	-1
7351	-1
7352	-1
7353	8368047
7354	-1
7355	-1
7356	-1
7357	-1
7358	8372611
7359	-1
7360	-1
7361	-1
7362	8377175
7363	-1
7364	-1
7365	-1
7366	-1
7367	8381739
7368	-1
7369	-1
7370	-1
7371	8386303
7372	-1
7373	-1
7374	-1
7375	-1
7376	8390867
7377	-1
7378	-1
7379	-1
7380	-1
7381	8395431
7382	-1
7383	-1
7384	-1
7385	8399995
7386	-1
7387	-1
7388	-1
7389	-1
7390	8404559
7391	-1
7392	-1
7393	-1
7394	8409123
7395	-1
7396	-1
7397	-1
7398	-1
7399	8413687
7400	-1
7401	-1
7402	-1
7403	8418251
7404	-1
7405	-1
7406	-1
7407	-1
7408	8422815
7409	-1
7410	-1
7411	-1
7412	-1
7413	8427379
7414	-1
7415	-1
7416	-1
7417	8431943
7418	-1
7419	-1
7420	-1
7421	-1
7422	8436507
7423	-1
7424	-1
7425	-1
7426	8441071
7427	-1
7428	-1
7429	-1
7430	-1
7431	8445635
7432	-1
7433	-1
7434	-1
7435	8450199
7436	-1
7437	-1
7438	-1
7439	-1
7440	8454763
7441	-1
7442	-1
7443	-1
7444	-1
7445	8459327
7446	-1
7447	-1
7448	-1
7449	8463891
7450	-1
7451	-1
7452	-1
7453	-1
7454	8468455
7455	-1
7456	-1
7457	-1
7458	8473019
7459	-1
7460	-1
7461	-1
7462	-1
7463	8477583
7464	-1
7465	-1
7466	-1
7467	8482147
7468	-1
7469	-1
7470	-1
7471	-1
7472	8486711
7473	-1
7474	-1
7475	-1
7476	8491275
7477	-1
7478	-1
7479	-1
7480	-1
7481	8495839
7482	-1
7483	-1
7484	-1
7485	-1
7486	8500403
7487	-1
7488	-1
7489	-1
7490	8504967
7491	-1
7492	-1
7493	-1
7494	-1
7495	8509531
7496	-1
7497	-1
7498	-1
7499	8514095
7500	-1
7501	-1
7502	-1
7503	-1
7504	8518659
7505	-1
7506	-1
7507	-1
7508	8523223
7509	-1
7510	-1
7511	-1
7512	-1
7513	8527787
7514	-1
7515	-1
7516	-1
7517	-1
7518	8532351
7519	-1
7520	-1
7521	-1
7522	8536915
7523	-1
7524	-1
7525	-1
7526	-1
7527	8541479
7528	-1
7529	-1
7530	-1
7531	8546043
7532	-1
7533	-1
7534	-1
7535	-1
7536	8550607
7537	-1
7538	-1
7539	-1
7540	8555171
7541	-1
7542	-1
7543	-1
7544	-1
7545	8559735
7546	-1
7547	-1
7548	-1
7549	8564299
7550	-1
7551	-1
7552	-1
7553	-1
7554	8568863
7555	-1
7556	-1
7557	-1
7558	-1
7559	8573427
7560	-1
7561	-1
7562	-1
7563	8577991
7564	-1
7565	-1
7566	-1
7567	-1
7568	8582555
7569	-1
7570	-1
7571	-1
7572	8587119
7573	-1
7574	-1
7575	-1
7576	-1
7577	8591683
7578	-1
7579	-1
7580	-1
7581	8596247
7582	-1
7583	-1
7584	-1
7585	-1
7586	8600811
7587	-1
7588	-1
7589	-1
7590	-1
7591	8605375
7592	-1
7593	-1
7594	-1
7595	8609939
7596	-1
7597	-1
7598	-1
7599	-1
7600	8614503
7601	-1
7602	-1
7603	-1
7604	8619067
7605	-1
7606	-1
7607	-1
7608	-1
7609	8623631
7610	-1
7611	-1
7612	-1
7613	8628195
7614	-1
7615	-1
7616	-1
7617	-1
7618	8632759
7619	-1
7620	-1
7621	-1
7622	-1
7623	8637323
7624	-1
7625	-1
7626	-1
7627	8641887
7628	-1
7629	-1
7630	-1
7631	-1
7632	8646451
7633	-1
7634	-1
7635	-1
7636	8651015
7637	-1
7638	-1
7639	-1
7640	-1
7641	8655579
7642	-1
7643	-1
7644	-1
7645	8660143
7646	-1
7647	-1
7648	-1
7649	-1
7650	8664707
7651	-1
7652	-1
7653	-1
7654	8669271
7655	-1
7656	-1
7657	-1
7658	-1
7659	8673835
7660	-1
7661	-1
7662	-1
7663	-1
7664	8678399
7665	-1
7666	-1
7667	-1
7668	8682963
7669	-1
7670	-1
7671	-1
7672	-1
7673	8687527
7674	-1
7675	-1
7676	-1
7677	8692091
7678	-1
7679	-1
7680	-1
7681	-1
7682	8696655
7683	-1
7684	-1
7685	-1
7686	8701219
7687	-1
7688	-1
7689	-1
7690	-1
7691	8705783
7692	-1
7693	-1
7694	-1
7695	-1
7696	8710347
7697	-1
7698	-1
7699	-1
7700	8714911
7701	-1
7702	-1
7703	-1
7704	-1
7705	8719475
7706	-1
7707	-1
7708	-1
7709	8724039
7710	-1
7711	-1
7712	-1
7713	-1
7714	8728603
7715	-1
7716	-1
7717	-1
7718	8733167
7719	-1
7720	-1
7721	-1
7722	-1
7723	8737731
7724	-1
7725	-1
7726	-1
7727	8742295
7728	-1
7729	-1
7730	-1
7731	-1
7732	8746859
7733	-1
7734	-1
7735	-1
7736	-1
7737	8751423
7738	-1
7739	-1
7740	-1
7741	8755987
7742	-1
7743	-1
7744	-1
7745	-1
7746	8760551
7747	-1
7748	-1
7749	-1
7750	8765115
7751	-1
7752	-1
7753	-1
7754	-1
7755	8769679
7756	-1
7757	-1
7758	-1
7759	8774243
7760	-1
7761	-1
7762	-1
7763	-1
7764	8778807
7765	-1
7766	-1
7767	-1
7768	-1
7769	8783371
7770	-1
7771	-1
7772	-1
7773	8787935
7774	-1
7775	-1
7776	-1
7777	-1
7778	8792499
7779	-1
7780	-1
7781	-1
7782	8797063
7783	-1
7784	-1
7785	-1
7786	-1
7787	8801627
7788	-1
7789	-1
7790	-1
7791	8806191
7792	-1
7793	-1
7794	-1
7795	-1
7796	8810755
7797	-1
7798	-1
7799	-1
7800	-1
7801	8815319
7802	-1
7803	-1
7804	-1
7805	8819883
7806	-1
7807	-1
7808	-1
7809	-1
7810	8824447
7811	-1
7812	-1
7813	-1
7814	8829011
7815	-1
7816	-1
7817	-1
7818	-1
7819	8833575
7820	-1
7821	-1
7822	-1
7823	8838139
7824	-1
7825	-1
7826	-1
7827	-1
7828	8842703
7829	-1
7830	-1
7831	-1
7832	8847267
7833	-1
7834	-1
7835	-1
7836	-1
7837	8851831
7838	-1
7839	-1
7840	-1
7841	-1
7842	8856395
7843	-1
7844	-1
7845	-1
7846	8860959
7847	-1
7848	-1
7849	-1
7850	-1
7851	8865523
7852	-1
7853	-1
7854	-1
7855	8870087
7856	-1
7857	-1
7858	-1
7859	-1
7860	8874651
7861	-1
7862	-1
7863	-1
7864	8879215
7865	-1
7866	-1
7867	-1
7868	-1
7869	8883779
7870	-1
7871	-1
7872	-1
7873	-1
7874	8888343
7875	-1
7876	-1
7877	-1
7878	8892907
7879	-1
7880	-1
7881	-1
7882	-1
7883	8897471
7884	-1
7885	-1
7886	-1
7887	8902035
7888	-1
7889	-1
7890	-1
7891	-1
7892	8906599
7893	-1
7894	-1
7895	-1
7896	8911163
7897	-1
7898	-1
7899	-1
7900	-1
7901	8915727
7902	-1
7903	-1
7904	-1
7905	8920291
7906	-1
7907	-1
7908	-1
7909	-1
7910	8924855
7911	-1
7912	-1
7913	-1
7914	-1
7915	8929419
7916	-1
7917	-1
7918	-1
7919	8933983
7920	-1
7921	-1
7922	-1
7923	-1
7924	8938547
7925	-1
7926	-1
7927	-1
7928	8943111
7929	-1
7930	-1
7931	-1
7932	-1
7933	8947675
7934	-1
7935	-1
7936	-1
7937	8952239
7938	-1
7939	-1
7940	-1
7941	-1
7942	8956803
7943	-1
7944	-1
7945	-1
7946	-1
7947	8961367
7948	-1
7949	-1
7950	-1
7951	8965931
7952	-1
7953	-1
7954	-1
7955	-1
7956	8970495
7957	-1
7958	-1
7959	-1
7960	8975059
7961	-1
7962	-1
7963	-1
7964	-1
7965	8979623
7966	-1
7967	-1
7968	-1
7969	8984187
7970	-1
7971	-1
7972	-1
7973	-1
7974	8988751
7975	-1
7976	-1
7977	-1
7978	-1
7979	8993315
7980	-1
7981	-1
7982	-1
7983	8997879
7984	-1
7985	-1
7986	-1
7987	-1
7988	9002443
7989	-1
7990	-1
7991	-1
7992	9007007
7993	-1
7994	-1
7995	-1
7996	-1
7997	9011571
7998	-1
7999	-1
8000	-1
8001	9016135
8002	-1
8003	-1
8004	-1
8005	-1
8006	9020699
8007	-1
8008	-1
8009	-1
8010	9025263
8011	-1
8012	-1
8013	-1
8014	-1
8015	9029827
8016	-1
8017	-1
8018	-1
8019	-1
8020	9034391
8021	-1
8022	-1
8023	-1
8024	9038955
8025	-1
8026	-1
8027	-1
8028	-1
8029	9043519
8030	-1
8031	-1
8032	-1
8033	9048083
8034	-1
8035	-1
8036	-1
8037	-1
8038	9052647
8039	-1
8040	-1
8041	-1
8042	9057211
8043	-1
8044	-1
8045	-1
8046	-1
8047	9061775
8048	-1
8049	-1
8050	-1
8051	-1
8052	9066339
8053	-1
8054	-1
8055	-1
8056	9070903
8057	-1
8058	-1
8059	-1
8060	-1
8061	9075467
8062	-1
8063	-1
8064	-1
8065	9080031
8066	-1
8067	-1
8068	-1
8069	-1
8070	9084595
8071	-1
8072	-1
8073	-1
8074	9089159
8075	-1
8076	-1
8077	-1
8078	-1
8079	9093723
8080	-1
8081	-1
8082	-1
8083	9098287
8084	-1
8085	-1
8086	-1
8087	-1
8088	9102851
8089	-1
8090	-1
8091	-1
8092	-1
8093	9107415
8094	-1
8095	-1
8096	-1
8097	9111979
8098	-1
8099	-1
8100	-1
8101	-1
8102	9116543
8103	-1
8104	-1
8105	-1
8106	9121107
8107	-1
8108	-1
8109	-1
8110	-1
8111	9125671
8112	-1
8113	-1
8114	-1
8115	9130235
8116	-1
8117	-1
8118	-1
8119	-1
8120	9134799
8121	-1
8122	-1
8123	-1
8124	-1
8125	9139363
8126	-1
8127	-1
8128	-1
8129	9143927
8130	-1
8131	-1
8132	-1
8133	-1
8134	9148491
8135	-1
8136	-1
8137	-1
8138	9153055
8139	-1
8140	-1
8141	-1
8142	-1
8143	9157619
8144	-1
8145	-1
8146	-1
8147	9162183
8148	-1
8149	-1
8150	-1
8151	-1
8152	9166747
8153	-1
8154	-1
8155	-1
8156	-1
8157	9171311
8158	-1
8159	-1
8160	-1
8161	9175875
8162	-1
8163	-1
8164	-1
8165	-1
8166	9180439
8167	-1
8168	-1
8169	-1
8170	9185003
8171	-1
8172	-1
8173	-1
8174	-1
8175	9189567
8176	-1
8177	-1
8178	-1
8179	9194131
8180	-1
8181	-1
8182	-1
8183	-1
8184	9198695
8185	-1
8186	-1
8187	-1
8188	9203259
8189	-1
8190	-1
8191	-1
8192	-1
8193	9207823
8194	-1
8195	-1
8196	-1
8197	-1
8198	9212387
8199	-1
8200	-1
8201	-1
8202	9216951
8203	-1
8204	-1
8205	-1
8206	-1
8207	9221515
8208	-1
8209	-1
8210	-1
8211	9226079
8212	-1
8213	-1
8214	-1
8215	-1
8216	9230643
8217	-1
8218	-1
8219	-1
8220	9235207
8221	-1
8222	-1
8223	-1
8224	-1
8225	9239771
8226	-1
8227	-1
8228	-1
8229	-1
8230	9244335
8231	-1
8232	-1
8233	-1
8234	9248899
8235	-1
8236	-1
8237	-1
8238	-1
8239	9253463
8240	-1
8241	-1
8242	-1
8243	9258027
8244	-1
8245	-1
8246	-1
8247	-1
8248	9262591
8249	-1
8250	-1
8251	-1
8252	9267155
8253	-1
8254	-1
8255	-1
8256	-1
8257	9271719
8258	-1
8259	-1
8260	-1
8261	9276283
8262	-1
8263	-1
8264	-1
8265	-1
8266	9280847
8267	-1
8268	-1
8269	-1
8270	-1
8271	9285411
8272	-1
8273	-1
8274	-1
8275	9289975
8276	-1
8277	-1
8278	-1
8279	-1
8280	9294539
8281	-1
8282	-1
8283	-1
8284	9299103
8285	-1
8286	-1
8287	-1
8288	-1
8289	9303667
8290	-1
8291	-1
8292	-1
8293	9308231
8294	-1
8295	-1
8296	-1
8297	-1
8298	9312795
8299	-1
8300	-1
8301	-1
8302	-1
8303	9317359
8304	-1
8305	-1
8306	-1
8307	9321923
8308	-1
8309	-1
8310	-1
8311	-1
8312	9326487
8313	-1
8314	-1
8315	-1
8316	9331051
8317	-1
8318	-1
8319	-1
8320	-1
8321	9335615
8322	-1
8323	-1
8324	-1
8325	9340179
8326	-1
8327	-1
8328	-1
8329	-1
8330	9344743
8331	-1
8332	-1
8333	-1
8334	9349307
8335	-1
8336	-1
8337	-1
8338	-1
8339	9353871
8340	-1
8341	-1
8342	-1
8343	-1
8344	9358435
8345	-1
8346	-1
8347	-1
8348	9362999
8349	-1
8350	-1
8351	-1
8352	-1
8353	9367563
8354	-1
8355	-1
8356	-1
8357	9372127
8358	-1
8359	-1
8360	-1
8361	-1
8362	9376691
8363	-1
8364	-1
8365	-1
8366	9381255
8367	-1
8368	-1
8369	-1
8370	-1
8371	9385819
8372	-1
8373	-1
8374	-1
8375	-1
8376	9390383
8377	-1
8378	-1
8379	-1
8380	9394947
8381	-1
8382	-1
8383	-1
8384	-1
8385	9399511
8386	-1
8387	-1
8388	-1
8389	9404075
8390	-1
8391	-1
8392	-1
8393	-1
8394	9408639
8395	-1
8396	-1
8397	-1
8398	9413203
8399	-1
8400	-1
8401	-1
8402	-1
8403	9417767
8404	-1
8405	-1
8406	-1
8407	-1
8408	9422331
8409	-1
8410	-1
8411	-1
8412	9426895
8413	-1
8414	-1
8415	-1
8416	-1
8417	9431459
8418	-1
8419	-1
8420	-1
8421	9436023
8422	-1
8423	-1
8424	-1
8425	-1
8426	9440587
8427	-1
8428	-1
8429	-1
8430	9445151
8431	-1
8432	-1
8433	-1
8434	-1
8435	9449715
8436	-1
8437	-1
8438	-1
8439	9454279
8440	-1
8441	-1
8442	-1
8443	-1
8444	9458843
8445	-1
8446	-1
8447	-1
8448	-1
8449	9463407
8450	-1
8451	-1
8452	-1
8453	9467971
8454	-1
8455	-1
8456	-1
8457	-1
8458	9472535
8459	-1
8460	-1
8461	-1
8462	9477099
8463	-1
8464	-1
8465	-1
8466	-1
8467	9481663
8468	-1
8469	-1
8470	-1
8471	9486227
8472	-1
8473	-1
8474	-1
8475	-1
8476	9490791
8477	-1
8478	-1
8479	-1
8480	-1
8481	9495355
8482	-1
8483	-1
8484	-1
8485	9499919
8486	-1
8487	-1
8488	-1
8489	-1
8490	9504483
8491	-1
8492	-1
8493	-1
8494	9509047
8495	-1
8496	-1
8497	-1
8498	-1
8499	9513611
8500	-1
8501	-1
8502	-1
8503	9518175
8504	-1
8505	-1
8506	-1
8507	-1
8508	9522739
8509	-1
8510	-1
8511	-1
8512	9527303
8513	-1
8514	-1
8515	-1
8516	-1
8517	9531867
8518	-1
8519	-1
8520	-1
8521	-1
8522	9536431
8523	-1
8524	-1
8525	-1
8526	9540995
8527	-1
8528	-1
8529	-1
8530	-1
8531	9545559
8532	-1
8533	-1
8534	-1
8535	9550123
8536	-1
8537	-1
8538	-1
8539	-1
8540	9554687
8541	-1
8542	-1
8543	-1
8544	9559251
8545	-1
8546	-1
8547	-1
8548	-1
8549	9563815
8550	-1
8551	-1
8552	-1
8553	-1
8554	9568379
8555	-1
8556	-1
8557	-1
8558	9572943
8559	-1
8560	-1
8561	-1
8562	-1
8563	9577507
8564	-1
8565	-1
8566	-1
8567	9582071
8568	-1
8569	-1
8570	-1
8571	-1
8572	9586635
8573	-1
8574	-1
8575	-1
8576	9591199
8577	-1
8578	-1
8579	-1
8580	-1
8581	9595763
8582	-1
8583	-1
8584	-1
8585	-1
8586	9600327
8587	-1
8588	-1
8589	-1
8590	9604891
8591	-1
8592	-1
8593	-1
8594	-1
8595	9609455
8596	-1
8597	-1
8598	-1
8599	9614019
8600	-1
8601	-1
8602	-1
8603	-1
8604	9618583
8605	-1
8606	-1
8607	-1
8608	9623147
8609	-1
8610	-1
8611	-1
8612	-1
8613	9627711
8614	-1
8615	-1
8616	-1
8617	9632275
8618	-1
8619	-1
8620	-1
8621	-1
8622	9636839
8623	-1
8624	-1
8625	-1
8626	-1
8627	9641403
8628	-1
8629	-1
8630	-1
8631	9645967
8632	-1
8633	-1
8634	-1
8635	-1
8636	9650531
8637	-1
8638	-1
8639	-1
8640	9655095
8641	-1
8642	-1
8643	-1
8644	-1
8645	9659659
8646	-1
8647	-1
8648	-1
8649	9664223
8650	-1
8651	-1
8652	-1
8653	-1
8654	9668787
8655	-1
8656	-1
8657	-1
8658	-1
8659	9673351
8660	-1
8661	-1
8662	-1
8663	9677915
8664	-1
8665	-1
8666	-1
8667	-1
8668	9682479
8669	-1
8670	-1
8671	-1
8672	9687043
8673	-1
8674	-1
8675	-1
8676	-1
8677	9691607
8678	-1
8679	-1
8680	-1
8681	9696171
8682	-1
8683	-1
8684	-1
8685	-1
8686	9700735
8687	-1
8688	-1
8689	-1
8690	9705299
8691	-1
8692	-1
8693	-1
8694	-1
8695	9709863
8696	-1
8697	-1
8698	-1
8699	-1
8700	9714427
8701	-1
8702	-1
8703	-1
8704	9718991
8705	-1
8706	-1
8707	-1
8708	-1
8709	9723555
8710	-1
8711	-1
8712	-1
8713	9728119
8714	-1
8715	-1
8716	-1
8717	-1
8718	9732683
8719	-1
8720	-1
8721	-1
8722	9737247
8723	-1
8724	-1
8725	-1
8726	-1
8727	9741811
8728	-1
8729	-1
8730	-1
8731	-1
8732	9746375
8733	-1
8734	-1
8735	-1
8736	9750939
8737	-1
8738	-1
8739	-1
8740	-1
8741	9755503
8742	-1
8743	-1
8744	-1
8745	9760067
8746	-1
8747	-1
8748	-1
8749	-1
8750	9764631
8751	-1
8752	-1
8753	-1
8754	9769195
8755	-1
8756	-1
8757	-1
8758	-1
8759	9773759
8760	-1
8761	-1
8762	-1
8763	-1
8764	9778323
8765	-1
8766	-1
8767	-1
8768	9782887
8769	-1
8770	-1
8771	-1
8772	-1
8773	9787451
8774	-1
8775	-1
8776	-1
8777	9792015
8778	-1
8779	-1
8780	-1
8781	-1
8782	9796579
8783	-1
8784	-1
8785	-1
8786	9801143
8787	-1
8788	-1
8789	-1
8790	-1
8791	9805707
8792	-1
8793	-1
8794	-1
8795	9810271
8796	-1
8797	-1
8798	-1
8799	-1
8800	9814835
8801	-1
8802	-1
8803	-1
8804	-1
8805	9819399
8806	-1
8807	-1
8808	-1
8809	9823963
8810	-1
8811	-1
8812	-1
8813	-1
8814	9828527
8815	-1
8816	-1
8817	-1
8818	9833091
8819	-1
8820	-1
8821	-1
8822	-1
8823	9837655
8824	-1
8825	-1
8826	-1
8827	9842219
8828	-1
8829	-1
8830	-1
8831	-1
8832	9846783
8833	-1
8834	-1
8835	-1
8836	-1
8837	9851347
8838	-1
8839	-1
8840	-1
8841	9855911
8842	-1
8843	-1
8844	-1
8845	-1
8846	9860475
8847	-1
8848	-1
8849	-1
8850	9865039
8851	-1
8852	-1
8853	-1
8854	-1
8855	9869603
8856	-1
8857	-1
8858	-1
8859	9874167
8860	-1
8861	-1
8862	-1
8863	-1
8864	9878731
8865	-1
8866	-1
8867	-1
8868	9883295
8869	-1
8870	-1
8871	-1
8872	-1
8873	9887859
8874	-1
8875	-1
8876	-1
8877	-1
8878	9892423
8879	-1
8880	-1
8881	-1
8882	9896987
8883	-1
8884	-1
8885	-1
8886	-1
8887	9901551
8888	-1
8889	-1
8890	-1
8891	9906115
8892	-1
8893	-1
8894	-1
8895	-1
8896	9910679
8897	-1
8898	-1
8899	-1
8900	9915243
8901	-1
8902	-1
8903	-1
8904	-1
8905	9919807
8906	-1
8907	-1
8908	-1
8909	-1
8910	9924371
8911	-1
8912	-1
8913	-1
8914	9928935
8915	-1
8916	-1
8917	-1
8918	-1
8919	9933499
8920	-1
8921	-1
8922	-1
8923	9938063
8924	-1
8925	-1
8926	-1
8927	-1
8928	9942627
8929	-1
8930	-1
8931	-1
8932	9947191
8933	-1
8934	-1
8935	-1
8936	-1
8937	9951755
8938	-1
8939	-1
8940	-1
8941	-1
8942	9956319
8943	-1
8944	-1
8945	-1
8946	9960883
8947	-1
8948	-1
8949	-1
8950	-1
8951	9965447
8952	-1
8953	-1
8954	-1
8955	9970011
8956	-1
8957	-1
8958	-1
8959	-1
8960	9974575
8961	-1
8962	-1
8963	-1
8964	9979139
8965	-1
8966	-1
8967	-1
8968	-1
8969	9983703
8970	-1
8971	-1
8972	-1
8973	9988267
8974	-1
8975	-1
8976	-1
8977	-1
8978	9992831
8979	-1
8980	-1
8981	-1
8982	-1
8983	9997395
8984	-1
8985	-1
8986	-1
8987	-1
8988	-1
8989	-1
8990	-1
8991	-1
8992	-1
8993	-1
8994	-1
8995	-1
8996	-1
8997	-1
8998	-1
8999	-1
9000	-1
9001	-1
9002	-1
9003	-1
9004	-1
9005	-1
9006	-1
9007	-1
9008	-1
9009	-1
9010	-1
9011	-1
9012	-1
9013	-1
9014	-1
9015	-1
9016	-1
9017	-1
9018	-1
9019	-1
9020	-1
9021	-1
9022	-1
9023	-1
9024	-1
9025	-1
9026	-1
9027	-1
9028	-1
9029	-1
9030	-1
9031	-1
9032	-1
9033	-1
9034	-1
9035	-1
9036	-1
9037	-1
9038	-1
9039	-1
9040	-1
9041	-1
9042	-1
9043	-1
9044	-1
9045	-1
9046	-1
9047	-1
9048	-1
9049	-1
9050	-1
9051	-1
9052	-1
9053	-1
9054	-1
9055	-1
9056	-1
9057	-1
9058	-1
9059	-1
9060	-1
9061	-1
9062	-1
9063	-1
9064	-1
9065	-1
9066	-1
9067	-1
9068	-1
9069	-1
9070	-1
9071	-1
9072	-1
9073	-1
9074	-1
9075	-1
9076	-1
9077	-1
9078	-1
9079	-1
9080	-1
9081	-1
9082	-1
9083	-1
9084	-1
9085	-1
9086	-1
9087	-1
9088	-1
9089	-1
9090	-1
9091	-1
9092	-1
9093	-1
9094	-1
9095	-1
9096	-1
9097	-1
9098	-1
9099	-1
9100	-1
9101	-1
9102	-1
9103	-1
9104	-1
9105	-1
9106	-1
9107	-1
9108	-1
9109	-1
9110	-1
9111	-1
9112	-1
9113	-1
9114	-1
9115	-1
9116	-1
9117	-1
9118	-1
9119	-1
9120	-1
9121	-1
9122	-1
9123	-1
9124	-1
9125	-1
9126	-1
9127	-1
9128	-1
9129	-1
9130	-1
9131	-1
9132	-1
9133	-1
9134	-1
9135	-1
9136	-1
9137	-1
9138	-1
9139	-1
9140	-1
9141	-1
9142	-1
9143	-1
9144	-1
9145	-1
9146	-1
9147	-1
9148	-1
9149	-1
9150	-1
9151	-1
9152	-1
9153	-1
9154	-1
9155	-1
9156	-1
9157	-1
9158	-1
9159	-1
9160	-1
9161	-1
9162	-1
9163	-1
9164	-1
9165	-1
9166	-1
9167	-1
9168	-1
9169	-1
9170	-1
9171	-1
9172	-1
9173	-1
9174	-1
9175	-1
9176	-1
9177	-1
9178	-1
9179	-1
9180	-1
9181	-1
9182	-1
9183	-1
9184	-1
9185	-1
9186	-1
9187	-1
9188	-1
9189	-1
9190	-1
9191	-1
9192	-1
9193	-1
9194	-1
9195	-1
9196	-1
9197	-1
9198	-1
9199	-1
9200	-1
9201	-1
9202	-1
9203	-1
9204	-1
9205	-1
9206	-1
9207	-1
9208	-1
9209	-1
9210	-1
9211	-1
9212	-1
9213	-1
9214	-1
9215	-1
9216	-1
9217	-1
9218	-1
9219	-1
9220	-1
9221	-1
9222	-1
9223	-1
9224	-1
9225	-1
9226	-1
9227	-1
9228	-1
9229	-1
9230	-1
9231	-1
9232	-1
9233	-1
9234	-1
9235	-1
9236	-1
9237	-1
9238	-1
9239	-1
9240	-1
9241	-1
9242	-1
9243	-1
9244	-1
9245	-1
9246	-1
9247	-1
9248	-1
9249	-1
9250	-1
9251	-1
9252	-1
9253	-1
9254	-1
9255	-1
9256	-1
9257	-1
9258	-1
9259	-1
9260	-1
9261	-1
9262	-1
9263	-1
9264	-1
9265	-1
9266	-1
9267	-1
9268	-1
9269	-1
9270	-1
9271	-1
9272	-1
9273	-1
9274	-1
9275	-1
9276	-1
9277	-1
9278	-1
9279	-1
9280	-1
9281	-1
9282	-1
9283	-1
9284	-1
9285	-1
9286	-1
9287	-1
9288	-1
9289	-1
9290	-1
9291	-1
9292	-1
9293	-1
9294	-1
9295	-1
9296	-1
9297	-1
9298	-1
9299	-1
9300	-1
9301	-1
9302	-1
9303	-1
9304	-1
9305	-1
9306	-1
9307	-1
9308	-1
9309	-1
9310	-1
9311	-1
9312	-1
9313	-1
9314	-1
9315	-1
9316	-1
9317	-1
9318	-1
9319	-1
9320	-1
9321	-1
9322	-1
9323	-1
9324	-1
9325	-1
9326	-1
9327	-1
9328	-1
9329	-1
9330	-1
9331	-1
9332	-1
9333	-1
9334	-1
9335	-1
9336	-1
9337	-1
9338	-1
9339	-1
9340	-1
9341	-1
9342	-1
9343	-1
9344	-1
9345	-1
9346	-1
9347	-1
9348	-1
9349	-1
9350	-1
9351	-1
9352	-1
9353	-1
9354	-1
9355	-1
9356	-1
9357	-1
9358	-1
9359	-1
9360	-1
9361	-1
9362	-1
9363	-1
9364	-1
9365	-1
9366	-1
9367	-1
9368	-1
9369	-1
9370	-1
9371	-1
9372	-1
9373	-1
9374	-1
9375	-1
9376	-1
9377	-1
9378	-1
9379	-1
9380	-1
9381	-1
9382	-1
9383	-1
9384	-1
9385	-1
9386	-1
9387	-1
9388	-1
9389	-1
9390	-1
9391	-1
9392	-1
9393	-1
9394	-1
9395	-1
9396	-1
9397	-1
9398	-1
9399	-1
9400	-1
9401	-1
9402	-1
9403	-1
9404	-1
9405	-1
9406	-1
9407	-1
9408	-1
9409	-1
9410	-1
9411	-1
9412	-1
9413	-1
9414	-1
9415	-1
9416	-1
9417	-1
9418	-1
9419	-1
9420	-1
9421	-1
9422	-1
9423	-1
9424	-1
9425	-1
9426	-1
9427	-1
9428	-1
9429	-1
9430	-1
9431	-1
9432	-1
9433	-1
9434	-1
9435	-1
9436	-1
9437	-1
9438	-1
9439	-1
9440	-1
9441	-1
9442	-1
9443	-1
9444	-1
9445	-1
9446	-1
9447	-1
9448	-1
9449	-1
9450	-1
9451	-1
9452	-1
9453	-1
9454	-1
9455	-1
9456	-1
9457	-1
9458	-1
9459	-1
9460	-1
9461	-1
9462	-1
9463	-1
9464	-1
9465	-1
9466	-1
9467	-1
9468	-1
9469	-1
9470	-1
9471	-1
9472	-1
9473	-1
9474	-1
9475	-1
9476	-1
9477	-1
9478	-1
9479	-1
9480	-1
9481	-1
9482	-1
9483	-1
9484	-1
9485	-1
9486	-1
9487	-1
9488	-1
9489	-1
9490	-1
9491	-1
9492	-1
9493	-1
9494	-1
9495	-1
9496	-1
9497	-1
9498	-1
9499	-1
