0	1009247
1	1012211
2	-1
3	-1
4	1015175
5	-1
6	-1
7	1018139
8	-1
9	-1
10	1021103
11	-1
12	-1
13	1024067
14	-1
15	1027031
16	-1
17	-1
18	1029995
19	-1
20	-1
21	1032959
22	-1
23	-1
24	1035923
25	-1
26	-1
27	1038887
28	-1
29	-1
30	1041851
31	-1
32	-1
33	1044815
34	-1
35	-1
36	1047779
37	-1
38	-1
39	1050743
40	-1
41	-1
42	1053707
43	-1
44	-1
45	1056671
46	-1
47	-1
48	1059635
49	-1
50	-1
51	1062599
52	-1
53	-1
54	1065563
55	-1
56	-1
57	1068527
58	-1
59	-1
60	1071491
61	-1
62	-1
63	1074455
64	-1
65	-1
66	1077419
67	-1
68	-1
69	1080383
70	-1
71	-1
72	1083347
73	-1
74	-1
75	1086311
76	-1
77	-1
78	1089275
79	-1
80	-1
81	1092239
82	-1
83	-1
84	1095203
85	-1
86	-1
87	1098167
88	-1
89	-1
90	1101131
91	-1
92	-1
93	1104095
94	-1
95	-1
96	1107059
97	-1
98	1110023
99	-1
100	-1
101	1112987
102	-1
103	-1
104	1115951
105	-1
106	-1
107	1118915
108	-1
109	-1
110	1121879
111	-1
112	-1
113	1124843
114	-1
115	-1
116	1127807
117	-1
118	-1
119	1130771
120	-1
121	-1
122	1133735
123	-1
124	-1
125	1136699
126	-1
127	-1
128	1139663
129	-1
130	-1
131	1142627
132	-1
133	-1
134	1145591
135	-1
136	-1
137	1148555
138	-1
139	-1
140	1151519
141	-1
142	-1
143	1154483
144	-1
145	-1
146	1157447
147	-1
148	-1
149	1160411
150	-1
151	-1
152	1163375
153	-1
154	-1
155	1166339
156	-1
157	-1
158	1169303
159	-1
160	-1
161	1172267
162	-1
163	-1
164	1175231
165	-1
166	-1
167	1178195
168	-1
169	-1
170	1181159
171	-1
172	-1
173	1184123
174	-1
175	-1
176	1187087
177	-1
178	-1
179	1190051
180	-1
181	1193015
182	-1
183	-1
184	1195979
185	-1
186	-1
187	1198943
188	-1
189	-1
190	1201907
191	-1
192	-1
193	1204871
194	-1
195	-1
196	1207835
197	-1
198	-1
199	1210799
200	-1
201	-1
202	1213763
203	-1
204	-1
205	1216727
206	-1
207	-1
208	1219691
209	-1
210	-1
211	1222655
212	-1
213	-1
214	1225619
215	-1
216	-1
217	1228583
218	-1
219	-1
220	1231547
221	-1
222	-1
223	1234511
224	-1
225	-1
226	1237475
227	-1
228	-1
229	1240439
230	-1
231	-1
232	1243403
233	-1
234	-1
235	1246367
236	-1
237	-1
238	1249331
239	-1
240	-1
241	1252295
242	-1
243	-1
244	1255259
245	-1
246	-1
247	1258223
248	-1
249	-1
250	1261187
251	-1
252	-1
253	1264151
254	-1
255	-1
256	1267115
257	-1
258	-1
259	1270079
260	-1
261	1273043
262	-1
263	-1
264	1276007
265	-1
266	-1
267	1278971
268	-1
269	-1
270	1281935
271	-1
272	-1
273	1284899
274	-1
275	-1
276	1287863
277	-1
278	-1
279	1290827
280	-1
281	-1
282	1293791
283	-1
284	-1
285	1296755
286	-1
287	-1
288	1299719
289	-1
290	-1
291	1302683
292	-1
293	-1
294	1305647
295	-1
296	-1
297	1308611
298	-1
299	-1
300	1311575
301	-1
302	-1
303	1314539
304	-1
305	-1
306	1317503
307	-1
308	-1
309	1320467
310	-1
311	-1
312	1323431
313	-1
314	-1
315	1326395
316	-1
317	-1
318	1329359
319	-1
320	-1
321	1332323
322	-1
323	-1
324	1335287
325	-1
326	-1
327	1338251
328	-1
329	-1
330	1341215
331	-1
332	-1
333	1344179
334	-1
335	-1
336	1347143
337	-1
338	-1
339	1350107
340	-1
341	-1
342	1353071
343	-1
344	1356035
345	-1
346	-1
347	1358999
348	-1
349	-1
350	1361963
351	-1
352	-1
353	1364927
354	-1
355	-1
356	1367891
357	-1
358	-1
359	1370855
360	-1
361	-1
362	1373819
363	-1
364	-1
365	1376783
366	-1
367	-1
368	1379747
369	-1
370	-1
371	1382711
372	-1
373	-1
374	1385675
375	-1
376	-1
377	1388639
378	-1
379	-1
380	1391603
381	-1
382	-1
383	1394567
384	-1
385	-1
386	1397531
387	-1
388	-1
389	1400495
390	-1
391	-1
392	1403459
393	-1
394	-1
395	1406423
396	-1
397	-1
398	1409387
399	-1
400	-1
401	1412351
402	-1
403	-1
404	1415315
405	-1
406	-1
407	1418279
408	-1
409	-1
410	1421243
411	-1
412	-1
413	1424207
414	-1
415	-1
416	1427171
417	-1
418	-1
419	1430135
420	-1
421	-1
422	1433099
423	-1
424	-1
425	1436063
426	-1
427	1439027
428	-1
429	-1
430	1441991
431	-1
432	-1
433	1444955
434	-1
435	-1
436	1447919
437	-1
438	-1
439	1450883
440	-1
441	-1
442	1453847
443	-1
444	-1
445	1456811
446	-1
447	-1
448	1459775
449	-1
450	-1
451	1462739
452	-1
453	-1
454	1465703
455	-1
456	-1
457	1468667
458	-1
459	-1
460	1471631
461	-1
462	-1
463	1474595
464	-1
465	-1
466	1477559
467	-1
468	-1
469	1480523
470	-1
471	-1
472	1483487
473	-1
474	-1
475	1486451
476	-1
477	-1
478	1489415
479	-1
480	-1
481	1492379
482	-1
483	-1
484	1495343
485	-1
486	-1
487	1498307
488	-1
489	-1
490	1501271
491	-1
492	-1
493	1504235
494	-1
495	-1
496	1507199
497	-1
498	-1
499	1510163
500	-1
501	-1
502	1513127
503	-1
504	-1
505	1516091
506	-1
507	-1
508	1519055
509	-1
510	1522019
511	-1
512	-1
513	1524983
514	-1
515	-1
516	1527947
517	-1
518	-1
519	1530911
520	-1
521	-1
522	1533875
523	-1
524	-1
525	1536839
526	-1
527	-1
528	1539803
529	-1
530	-1
531	1542767
532	-1
533	-1
534	1545731
535	-1
536	-1
537	1548695
538	-1
539	-1
540	1551659
541	-1
542	-1
543	1554623
544	-1
545	-1
546	1557587
547	-1
548	-1
549	1560551
550	-1
551	-1
552	1563515
553	-1
554	-1
555	1566479
556	-1
557	-1
558	1569443
559	-1
560	-1
561	1572407
562	-1
563	-1
564	1575371
565	-1
566	-1
567	1578335
568	-1
569	-1
570	1581299
571	-1
572	-1
573	1584263
574	-1
575	-1
576	1587227
577	-1
578	-1
579	1590191
580	-1
581	-1
582	1593155
583	-1
584	-1
585	1596119
586	-1
587	-1
588	1599083
589	-1
590	-1
591	1602047
592	-1
593	1605011
594	-1
595	-1
596	1607975
597	-1
598	-1
599	1610939
600	-1
601	-1
602	1613903
603	-1
604	-1
605	1616867
606	-1
607	-1
608	1619831
609	-1
610	-1
611	1622795
612	-1
613	-1
614	1625759
615	-1
616	-1
617	1628723
618	-1
619	-1
620	1631687
621	-1
622	-1
623	1634651
624	-1
625	-1
626	1637615
627	-1
628	-1
629	1640579
630	-1
631	-1
632	1643543
633	-1
634	-1
635	1646507
636	-1
637	-1
638	1649471
639	-1
640	-1
641	1652435
642	-1
643	-1
644	1655399
645	-1
646	-1
647	1658363
648	-1
649	-1
650	1661327
651	-1
652	-1
653	1664291
654	-1
655	-1
656	1667255
657	-1
658	-1
659	1670219
660	-1
661	-1
662	1673183
663	-1
664	-1
665	1676147
666	-1
667	-1
668	1679111
669	-1
670	-1
671	1682075
672	-1
673	1685039
674	-1
675	-1
676	1688003
677	-1
678	-1
679	1690967
680	-1
681	-1
682	1693931
683	-1
684	-1
685	1696895
686	-1
687	-1
688	1699859
689	-1
690	-1
691	1702823
692	-1
693	-1
694	1705787
695	-1
696	-1
697	1708751
698	-1
699	-1
700	1711715
701	-1
702	-1
703	1714679
704	-1
705	-1
706	1717643
707	-1
708	-1
709	1720607
710	-1
711	-1
712	1723571
713	-1
714	-1
715	1726535
716	-1
717	-1
718	1729499
719	-1
720	-1
721	1732463
722	-1
723	-1
724	1735427
725	-1
726	-1
727	1738391
728	-1
729	-1
730	1741355
731	-1
732	-1
733	1744319
734	-1
735	-1
736	1747283
737	-1
738	-1
739	1750247
740	-1
741	-1
742	1753211
743	-1
744	-1
745	1756175
746	-1
747	-1
748	1759139
749	-1
750	-1
751	1762103
752	-1
753	-1
754	1765067
755	-1
756	1768031
757	-1
758	-1
759	1770995
760	-1
761	-1
762	1773959
763	-1
764	-1
765	1776923
766	-1
767	-1
768	1779887
769	-1
770	-1
771	1782851
772	-1
773	-1
774	1785815
775	-1
776	-1
777	1788779
778	-1
779	-1
780	1791743
781	-1
782	-1
783	1794707
784	-1
785	-1
786	1797671
787	-1
788	-1
789	1800635
790	-1
791	-1
792	1803599
793	-1
794	-1
795	1806563
796	-1
797	-1
798	1809527
799	-1
800	-1
801	1812491
802	-1
803	-1
804	1815455
805	-1
806	-1
807	1818419
808	-1
809	-1
810	1821383
811	-1
812	-1
813	1824347
814	-1
815	-1
816	1827311
817	-1
818	-1
819	1830275
820	-1
821	-1
822	1833239
823	-1
824	-1
825	1836203
826	-1
827	-1
828	1839167
829	-1
830	-1
831	1842131
832	-1
833	-1
834	1845095
835	-1
836	-1
837	1848059
838	-1
839	1851023
840	-1
841	-1
842	1853987
843	-1
844	-1
845	1856951
846	-1
847	-1
848	1859915
849	-1
850	-1
851	1862879
852	-1
853	-1
854	1865843
855	-1
856	-1
857	1868807
858	-1
859	-1
860	1871771
861	-1
862	-1
863	1874735
864	-1
865	-1
866	1877699
867	-1
868	-1
869	1880663
870	-1
871	-1
872	1883627
873	-1
874	-1
875	1886591
876	-1
877	-1
878	1889555
879	-1
880	-1
881	1892519
882	-1
883	-1
884	1895483
885	-1
886	-1
887	1898447
888	-1
889	-1
890	1901411
891	-1
892	-1
893	1904375
894	-1
895	-1
896	1907339
897	-1
898	-1
899	1910303
900	-1
901	-1
902	1913267
903	-1
904	-1
905	1916231
906	-1
907	-1
908	1919195
909	-1
910	-1
911	1922159
912	-1
913	-1
914	1925123
915	-1
916	-1
917	1928087
918	-1
919	-1
920	1931051
921	-1
922	1934015
923	-1
924	-1
925	1936979
926	-1
927	-1
928	1939943
929	-1
930	-1
931	1942907
932	-1
933	-1
934	1945871
935	-1
936	-1
937	1948835
938	-1
939	-1
940	1951799
941	-1
942	-1
943	1954763
944	-1
945	-1
946	1957727
947	-1
948	-1
949	1960691
950	-1
951	-1
952	1963655
953	-1
954	-1
955	1966619
956	-1
957	-1
958	1969583
959	-1
960	-1
961	1972547
962	-1
963	-1
964	1975511
965	-1
966	-1
967	1978475
968	-1
969	-1
970	1981439
971	-1
972	-1
973	1984403
974	-1
975	-1
976	1987367
977	-1
978	-1
979	1990331
980	-1
981	-1
982	1993295
983	-1
984	-1
985	1996259
986	-1
987	-1
988	1999223
989	-1
990	-1
991	2002187
992	-1
993	-1
994	2005151
995	-1
996	-1
997	2008115
998	-1
999	-1
1000	2011079
1001	-1
1002	2014043
1003	-1
1004	-1
1005	2017007
1006	-1
1007	-1
1008	2019971
1009	-1
1010	-1
1011	2022935
1012	-1
1013	-1
1014	2025899
1015	-1
1016	-1
1017	2028863
1018	-1
1019	-1
1020	2031827
1021	-1
1022	-1
1023	2034791
1024	-1
1025	-1
1026	2037755
1027	-1
1028	-1
1029	2040719
1030	-1
1031	-1
1032	2043683
1033	-1
1034	-1
1035	2046647
1036	-1
1037	-1
1038	2049611
1039	-1
1040	-1
1041	2052575
1042	-1
1043	-1
1044	2055539
1045	-1
1046	-1
1047	2058503
1048	-1
1049	-1
1050	2061467
1051	-1
1052	-1
1053	2064431
1054	-1
1055	-1
1056	2067395
1057	-1
1058	-1
1059	2070359
1060	-1
1061	-1
1062	2073323
1063	-1
1064	-1
1065	2076287
1066	-1
1067	-1
1068	2079251
1069	-1
1070	-1
1071	2082215
1072	-1
1073	-1
1074	2085179
1075	-1
1076	-1
1077	2088143
1078	-1
1079	-1
1080	2091107
1081	-1
1082	-1
1083	2094071
1084	-1
1085	2097035
1086	-1
1087	-1
1088	2099999
1089	-1
1090	-1
1091	2102963
1092	-1
1093	-1
1094	2105927
1095	-1
1096	-1
1097	2108891
1098	-1
1099	-1
1100	2111855
1101	-1
1102	-1
1103	2114819
1104	-1
1105	-1
1106	2117783
1107	-1
1108	-1
1109	2120747
1110	-1
1111	-1
1112	2123711
1113	-1
1114	-1
1115	2126675
1116	-1
1117	-1
1118	2129639
1119	-1
1120	-1
1121	2132603
1122	-1
1123	-1
1124	2135567
1125	-1
1126	-1
1127	2138531
1128	-1
1129	-1
1130	2141495
1131	-1
1132	-1
1133	2144459
1134	-1
1135	-1
1136	2147423
1137	-1
1138	-1
1139	2150387
1140	-1
1141	-1
1142	2153351
1143	-1
1144	-1
1145	2156315
1146	-1
1147	-1
1148	2159279
1149	-1
1150	-1
1151	2162243
1152	-1
1153	-1
1154	2165207
1155	-1
1156	-1
1157	2168171
1158	-1
1159	-1
1160	2171135
1161	-1
1162	-1
1163	2174099
1164	-1
1165	-1
1166	2177063
1167	-1
1168	2180027
1169	-1
1170	-1
1171	2182991
1172	-1
1173	-1
1174	2185955
1175	-1
1176	-1
1177	2188919
1178	-1
1179	-1
1180	2191883
1181	-1
1182	-1
1183	2194847
1184	-1
1185	-1
1186	2197811
1187	-1
1188	-1
1189	2200775
1190	-1
1191	-1
1192	2203739
1193	-1
1194	-1
1195	2206703
1196	-1
1197	-1
1198	2209667
1199	-1
1200	-1
1201	2212631
1202	-1
1203	-1
1204	2215595
1205	-1
1206	-1
1207	2218559
1208	-1
1209	-1
1210	2221523
1211	-1
1212	-1
1213	2224487
1214	-1
1215	-1
1216	2227451
1217	-1
1218	-1
1219	2230415
1220	-1
1221	-1
1222	2233379
1223	-1
1224	-1
1225	2236343
1226	-1
1227	-1
1228	2239307
1229	-1
1230	-1
1231	2242271
1232	-1
1233	-1
1234	2245235
1235	-1
1236	-1
1237	2248199
1238	-1
1239	-1
1240	2251163
1241	-1
1242	-1
1243	2254127
1244	-1
1245	-1
1246	2257091
1247	-1
1248	-1
1249	2260055
1250	-1
1251	2263019
1252	-1
1253	-1
1254	2265983
1255	-1
1256	-1
1257	2268947
1258	-1
1259	-1
1260	2271911
1261	-1
1262	-1
1263	2274875
1264	-1
1265	-1
1266	2277839
1267	-1
1268	-1
1269	2280803
1270	-1
1271	-1
1272	2283767
1273	-1
1274	-1
1275	2286731
1276	-1
1277	-1
1278	2289695
1279	-1
1280	-1
1281	2292659
1282	-1
1283	-1
1284	2295623
1285	-1
1286	-1
1287	2298587
1288	-1
1289	-1
1290	2301551
1291	-1
1292	-1
1293	2304515
1294	-1
1295	-1
1296	2307479
1297	-1
1298	-1
1299	2310443
1300	-1
1301	-1
1302	2313407
1303	-1
1304	-1
1305	2316371
1306	-1
1307	-1
1308	2319335
1309	-1
1310	-1
1311	2322299
1312	-1
1313	-1
1314	2325263
1315	-1
1316	-1
1317	2328227
1318	-1
1319	-1
1320	2331191
1321	-1
1322	-1
1323	2334155
1324	-1
1325	-1
1326	2337119
1327	-1
1328	-1
1329	2340083
1330	-1
1331	-1
1332	2343047
1333	-1
1334	2346011
1335	-1
1336	-1
1337	2348975
1338	-1
1339	-1
1340	2351939
1341	-1
1342	-1
1343	2354903
1344	-1
1345	-1
1346	2357867
1347	-1
1348	-1
1349	2360831
1350	-1
1351	-1
1352	2363795
1353	-1
1354	-1
1355	2366759
1356	-1
1357	-1
1358	2369723
1359	-1
1360	-1
1361	2372687
1362	-1
1363	-1
1364	2375651
1365	-1
1366	-1
1367	2378615
1368	-1
1369	-1
1370	2381579
1371	-1
1372	-1
1373	2384543
1374	-1
1375	-1
1376	2387507
1377	-1
1378	-1
1379	2390471
1380	-1
1381	-1
1382	2393435
1383	-1
1384	-1
1385	2396399
1386	-1
1387	-1
1388	2399363
1389	-1
1390	-1
1391	2402327
1392	-1
1393	-1
1394	2405291
1395	-1
1396	-1
1397	2408255
1398	-1
1399	-1
1400	2411219
1401	-1
1402	-1
1403	2414183
1404	-1
1405	-1
1406	2417147
1407	-1
1408	-1
1409	2420111
1410	-1
1411	-1
1412	2423075
1413	-1
1414	2426039
1415	-1
1416	-1
1417	2429003
1418	-1
1419	-1
1420	2431967
1421	-1
1422	-1
1423	2434931
1424	-1
1425	-1
1426	2437895
1427	-1
1428	-1
1429	2440859
1430	-1
1431	-1
1432	2443823
1433	-1
1434	-1
1435	2446787
1436	-1
1437	-1
1438	2449751
1439	-1
1440	-1
1441	2452715
1442	-1
1443	-1
1444	2455679
1445	-1
1446	-1
1447	2458643
1448	-1
1449	-1
1450	2461607
1451	-1
1452	-1
1453	2464571
1454	-1
1455	-1
1456	2467535
1457	-1
1458	-1
1459	2470499
1460	-1
1461	-1
1462	2473463
1463	-1
1464	-1
1465	2476427
1466	-1
1467	-1
1468	2479391
1469	-1
1470	-1
1471	2482355
1472	-1
1473	-1
1474	2485319
1475	-1
1476	-1
1477	2488283
1478	-1
1479	-1
1480	2491247
1481	-1
1482	-1
1483	2494211
1484	-1
1485	-1
1486	2497175
1487	-1
1488	-1
1489	2500139
1490	-1
1491	-1
1492	2503103
1493	-1
1494	-1
1495	2506067
1496	-1
1497	2509031
1498	-1
1499	-1
1500	2511995
1501	-1
1502	-1
1503	2514959
1504	-1
1505	-1
1506	2517923
1507	-1
1508	-1
1509	2520887
1510	-1
1511	-1
1512	2523851
1513	-1
1514	-1
1515	2526815
1516	-1
1517	-1
1518	2529779
1519	-1
1520	-1
1521	2532743
1522	-1
1523	-1
1524	2535707
1525	-1
1526	-1
1527	2538671
1528	-1
1529	-1
1530	2541635
1531	-1
1532	-1
1533	2544599
1534	-1
1535	-1
1536	2547563
1537	-1
1538	-1
1539	2550527
1540	-1
1541	-1
1542	2553491
1543	-1
1544	-1
1545	2556455
1546	-1
1547	-1
1548	2559419
1549	-1
1550	-1
1551	2562383
1552	-1
1553	-1
1554	2565347
1555	-1
1556	-1
1557	2568311
1558	-1
1559	-1
1560	2571275
1561	-1
1562	-1
1563	2574239
1564	-1
1565	-1
1566	2577203
1567	-1
1568	-1
1569	2580167
1570	-1
1571	-1
1572	2583131
1573	-1
1574	-1
1575	2586095
1576	-1
1577	-1
1578	2589059
1579	-1
1580	2592023
1581	-1
1582	-1
1583	2594987
1584	-1
1585	-1
1586	2597951
1587	-1
1588	-1
1589	2600915
1590	-1
1591	-1
1592	2603879
1593	-1
1594	-1
1595	2606843
1596	-1
1597	-1
1598	2609807
1599	-1
1600	-1
1601	2612771
1602	-1
1603	-1
1604	2615735
1605	-1
1606	-1
1607	2618699
1608	-1
1609	-1
1610	2621663
1611	-1
1612	-1
1613	2624627
1614	-1
1615	-1
1616	2627591
1617	-1
1618	-1
1619	2630555
1620	-1
1621	-1
1622	2633519
1623	-1
1624	-1
1625	2636483
1626	-1
1627	-1
1628	2639447
1629	-1
1630	-1
1631	2642411
1632	-1
1633	-1
1634	2645375
1635	-1
1636	-1
1637	2648339
1638	-1
1639	-1
1640	2651303
1641	-1
1642	-1
1643	2654267
1644	-1
1645	-1
1646	2657231
1647	-1
1648	-1
1649	2660195
1650	-1
1651	-1
1652	2663159
1653	-1
1654	-1
1655	2666123
1656	-1
1657	-1
1658	2669087
1659	-1
1660	-1
1661	2672051
1662	-1
1663	2675015
1664	-1
1665	-1
1666	2677979
1667	-1
1668	-1
1669	2680943
1670	-1
1671	-1
1672	2683907
1673	-1
1674	-1
1675	2686871
1676	-1
1677	-1
1678	2689835
1679	-1
1680	-1
1681	2692799
1682	-1
1683	-1
1684	2695763
1685	-1
1686	-1
1687	2698727
1688	-1
1689	-1
1690	2701691
1691	-1
1692	-1
1693	2704655
1694	-1
1695	-1
1696	2707619
1697	-1
1698	-1
1699	2710583
1700	-1
1701	-1
1702	2713547
1703	-1
1704	-1
1705	2716511
1706	-1
1707	-1
1708	2719475
1709	-1
1710	-1
1711	2722439
1712	-1
1713	-1
1714	2725403
1715	-1
1716	-1
1717	2728367
1718	-1
1719	-1
1720	2731331
1721	-1
1722	-1
1723	2734295
1724	-1
1725	-1
1726	2737259
1727	-1
1728	-1
1729	2740223
1730	-1
1731	-1
1732	2743187
1733	-1
1734	-1
1735	2746151
1736	-1
1737	-1
1738	2749115
1739	-1
1740	-1
1741	2752079
1742	-1
1743	2755043
1744	-1
1745	-1
1746	2758007
1747	-1
1748	-1
1749	2760971
1750	-1
1751	-1
1752	2763935
1753	-1
1754	-1
1755	2766899
1756	-1
1757	-1
1758	2769863
1759	-1
1760	-1
1761	2772827
1762	-1
1763	-1
1764	2775791
1765	-1
1766	-1
1767	2778755
1768	-1
1769	-1
1770	2781719
1771	-1
1772	-1
1773	2784683
1774	-1
1775	-1
1776	2787647
1777	-1
1778	-1
1779	2790611
1780	-1
1781	-1
1782	2793575
1783	-1
1784	-1
1785	2796539
1786	-1
1787	-1
1788	2799503
1789	-1
1790	-1
1791	2802467
1792	-1
1793	-1
1794	2805431
1795	-1
1796	-1
1797	2808395
1798	-1
1799	-1
1800	2811359
1801	-1
1802	-1
1803	2814323
1804	-1
1805	-1
1806	2817287
1807	-1
1808	-1
1809	2820251
1810	-1
1811	-1
1812	2823215
1813	-1
1814	-1
1815	2826179
1816	-1
1817	-1
1818	2829143
1819	-1
1820	-1
1821	2832107
1822	-1
1823	-1
1824	2835071
1825	-1
1826	2838035
1827	-1
1828	-1
1829	2840999
1830	-1
1831	-1
1832	2843963
1833	-1
1834	-1
1835	2846927
1836	-1
1837	-1
1838	2849891
1839	-1
1840	-1
1841	2852855
1842	-1
1843	-1
1844	2855819
1845	-1
1846	-1
1847	2858783
1848	-1
1849	-1
1850	2861747
1851	-1
1852	-1
1853	2864711
1854	-1
1855	-1
1856	2867675
1857	-1
1858	-1
1859	2870639
1860	-1
1861	-1
1862	2873603
1863	-1
1864	-1
1865	2876567
1866	-1
1867	-1
1868	2879531
1869	-1
1870	-1
1871	2882495
1872	-1
1873	-1
1874	2885459
1875	-1
1876	-1
1877	2888423
1878	-1
1879	-1
1880	2891387
1881	-1
1882	-1
1883	2894351
1884	-1
1885	-1
1886	2897315
1887	-1
1888	-1
1889	2900279
1890	-1
1891	-1
1892	2903243
1893	-1
1894	-1
1895	2906207
1896	-1
1897	-1
1898	2909171
1899	-1
1900	-1
1901	2912135
1902	-1
1903	-1
1904	2915099
1905	-1
1906	-1
1907	2918063
1908	-1
1909	2921027
1910	-1
1911	-1
1912	2923991
1913	-1
1914	-1
1915	2926955
1916	-1
1917	-1
1918	2929919
1919	-1
1920	-1
1921	2932883
1922	-1
1923	-1
1924	2935847
1925	-1
1926	-1
1927	2938811
1928	-1
1929	-1
1930	2941775
1931	-1
1932	-1
1933	2944739
1934	-1
1935	-1
1936	2947703
1937	-1
1938	-1
1939	2950667
1940	-1
1941	-1
1942	2953631
1943	-1
1944	-1
1945	2956595
1946	-1
1947	-1
1948	2959559
1949	-1
1950	-1
1951	2962523
1952	-1
1953	-1
1954	2965487
1955	-1
1956	-1
1957	2968451
1958	-1
1959	-1
1960	2971415
1961	-1
1962	-1
1963	2974379
1964	-1
1965	-1
1966	2977343
1967	-1
1968	-1
1969	2980307
1970	-1
1971	-1
1972	2983271
1973	-1
1974	-1
1975	2986235
1976	-1
1977	-1
1978	2989199
1979	-1
1980	-1
1981	2992163
1982	-1
1983	-1
1984	2995127
1985	-1
1986	-1
1987	2998091
1988	-1
1989	-1
1990	3001055
1991	-1
1992	3004019
1993	-1
1994	-1
1995	3006983
1996	-1
1997	-1
1998	3009947
1999	-1
2000	-1
2001	3012911
2002	-1
2003	-1
2004	3015875
2005	-1
2006	-1
2007	3018839
2008	-1
2009	-1
2010	3021803
2011	-1
2012	-1
2013	3024767
2014	-1
2015	-1
2016	3027731
2017	-1
2018	-1
2019	3030695
2020	-1
2021	-1
2022	3033659
2023	-1
2024	-1
2025	3036623
2026	-1
2027	-1
2028	3039587
2029	-1
2030	-1
2031	3042551
2032	-1
2033	-1
2034	3045515
2035	-1
2036	-1
2037	3048479
2038	-1
2039	-1
2040	3051443
2041	-1
2042	-1
2043	3054407
2044	-1
2045	-1
2046	3057371
2047	-1
2048	-1
2049	3060335
2050	-1
2051	-1
2052	3063299
2053	-1
2054	-1
2055	3066263
2056	-1
2057	-1
2058	3069227
2059	-1
2060	-1
2061	3072191
2062	-1
2063	-1
2064	3075155
2065	-1
2066	-1
2067	3078119
2068	-1
2069	-1
2070	3081083
2071	-1
2072	-1
2073	3084047
2074	-1
2075	3087011
2076	-1
2077	-1
2078	3089975
2079	-1
2080	-1
2081	3092939
2082	-1
2083	-1
2084	3095903
2085	-1
2086	-1
2087	3098867
2088	-1
2089	-1
2090	3101831
2091	-1
2092	-1
2093	3104795
2094	-1
2095	-1
2096	3107759
2097	-1
2098	-1
2099	3110723
2100	-1
2101	-1
2102	3113687
2103	-1
2104	-1
2105	3116651
2106	-1
2107	-1
2108	3119615
2109	-1
2110	-1
2111	3122579
2112	-1
2113	-1
2114	3125543
2115	-1
2116	-1
2117	3128507
2118	-1
2119	-1
2120	3131471
2121	-1
2122	-1
2123	3134435
2124	-1
2125	-1
2126	3137399
2127	-1
2128	-1
2129	3140363
2130	-1
2131	-1
2132	3143327
2133	-1
2134	-1
2135	3146291
2136	-1
2137	-1
2138	3149255
2139	-1
2140	-1
2141	3152219
2142	-1
2143	-1
2144	3155183
2145	-1
2146	-1
2147	3158147
2148	-1
2149	-1
2150	3161111
2151	-1
2152	-1
2153	3164075
2154	-1
2155	3167039
2156	-1
2157	-1
2158	3170003
2159	-1
2160	-1
2161	3172967
2162	-1
2163	-1
2164	3175931
2165	-1
2166	-1
2167	3178895
2168	-1
2169	-1
2170	3181859
2171	-1
2172	-1
2173	3184823
2174	-1
2175	-1
2176	3187787
2177	-1
2178	-1
2179	3190751
2180	-1
2181	-1
2182	3193715
2183	-1
2184	-1
2185	3196679
2186	-1
2187	-1
2188	3199643
2189	-1
2190	-1
2191	3202607
2192	-1
2193	-1
2194	3205571
2195	-1
2196	-1
2197	3208535
2198	-1
2199	-1
2200	3211499
2201	-1
2202	-1
2203	3214463
2204	-1
2205	-1
2206	3217427
2207	-1
2208	-1
2209	3220391
2210	-1
2211	-1
2212	3223355
2213	-1
2214	-1
2215	3226319
2216	-1
2217	-1
2218	3229283
2219	-1
2220	-1
2221	3232247
2222	-1
2223	-1
2224	3235211
2225	-1
2226	-1
2227	3238175
2228	-1
2229	-1
2230	3241139
2231	-1
2232	-1
2233	3244103
2234	-1
2235	-1
2236	3247067
2237	-1
2238	3250031
2239	-1
2240	-1
2241	3252995
2242	-1
2243	-1
2244	3255959
2245	-1
2246	-1
2247	3258923
2248	-1
2249	-1
2250	3261887
2251	-1
2252	-1
2253	3264851
2254	-1
2255	-1
2256	3267815
2257	-1
2258	-1
2259	3270779
2260	-1
2261	-1
2262	3273743
2263	-1
2264	-1
2265	3276707
2266	-1
2267	-1
2268	3279671
2269	-1
2270	-1
2271	3282635
2272	-1
2273	-1
2274	3285599
2275	-1
2276	-1
2277	3288563
2278	-1
2279	-1
2280	3291527
2281	-1
2282	-1
2283	3294491
2284	-1
2285	-1
2286	3297455
2287	-1
2288	-1
2289	3300419
2290	-1
2291	-1
2292	3303383
2293	-1
2294	-1
2295	3306347
2296	-1
2297	-1
2298	3309311
2299	-1
2300	-1
2301	3312275
2302	-1
2303	-1
2304	3315239
2305	-1
2306	-1
2307	3318203
2308	-1
2309	-1
2310	3321167
2311	-1
2312	-1
2313	3324131
2314	-1
2315	-1
2316	3327095
2317	-1
2318	-1
2319	3330059
2320	-1
2321	3333023
2322	-1
2323	-1
2324	3335987
2325	-1
2326	-1
2327	3338951
2328	-1
2329	-1
2330	3341915
2331	-1
2332	-1
2333	3344879
2334	-1
2335	-1
2336	3347843
2337	-1
2338	-1
2339	3350807
2340	-1
2341	-1
2342	3353771
2343	-1
2344	-1
2345	3356735
2346	-1
2347	-1
2348	3359699
2349	-1
2350	-1
2351	3362663
2352	-1
2353	-1
2354	3365627
2355	-1
2356	-1
2357	3368591
2358	-1
2359	-1
2360	3371555
2361	-1
2362	-1
2363	3374519
2364	-1
2365	-1
2366	3377483
2367	-1
2368	-1
2369	3380447
2370	-1
2371	-1
2372	3383411
2373	-1
2374	-1
2375	3386375
2376	-1
2377	-1
2378	3389339
2379	-1
2380	-1
2381	3392303
2382	-1
2383	-1
2384	3395267
2385	-1
2386	-1
2387	3398231
2388	-1
2389	-1
2390	3401195
2391	-1
2392	-1
2393	3404159
2394	-1
2395	-1
2396	3407123
2397	-1
2398	-1
2399	3410087
2400	-1
2401	-1
2402	3413051
2403	-1
2404	3416015
2405	-1
2406	-1
2407	3418979
2408	-1
2409	-1
2410	3421943
2411	-1
2412	-1
2413	3424907
2414	-1
2415	-1
2416	3427871
2417	-1
2418	-1
2419	3430835
2420	-1
2421	-1
2422	3433799
2423	-1
2424	-1
2425	3436763
2426	-1
2427	-1
2428	3439727
2429	-1
2430	-1
2431	3442691
2432	-1
2433	-1
2434	3445655
2435	-1
2436	-1
2437	3448619
2438	-1
2439	-1
2440	3451583
2441	-1
2442	-1
2443	3454547
2444	-1
2445	-1
2446	3457511
2447	-1
2448	-1
2449	3460475
2450	-1
2451	-1
2452	3463439
2453	-1
2454	-1
2455	3466403
2456	-1
2457	-1
2458	3469367
2459	-1
2460	-1
2461	3472331
2462	-1
2463	-1
2464	3475295
2465	-1
2466	-1
2467	3478259
2468	-1
2469	-1
2470	3481223
2471	-1
2472	-1
2473	3484187
2474	-1
2475	-1
2476	3487151
2477	-1
2478	-1
2479	3490115
2480	-1
2481	-1
2482	3493079
2483	-1
2484	3496043
2485	-1
2486	-1
2487	3499007
2488	-1
2489	-1
2490	3501971
2491	-1
2492	-1
2493	3504935
2494	-1
2495	-1
2496	3507899
2497	-1
2498	-1
2499	3510863
2500	-1
2501	-1
2502	3513827
2503	-1
2504	-1
2505	3516791
2506	-1
2507	-1
2508	3519755
2509	-1
2510	-1
2511	3522719
2512	-1
2513	-1
2514	3525683
2515	-1
2516	-1
2517	3528647
2518	-1
2519	-1
2520	3531611
2521	-1
2522	-1
2523	3534575
2524	-1
2525	-1
2526	3537539
2527	-1
2528	-1
2529	3540503
2530	-1
2531	-1
2532	3543467
2533	-1
2534	-1
2535	3546431
2536	-1
2537	-1
2538	3549395
2539	-1
2540	-1
2541	3552359
2542	-1
2543	-1
2544	3555323
2545	-1
2546	-1
2547	3558287
2548	-1
2549	-1
2550	3561251
2551	-1
2552	-1
2553	3564215
2554	-1
2555	-1
2556	3567179
2557	-1
2558	-1
2559	3570143
2560	-1
2561	-1
2562	3573107
2563	-1
2564	-1
2565	3576071
2566	-1
2567	3579035
2568	-1
2569	-1
2570	3581999
2571	-1
2572	-1
2573	3584963
2574	-1
2575	-1
2576	3587927
2577	-1
2578	-1
2579	3590891
2580	-1
2581	-1
2582	3593855
2583	-1
2584	-1
2585	3596819
2586	-1
2587	-1
2588	3599783
2589	-1
2590	-1
2591	3602747
2592	-1
2593	-1
2594	3605711
2595	-1
2596	-1
2597	3608675
2598	-1
2599	-1
2600	3611639
2601	-1
2602	-1
2603	3614603
2604	-1
2605	-1
2606	3617567
2607	-1
2608	-1
2609	3620531
2610	-1
2611	-1
2612	3623495
2613	-1
2614	-1
2615	3626459
2616	-1
2617	-1
2618	3629423
2619	-1
2620	-1
2621	3632387
2622	-1
2623	-1
2624	3635351
2625	-1
2626	-1
2627	3638315
2628	-1
2629	-1
2630	3641279
2631	-1
2632	-1
2633	3644243
2634	-1
2635	-1
2636	3647207
2637	-1
2638	-1
2639	3650171
2640	-1
2641	-1
2642	3653135
2643	-1
2644	-1
2645	3656099
2646	-1
2647	-1
2648	3659063
2649	-1
2650	3662027
2651	-1
2652	-1
2653	3664991
2654	-1
2655	-1
2656	3667955
2657	-1
2658	-1
2659	3670919
2660	-1
2661	-1
2662	3673883
2663	-1
2664	-1
2665	3676847
2666	-1
2667	-1
2668	3679811
2669	-1
2670	-1
2671	3682775
2672	-1
2673	-1
2674	3685739
2675	-1
2676	-1
2677	3688703
2678	-1
2679	-1
2680	3691667
2681	-1
2682	-1
2683	3694631
2684	-1
2685	-1
2686	3697595
2687	-1
2688	-1
2689	3700559
2690	-1
2691	-1
2692	3703523
2693	-1
2694	-1
2695	3706487
2696	-1
2697	-1
2698	3709451
2699	-1
2700	-1
2701	3712415
2702	-1
2703	-1
2704	3715379
2705	-1
2706	-1
2707	3718343
2708	-1
2709	-1
2710	3721307
2711	-1
2712	-1
2713	3724271
2714	-1
2715	-1
2716	3727235
2717	-1
2718	-1
2719	3730199
2720	-1
2721	-1
2722	3733163
2723	-1
2724	-1
2725	3736127
2726	-1
2727	-1
2728	3739091
2729	-1
2730	-1
2731	3742055
2732	-1
2733	3745019
2734	-1
2735	-1
2736	3747983
2737	-1
2738	-1
2739	3750947
2740	-1
2741	-1
2742	3753911
2743	-1
2744	-1
2745	3756875
2746	-1
2747	-1
2748	3759839
2749	-1
2750	-1
2751	3762803
2752	-1
2753	-1
2754	3765767
2755	-1
2756	-1
2757	3768731
2758	-1
2759	-1
2760	3771695
2761	-1
2762	-1
2763	3774659
2764	-1
2765	-1
2766	3777623
2767	-1
2768	-1
2769	3780587
2770	-1
2771	-1
2772	3783551
2773	-1
2774	-1
2775	3786515
2776	-1
2777	-1
2778	3789479
2779	-1
2780	-1
2781	3792443
2782	-1
2783	-1
2784	3795407
2785	-1
2786	-1
2787	3798371
2788	-1
2789	-1
2790	3801335
2791	-1
2792	-1
2793	3804299
2794	-1
2795	-1
2796	3807263
2797	-1
2798	-1
2799	3810227
2800	-1
2801	-1
2802	3813191
2803	-1
2804	-1
2805	3816155
2806	-1
2807	-1
2808	3819119
2809	-1
2810	-1
2811	3822083
2812	-1
2813	-1
2814	3825047
2815	-1
2816	3828011
2817	-1
2818	-1
2819	3830975
2820	-1
2821	-1
2822	3833939
2823	-1
2824	-1
2825	3836903
2826	-1
2827	-1
2828	3839867
2829	-1
2830	-1
2831	3842831
2832	-1
2833	-1
2834	3845795
2835	-1
2836	-1
2837	3848759
2838	-1
2839	-1
2840	3851723
2841	-1
2842	-1
2843	3854687
2844	-1
2845	-1
2846	3857651
2847	-1
2848	-1
2849	3860615
2850	-1
2851	-1
2852	3863579
2853	-1
2854	-1
2855	3866543
2856	-1
2857	-1
2858	3869507
2859	-1
2860	-1
2861	3872471
2862	-1
2863	-1
2864	3875435
2865	-1
2866	-1
2867	3878399
2868	-1
2869	-1
2870	3881363
2871	-1
2872	-1
2873	3884327
2874	-1
2875	-1
2876	3887291
2877	-1
2878	-1
2879	3890255
2880	-1
2881	-1
2882	3893219
2883	-1
2884	-1
2885	3896183
2886	-1
2887	-1
2888	3899147
2889	-1
2890	-1
2891	3902111
2892	-1
2893	-1
2894	3905075
2895	-1
2896	3908039
2897	-1
2898	-1
2899	3911003
2900	-1
2901	-1
2902	3913967
2903	-1
2904	-1
2905	3916931
2906	-1
2907	-1
2908	3919895
2909	-1
2910	-1
2911	3922859
2912	-1
2913	-1
2914	3925823
2915	-1
2916	-1
2917	3928787
2918	-1
2919	-1
2920	3931751
2921	-1
2922	-1
2923	3934715
2924	-1
2925	-1
2926	3937679
2927	-1
2928	-1
2929	3940643
2930	-1
2931	-1
2932	3943607
2933	-1
2934	-1
2935	3946571
2936	-1
2937	-1
2938	3949535
2939	-1
2940	-1
2941	3952499
2942	-1
2943	-1
2944	3955463
2945	-1
2946	-1
2947	3958427
2948	-1
2949	-1
2950	3961391
2951	-1
2952	-1
2953	3964355
2954	-1
2955	-1
2956	3967319
2957	-1
2958	-1
2959	3970283
2960	-1
2961	-1
2962	3973247
2963	-1
2964	-1
2965	3976211
2966	-1
2967	-1
2968	3979175
2969	-1
2970	-1
2971	3982139
2972	-1
2973	-1
2974	3985103
2975	-1
2976	-1
2977	3988067
2978	-1
2979	3991031
2980	-1
2981	-1
2982	3993995
2983	-1
2984	-1
2985	3996959
2986	-1
2987	-1
2988	3999923
2989	-1
2990	-1
2991	4002887
2992	-1
2993	-1
2994	4005851
2995	-1
2996	-1
2997	4008815
2998	-1
2999	-1
3000	4011779
3001	-1
3002	-1
3003	4014743
3004	-1
3005	-1
3006	4017707
3007	-1
3008	-1
3009	4020671
3010	-1
3011	-1
3012	4023635
3013	-1
3014	-1
3015	4026599
3016	-1
3017	-1
3018	4029563
3019	-1
3020	-1
3021	4032527
3022	-1
3023	-1
3024	4035491
3025	-1
3026	-1
3027	4038455
3028	-1
3029	-1
3030	4041419
3031	-1
3032	-1
3033	4044383
3034	-1
3035	-1
3036	4047347
3037	-1
3038	-1
3039	4050311
3040	-1
3041	-1
3042	4053275
3043	-1
3044	-1
3045	4056239
3046	-1
3047	-1
3048	4059203
3049	-1
3050	-1
3051	4062167
3052	-1
3053	-1
3054	4065131
3055	-1
3056	-1
3057	4068095
3058	-1
3059	-1
3060	4071059
3061	-1
3062	4074023
3063	-1
3064	-1
3065	4076987
3066	-1
3067	-1
3068	4079951
3069	-1
3070	-1
3071	4082915
3072	-1
3073	-1
3074	4085879
3075	-1
3076	-1
3077	4088843
3078	-1
3079	-1
3080	4091807
3081	-1
3082	-1
3083	4094771
3084	-1
3085	-1
3086	4097735
3087	-1
3088	-1
3089	4100699
3090	-1
3091	-1
3092	4103663
3093	-1
3094	-1
3095	4106627
3096	-1
3097	-1
3098	4109591
3099	-1
3100	-1
3101	4112555
3102	-1
3103	-1
3104	4115519
3105	-1
3106	-1
3107	4118483
3108	-1
3109	-1
3110	4121447
3111	-1
3112	-1
3113	4124411
3114	-1
3115	-1
3116	4127375
3117	-1
3118	-1
3119	4130339
3120	-1
3121	-1
3122	4133303
3123	-1
3124	-1
3125	4136267
3126	-1
3127	-1
3128	4139231
3129	-1
3130	-1
3131	4142195
3132	-1
3133	-1
3134	4145159
3135	-1
3136	-1
3137	4148123
3138	-1
3139	-1
3140	4151087
3141	-1
3142	-1
3143	4154051
3144	-1
3145	4157015
3146	-1
3147	-1
3148	4159979
3149	-1
3150	-1
3151	4162943
3152	-1
3153	-1
3154	4165907
3155	-1
3156	-1
3157	4168871
3158	-1
3159	-1
3160	4171835
3161	-1
3162	-1
3163	4174799
3164	-1
3165	-1
3166	4177763
3167	-1
3168	-1
3169	4180727
3170	-1
3171	-1
3172	4183691
3173	-1
3174	-1
3175	4186655
3176	-1
3177	-1
3178	4189619
3179	-1
3180	-1
3181	4192583
3182	-1
3183	-1
3184	4195547
3185	-1
3186	-1
3187	4198511
3188	-1
3189	-1
3190	4201475
3191	-1
3192	-1
3193	4204439
3194	-1
3195	-1
3196	4207403
3197	-1
3198	-1
3199	4210367
3200	-1
3201	-1
3202	4213331
3203	-1
3204	-1
3205	4216295
3206	-1
3207	-1
3208	4219259
3209	-1
3210	-1
3211	4222223
3212	-1
3213	-1
3214	4225187
3215	-1
3216	-1
3217	4228151
3218	-1
3219	-1
3220	4231115
3221	-1
3222	-1
3223	4234079
3224	-1
3225	4237043
3226	-1
3227	-1
3228	4240007
3229	-1
3230	-1
3231	4242971
3232	-1
3233	-1
3234	4245935
3235	-1
3236	-1
3237	4248899
3238	-1
3239	-1
3240	4251863
3241	-1
3242	-1
3243	4254827
3244	-1
3245	-1
3246	4257791
3247	-1
3248	-1
3249	4260755
3250	-1
3251	-1
3252	4263719
3253	-1
3254	-1
3255	4266683
3256	-1
3257	-1
3258	4269647
3259	-1
3260	-1
3261	4272611
3262	-1
3263	-1
3264	4275575
3265	-1
3266	-1
3267	4278539
3268	-1
3269	-1
3270	4281503
3271	-1
3272	-1
3273	4284467
3274	-1
3275	-1
3276	4287431
3277	-1
3278	-1
3279	4290395
3280	-1
3281	-1
3282	4293359
3283	-1
3284	-1
3285	4296323
3286	-1
3287	-1
3288	4299287
3289	-1
3290	-1
3291	4302251
3292	-1
3293	-1
3294	4305215
3295	-1
3296	-1
3297	4308179
3298	-1
3299	-1
3300	4311143
3301	-1
3302	-1
3303	4314107
3304	-1
3305	-1
3306	4317071
3307	-1
3308	4320035
3309	-1
3310	-1
3311	4322999
3312	-1
3313	-1
3314	4325963
3315	-1
3316	-1
3317	4328927
3318	-1
3319	-1
3320	4331891
3321	-1
3322	-1
3323	4334855
3324	-1
3325	-1
3326	4337819
3327	-1
3328	-1
3329	4340783
3330	-1
3331	-1
3332	4343747
3333	-1
3334	-1
3335	4346711
3336	-1
3337	-1
3338	4349675
3339	-1
3340	-1
3341	4352639
3342	-1
3343	-1
3344	4355603
3345	-1
3346	-1
3347	4358567
3348	-1
3349	-1
3350	4361531
3351	-1
3352	-1
3353	4364495
3354	-1
3355	-1
3356	4367459
3357	-1
3358	-1
3359	4370423
3360	-1
3361	-1
3362	4373387
3363	-1
3364	-1
3365	4376351
3366	-1
3367	-1
3368	4379315
3369	-1
3370	-1
3371	4382279
3372	-1
3373	-1
3374	4385243
3375	-1
3376	-1
3377	4388207
3378	-1
3379	-1
3380	4391171
3381	-1
3382	-1
3383	4394135
3384	-1
3385	-1
3386	4397099
3387	-1
3388	-1
3389	4400063
3390	-1
3391	4403027
3392	-1
3393	-1
3394	4405991
3395	-1
3396	-1
3397	4408955
3398	-1
3399	-1
3400	4411919
3401	-1
3402	-1
3403	4414883
3404	-1
3405	-1
3406	4417847
3407	-1
3408	-1
3409	4420811
3410	-1
3411	-1
3412	4423775
3413	-1
3414	-1
3415	4426739
3416	-1
3417	-1
3418	4429703
3419	-1
3420	-1
3421	4432667
3422	-1
3423	-1
3424	4435631
3425	-1
3426	-1
3427	4438595
3428	-1
3429	-1
3430	4441559
3431	-1
3432	-1
3433	4444523
3434	-1
3435	-1
3436	4447487
3437	-1
3438	-1
3439	4450451
3440	-1
3441	-1
3442	4453415
3443	-1
3444	-1
3445	4456379
3446	-1
3447	-1
3448	4459343
3449	-1
3450	-1
3451	4462307
3452	-1
3453	-1
3454	4465271
3455	-1
3456	-1
3457	4468235
3458	-1
3459	-1
3460	4471199
3461	-1
3462	-1
3463	4474163
3464	-1
3465	-1
3466	4477127
3467	-1
3468	-1
3469	4480091
3470	-1
3471	-1
3472	4483055
3473	-1
3474	4486019
3475	-1
3476	-1
3477	4488983
3478	-1
3479	-1
3480	4491947
3481	-1
3482	-1
3483	4494911
3484	-1
3485	-1
3486	4497875
3487	-1
3488	-1
3489	4500839
3490	-1
3491	-1
3492	4503803
3493	-1
3494	-1
3495	4506767
3496	-1
3497	-1
3498	4509731
3499	-1
3500	-1
3501	4512695
3502	-1
3503	-1
3504	4515659
3505	-1
3506	-1
3507	4518623
3508	-1
3509	-1
3510	4521587
3511	-1
3512	-1
3513	4524551
3514	-1
3515	-1
3516	4527515
3517	-1
3518	-1
3519	4530479
3520	-1
3521	-1
3522	4533443
3523	-1
3524	-1
3525	4536407
3526	-1
3527	-1
3528	4539371
3529	-1
3530	-1
3531	4542335
3532	-1
3533	-1
3534	4545299
3535	-1
3536	-1
3537	4548263
3538	-1
3539	-1
3540	4551227
3541	-1
3542	-1
3543	4554191
3544	-1
3545	-1
3546	4557155
3547	-1
3548	-1
3549	4560119
3550	-1
3551	-1
3552	4563083
3553	-1
3554	-1
3555	4566047
3556	-1
3557	4569011
3558	-1
3559	-1
3560	4571975
3561	-1
3562	-1
3563	4574939
3564	-1
3565	-1
3566	4577903
3567	-1
3568	-1
3569	4580867
3570	-1
3571	-1
3572	4583831
3573	-1
3574	-1
3575	4586795
3576	-1
3577	-1
3578	4589759
3579	-1
3580	-1
3581	4592723
3582	-1
3583	-1
3584	4595687
3585	-1
3586	-1
3587	4598651
3588	-1
3589	-1
3590	4601615
3591	-1
3592	-1
3593	4604579
3594	-1
3595	-1
3596	4607543
3597	-1
3598	-1
3599	4610507
3600	-1
3601	-1
3602	4613471
3603	-1
3604	-1
3605	4616435
3606	-1
3607	-1
3608	4619399
3609	-1
3610	-1
3611	4622363
3612	-1
3613	-1
3614	4625327
3615	-1
3616	-1
3617	4628291
3618	-1
3619	-1
3620	4631255
3621	-1
3622	-1
3623	4634219
3624	-1
3625	-1
3626	4637183
3627	-1
3628	-1
3629	4640147
3630	-1
3631	-1
3632	4643111
3633	-1
3634	-1
3635	4646075
3636	-1
3637	4649039
3638	-1
3639	-1
3640	4652003
3641	-1
3642	-1
3643	4654967
3644	-1
3645	-1
3646	4657931
3647	-1
3648	-1
3649	4660895
3650	-1
3651	-1
3652	4663859
3653	-1
3654	-1
3655	4666823
3656	-1
3657	-1
3658	4669787
3659	-1
3660	-1
3661	4672751
3662	-1
3663	-1
3664	4675715
3665	-1
3666	-1
3667	4678679
3668	-1
3669	-1
3670	4681643
3671	-1
3672	-1
3673	4684607
3674	-1
3675	-1
3676	4687571
3677	-1
3678	-1
3679	4690535
3680	-1
3681	-1
3682	4693499
3683	-1
3684	-1
3685	4696463
3686	-1
3687	-1
3688	4699427
3689	-1
3690	-1
3691	4702391
3692	-1
3693	-1
3694	4705355
3695	-1
3696	-1
3697	4708319
3698	-1
3699	-1
3700	4711283
3701	-1
3702	-1
3703	4714247
3704	-1
3705	-1
3706	4717211
3707	-1
3708	-1
3709	4720175
3710	-1
3711	-1
3712	4723139
3713	-1
3714	-1
3715	4726103
3716	-1
3717	-1
3718	4729067
3719	-1
3720	4732031
3721	-1
3722	-1
3723	4734995
3724	-1
3725	-1
3726	4737959
3727	-1
3728	-1
3729	4740923
3730	-1
3731	-1
3732	4743887
3733	-1
3734	-1
3735	4746851
3736	-1
3737	-1
3738	4749815
3739	-1
3740	-1
3741	4752779
3742	-1
3743	-1
3744	4755743
3745	-1
3746	-1
3747	4758707
3748	-1
3749	-1
3750	4761671
3751	-1
3752	-1
3753	4764635
3754	-1
3755	-1
3756	4767599
3757	-1
3758	-1
3759	4770563
3760	-1
3761	-1
3762	4773527
3763	-1
3764	-1
3765	4776491
3766	-1
3767	-1
3768	4779455
3769	-1
3770	-1
3771	4782419
3772	-1
3773	-1
3774	4785383
3775	-1
3776	-1
3777	4788347
3778	-1
3779	-1
3780	4791311
3781	-1
3782	-1
3783	4794275
3784	-1
3785	-1
3786	4797239
3787	-1
3788	-1
3789	4800203
3790	-1
3791	-1
3792	4803167
3793	-1
3794	-1
3795	4806131
3796	-1
3797	-1
3798	4809095
3799	-1
3800	-1
3801	4812059
3802	-1
3803	4815023
3804	-1
3805	-1
3806	4817987
3807	-1
3808	-1
3809	4820951
3810	-1
3811	-1
3812	4823915
3813	-1
3814	-1
3815	4826879
3816	-1
3817	-1
3818	4829843
3819	-1
3820	-1
3821	4832807
3822	-1
3823	-1
3824	4835771
3825	-1
3826	-1
3827	4838735
3828	-1
3829	-1
3830	4841699
3831	-1
3832	-1
3833	4844663
3834	-1
3835	-1
3836	4847627
3837	-1
3838	-1
3839	4850591
3840	-1
3841	-1
3842	4853555
3843	-1
3844	-1
3845	4856519
3846	-1
3847	-1
3848	4859483
3849	-1
3850	-1
3851	4862447
3852	-1
3853	-1
3854	4865411
3855	-1
3856	-1
3857	4868375
3858	-1
3859	-1
3860	4871339
3861	-1
3862	-1
3863	4874303
3864	-1
3865	-1
3866	4877267
3867	-1
3868	-1
3869	4880231
3870	-1
3871	-1
3872	4883195
3873	-1
3874	-1
3875	4886159
3876	-1
3877	-1
3878	4889123
3879	-1
3880	-1
3881	4892087
3882	-1
3883	-1
3884	4895051
3885	-1
3886	4898015
3887	-1
3888	-1
3889	4900979
3890	-1
3891	-1
3892	4903943
3893	-1
3894	-1
3895	4906907
3896	-1
3897	-1
3898	4909871
3899	-1
3900	-1
3901	4912835
3902	-1
3903	-1
3904	4915799
3905	-1
3906	-1
3907	4918763
3908	-1
3909	-1
3910	4921727
3911	-1
3912	-1
3913	4924691
3914	-1
3915	-1
3916	4927655
3917	-1
3918	-1
3919	4930619
3920	-1
3921	-1
3922	4933583
3923	-1
3924	-1
3925	4936547
3926	-1
3927	-1
3928	4939511
3929	-1
3930	-1
3931	4942475
3932	-1
3933	-1
3934	4945439
3935	-1
3936	-1
3937	4948403
3938	-1
3939	-1
3940	4951367
3941	-1
3942	-1
3943	4954331
3944	-1
3945	-1
3946	4957295
3947	-1
3948	-1
3949	4960259
3950	-1
3951	-1
3952	4963223
3953	-1
3954	-1
3955	4966187
3956	-1
3957	-1
3958	4969151
3959	-1
3960	-1
3961	4972115
3962	-1
3963	-1
3964	4975079
3965	-1
3966	4978043
3967	-1
3968	-1
3969	4981007
3970	-1
3971	-1
3972	4983971
3973	-1
3974	-1
3975	4986935
3976	-1
3977	-1
3978	4989899
3979	-1
3980	-1
3981	4992863
3982	-1
3983	-1
3984	4995827
3985	-1
3986	-1
3987	4998791
3988	-1
3989	-1
3990	5001755
3991	-1
3992	-1
3993	5004719
3994	-1
3995	-1
3996	5007683
3997	-1
3998	-1
3999	5010647
4000	-1
4001	-1
4002	5013611
4003	-1
4004	-1
4005	5016575
4006	-1
4007	-1
4008	5019539
4009	-1
4010	-1
4011	5022503
4012	-1
4013	-1
4014	5025467
4015	-1
4016	-1
4017	5028431
4018	-1
4019	-1
4020	5031395
4021	-1
4022	-1
4023	5034359
4024	-1
4025	-1
4026	5037323
4027	-1
4028	-1
4029	5040287
4030	-1
4031	-1
4032	5043251
4033	-1
4034	-1
4035	5046215
4036	-1
4037	-1
4038	5049179
4039	-1
4040	-1
4041	5052143
4042	-1
4043	-1
4044	5055107
4045	-1
4046	-1
4047	5058071
4048	-1
4049	5061035
4050	-1
4051	-1
4052	5063999
4053	-1
4054	-1
4055	5066963
4056	-1
4057	-1
4058	5069927
4059	-1
4060	-1
4061	5072891
4062	-1
4063	-1
4064	5075855
4065	-1
4066	-1
4067	5078819
4068	-1
4069	-1
4070	5081783
4071	-1
4072	-1
4073	5084747
4074	-1
4075	-1
4076	5087711
4077	-1
4078	-1
4079	5090675
4080	-1
4081	-1
4082	5093639
4083	-1
4084	-1
4085	5096603
4086	-1
4087	-1
4088	5099567
4089	-1
4090	-1
4091	5102531
4092	-1
4093	-1
4094	5105495
4095	-1
4096	-1
4097	5108459
4098	-1
4099	-1
4100	5111423
4101	-1
4102	-1
4103	5114387
4104	-1
4105	-1
4106	5117351
4107	-1
4108	-1
4109	5120315
4110	-1
4111	-1
4112	5123279
4113	-1
4114	-1
4115	5126243
4116	-1
4117	-1
4118	5129207
4119	-1
4120	-1
4121	5132171
4122	-1
4123	-1
4124	5135135
4125	-1
4126	-1
4127	5138099
4128	-1
4129	-1
4130	5141063
4131	-1
4132	5144027
4133	-1
4134	-1
4135	5146991
4136	-1
4137	-1
4138	5149955
4139	-1
4140	-1
4141	5152919
4142	-1
4143	-1
4144	5155883
4145	-1
4146	-1
4147	5158847
4148	-1
4149	-1
4150	5161811
4151	-1
4152	-1
4153	5164775
4154	-1
4155	-1
4156	5167739
4157	-1
4158	-1
4159	5170703
4160	-1
4161	-1
4162	5173667
4163	-1
4164	-1
4165	5176631
4166	-1
4167	-1
4168	5179595
4169	-1
4170	-1
4171	5182559
4172	-1
4173	-1
4174	5185523
4175	-1
4176	-1
4177	5188487
4178	-1
4179	-1
4180	5191451
4181	-1
4182	-1
4183	5194415
4184	-1
4185	-1
4186	5197379
4187	-1
4188	-1
4189	5200343
4190	-1
4191	-1
4192	5203307
4193	-1
4194	-1
4195	5206271
4196	-1
4197	-1
4198	5209235
4199	-1
4200	-1
4201	5212199
4202	-1
4203	-1
4204	5215163
4205	-1
4206	-1
4207	5218127
4208	-1
4209	-1
4210	5221091
4211	-1
4212	-1
4213	5224055
4214	-1
4215	5227019
4216	-1
4217	-1
4218	5229983
4219	-1
4220	-1
4221	5232947
4222	-1
4223	-1
4224	5235911
4225	-1
4226	-1
4227	5238875
4228	-1
4229	-1
4230	5241839
4231	-1
4232	-1
4233	5244803
4234	-1
4235	-1
4236	5247767
4237	-1
4238	-1
4239	5250731
4240	-1
4241	-1
4242	5253695
4243	-1
4244	-1
4245	5256659
4246	-1
4247	-1
4248	5259623
4249	-1
4250	-1
4251	5262587
4252	-1
4253	-1
4254	5265551
4255	-1
4256	-1
4257	5268515
4258	-1
4259	-1
4260	5271479
4261	-1
4262	-1
4263	5274443
4264	-1
4265	-1
4266	5277407
4267	-1
4268	-1
4269	5280371
4270	-1
4271	-1
4272	5283335
4273	-1
4274	-1
4275	5286299
4276	-1
4277	-1
4278	5289263
4279	-1
4280	-1
4281	5292227
4282	-1
4283	-1
4284	5295191
4285	-1
4286	-1
4287	5298155
4288	-1
4289	-1
4290	5301119
4291	-1
4292	-1
4293	5304083
4294	-1
4295	-1
4296	5307047
4297	-1
4298	5310011
4299	-1
4300	-1
4301	5312975
4302	-1
4303	-1
4304	5315939
4305	-1
4306	-1
4307	5318903
4308	-1
4309	-1
4310	5321867
4311	-1
4312	-1
4313	5324831
4314	-1
4315	-1
4316	5327795
4317	-1
4318	-1
4319	5330759
4320	-1
4321	-1
4322	5333723
4323	-1
4324	-1
4325	5336687
4326	-1
4327	-1
4328	5339651
4329	-1
4330	-1
4331	5342615
4332	-1
4333	-1
4334	5345579
4335	-1
4336	-1
4337	5348543
4338	-1
4339	-1
4340	5351507
4341	-1
4342	-1
4343	5354471
4344	-1
4345	-1
4346	5357435
4347	-1
4348	-1
4349	5360399
4350	-1
4351	-1
4352	5363363
4353	-1
4354	-1
4355	5366327
4356	-1
4357	-1
4358	5369291
4359	-1
4360	-1
4361	5372255
4362	-1
4363	-1
4364	5375219
4365	-1
4366	-1
4367	5378183
4368	-1
4369	-1
4370	5381147
4371	-1
4372	-1
4373	5384111
4374	-1
4375	-1
4376	5387075
4377	-1
4378	5390039
4379	-1
4380	-1
4381	5393003
4382	-1
4383	-1
4384	5395967
4385	-1
4386	-1
4387	5398931
4388	-1
4389	-1
4390	5401895
4391	-1
4392	-1
4393	5404859
4394	-1
4395	-1
4396	5407823
4397	-1
4398	-1
4399	5410787
4400	-1
4401	-1
4402	5413751
4403	-1
4404	-1
4405	5416715
4406	-1
4407	-1
4408	5419679
4409	-1
4410	-1
4411	5422643
4412	-1
4413	-1
4414	5425607
4415	-1
4416	-1
4417	5428571
4418	-1
4419	-1
4420	5431535
4421	-1
4422	-1
4423	5434499
4424	-1
4425	-1
4426	5437463
4427	-1
4428	-1
4429	5440427
4430	-1
4431	-1
4432	5443391
4433	-1
4434	-1
4435	5446355
4436	-1
4437	-1
4438	5449319
4439	-1
4440	-1
4441	5452283
4442	-1
4443	-1
4444	5455247
4445	-1
4446	-1
4447	5458211
4448	-1
4449	-1
4450	5461175
4451	-1
4452	-1
4453	5464139
4454	-1
4455	-1
4456	5467103
4457	-1
4458	-1
4459	5470067
4460	-1
4461	5473031
4462	-1
4463	-1
4464	5475995
4465	-1
4466	-1
4467	5478959
4468	-1
4469	-1
4470	5481923
4471	-1
4472	-1
4473	5484887
4474	-1
4475	-1
4476	5487851
4477	-1
4478	-1
4479	5490815
4480	-1
4481	-1
4482	5493779
4483	-1
4484	-1
4485	5496743
4486	-1
4487	-1
4488	5499707
4489	-1
4490	-1
4491	5502671
4492	-1
4493	-1
4494	5505635
4495	-1
4496	-1
4497	5508599
4498	-1
4499	-1
4500	5511563
4501	-1
4502	-1
4503	5514527
4504	-1
4505	-1
4506	5517491
4507	-1
4508	-1
4509	5520455
4510	-1
4511	-1
4512	5523419
4513	-1
4514	-1
4515	5526383
4516	-1
4517	-1
4518	5529347
4519	-1
4520	-1
4521	5532311
4522	-1
4523	-1
4524	5535275
4525	-1
4526	-1
4527	5538239
4528	-1
4529	-1
4530	5541203
4531	-1
4532	-1
4533	5544167
4534	-1
4535	-1
4536	5547131
4537	-1
4538	-1
4539	5550095
4540	-1
4541	-1
4542	5553059
4543	-1
4544	5556023
4545	-1
4546	-1
4547	5558987
4548	-1
4549	-1
4550	5561951
4551	-1
4552	-1
4553	5564915
4554	-1
4555	-1
4556	5567879
4557	-1
4558	-1
4559	5570843
4560	-1
4561	-1
4562	5573807
4563	-1
4564	-1
4565	5576771
4566	-1
4567	-1
4568	5579735
4569	-1
4570	-1
4571	5582699
4572	-1
4573	-1
4574	5585663
4575	-1
4576	-1
4577	5588627
4578	-1
4579	-1
4580	5591591
4581	-1
4582	-1
4583	5594555
4584	-1
4585	-1
4586	5597519
4587	-1
4588	-1
4589	5600483
4590	-1
4591	-1
4592	5603447
4593	-1
4594	-1
4595	5606411
4596	-1
4597	-1
4598	5609375
4599	-1
4600	-1
4601	5612339
4602	-1
4603	-1
4604	5615303
4605	-1
4606	-1
4607	5618267
4608	-1
4609	-1
4610	5621231
4611	-1
4612	-1
4613	5624195
4614	-1
4615	-1
4616	5627159
4617	-1
4618	-1
4619	5630123
4620	-1
4621	-1
4622	5633087
4623	-1
4624	-1
4625	5636051
4626	-1
4627	5639015
4628	-1
4629	-1
4630	5641979
4631	-1
4632	-1
4633	5644943
4634	-1
4635	-1
4636	5647907
4637	-1
4638	-1
4639	5650871
4640	-1
4641	-1
4642	5653835
4643	-1
4644	-1
4645	5656799
4646	-1
4647	-1
4648	5659763
4649	-1
4650	-1
4651	5662727
4652	-1
4653	-1
4654	5665691
4655	-1
4656	-1
4657	5668655
4658	-1
4659	-1
4660	5671619
4661	-1
4662	-1
4663	5674583
4664	-1
4665	-1
4666	5677547
4667	-1
4668	-1
4669	5680511
4670	-1
4671	-1
4672	5683475
4673	-1
4674	-1
4675	5686439
4676	-1
4677	-1
4678	5689403
4679	-1
4680	-1
4681	5692367
4682	-1
4683	-1
4684	5695331
4685	-1
4686	-1
4687	5698295
4688	-1
4689	-1
4690	5701259
4691	-1
4692	-1
4693	5704223
4694	-1
4695	-1
4696	5707187
4697	-1
4698	-1
4699	5710151
4700	-1
4701	-1
4702	5713115
4703	-1
4704	-1
4705	5716079
4706	-1
4707	5719043
4708	-1
4709	-1
4710	5722007
4711	-1
4712	-1
4713	5724971
4714	-1
4715	-1
4716	5727935
4717	-1
4718	-1
4719	5730899
4720	-1
4721	-1
4722	5733863
4723	-1
4724	-1
4725	5736827
4726	-1
4727	-1
4728	5739791
4729	-1
4730	-1
4731	5742755
4732	-1
4733	-1
4734	5745719
4735	-1
4736	-1
4737	5748683
4738	-1
4739	-1
4740	5751647
4741	-1
4742	-1
4743	5754611
4744	-1
4745	-1
4746	5757575
4747	-1
4748	-1
4749	5760539
4750	-1
4751	-1
4752	5763503
4753	-1
4754	-1
4755	5766467
4756	-1
4757	-1
4758	5769431
4759	-1
4760	-1
4761	5772395
4762	-1
4763	-1
4764	5775359
4765	-1
4766	-1
4767	5778323
4768	-1
4769	-1
4770	5781287
4771	-1
4772	-1
4773	5784251
4774	-1
4775	-1
4776	5787215
4777	-1
4778	-1
4779	5790179
4780	-1
4781	-1
4782	5793143
4783	-1
4784	-1
4785	5796107
4786	-1
4787	-1
4788	5799071
4789	-1
4790	5802035
4791	-1
4792	-1
4793	5804999
4794	-1
4795	-1
4796	5807963
4797	-1
4798	-1
4799	5810927
4800	-1
4801	-1
4802	5813891
4803	-1
4804	-1
4805	5816855
4806	-1
4807	-1
4808	5819819
4809	-1
4810	-1
4811	5822783
4812	-1
4813	-1
4814	5825747
4815	-1
4816	-1
4817	5828711
4818	-1
4819	-1
4820	5831675
4821	-1
4822	-1
4823	5834639
4824	-1
4825	-1
4826	5837603
4827	-1
4828	-1
4829	5840567
4830	-1
4831	-1
4832	5843531
4833	-1
4834	-1
4835	5846495
4836	-1
4837	-1
4838	5849459
4839	-1
4840	-1
4841	5852423
4842	-1
4843	-1
4844	5855387
4845	-1
4846	-1
4847	5858351
4848	-1
4849	-1
4850	5861315
4851	-1
4852	-1
4853	5864279
4854	-1
4855	-1
4856	5867243
4857	-1
4858	-1
4859	5870207
4860	-1
4861	-1
4862	5873171
4863	-1
4864	-1
4865	5876135
4866	-1
4867	-1
4868	5879099
4869	-1
4870	-1
4871	5882063
4872	-1
4873	5885027
4874	-1
4875	-1
4876	5887991
4877	-1
4878	-1
4879	5890955
4880	-1
4881	-1
4882	5893919
4883	-1
4884	-1
4885	5896883
4886	-1
4887	-1
4888	5899847
4889	-1
4890	-1
4891	5902811
4892	-1
4893	-1
4894	5905775
4895	-1
4896	-1
4897	5908739
4898	-1
4899	-1
4900	5911703
4901	-1
4902	-1
4903	5914667
4904	-1
4905	-1
4906	5917631
4907	-1
4908	-1
4909	5920595
4910	-1
4911	-1
4912	5923559
4913	-1
4914	-1
4915	5926523
4916	-1
4917	-1
4918	5929487
4919	-1
4920	-1
4921	5932451
4922	-1
4923	-1
4924	5935415
4925	-1
4926	-1
4927	5938379
4928	-1
4929	-1
4930	5941343
4931	-1
4932	-1
4933	5944307
4934	-1
4935	-1
4936	5947271
4937	-1
4938	-1
4939	5950235
4940	-1
4941	-1
4942	5953199
4943	-1
4944	-1
4945	5956163
4946	-1
4947	-1
4948	5959127
4949	-1
4950	-1
4951	5962091
4952	-1
4953	-1
4954	5965055
4955	-1
4956	5968019
4957	-1
4958	-1
4959	5970983
4960	-1
4961	-1
4962	5973947
4963	-1
4964	-1
4965	5976911
4966	-1
4967	-1
4968	5979875
4969	-1
4970	-1
4971	5982839
4972	-1
4973	-1
4974	5985803
4975	-1
4976	-1
4977	5988767
4978	-1
4979	-1
4980	5991731
4981	-1
4982	-1
4983	5994695
4984	-1
4985	-1
4986	5997659
4987	-1
4988	-1
4989	6000623
4990	-1
4991	-1
4992	6003587
4993	-1
4994	-1
4995	6006551
4996	-1
4997	-1
4998	6009515
4999	-1
5000	-1
5001	6012479
5002	-1
5003	-1
5004	6015443
5005	-1
5006	-1
5007	6018407
5008	-1
5009	-1
5010	6021371
5011	-1
5012	-1
5013	6024335
5014	-1
5015	-1
5016	6027299
5017	-1
5018	-1
5019	6030263
5020	-1
5021	-1
5022	6033227
5023	-1
5024	-1
5025	6036191
5026	-1
5027	-1
5028	6039155
5029	-1
5030	-1
5031	6042119
5032	-1
5033	-1
5034	6045083
5035	-1
5036	-1
5037	6048047
5038	-1
5039	6051011
5040	-1
5041	-1
5042	6053975
5043	-1
5044	-1
5045	6056939
5046	-1
5047	-1
5048	6059903
5049	-1
5050	-1
5051	6062867
5052	-1
5053	-1
5054	6065831
5055	-1
5056	-1
5057	6068795
5058	-1
5059	-1
5060	6071759
5061	-1
5062	-1
5063	6074723
5064	-1
5065	-1
5066	6077687
5067	-1
5068	-1
5069	6080651
5070	-1
5071	-1
5072	6083615
5073	-1
5074	-1
5075	6086579
5076	-1
5077	-1
5078	6089543
5079	-1
5080	-1
5081	6092507
5082	-1
5083	-1
5084	6095471
5085	-1
5086	-1
5087	6098435
5088	-1
5089	-1
5090	6101399
5091	-1
5092	-1
5093	6104363
5094	-1
5095	-1
5096	6107327
5097	-1
5098	-1
5099	6110291
5100	-1
5101	-1
5102	6113255
5103	-1
5104	-1
5105	6116219
5106	-1
5107	-1
5108	6119183
5109	-1
5110	-1
5111	6122147
5112	-1
5113	-1
5114	6125111
5115	-1
5116	-1
5117	6128075
5118	-1
5119	6131039
5120	-1
5121	-1
5122	6134003
5123	-1
5124	-1
5125	6136967
5126	-1
5127	-1
5128	6139931
5129	-1
5130	-1
5131	6142895
5132	-1
5133	-1
5134	6145859
5135	-1
5136	-1
5137	6148823
5138	-1
5139	-1
5140	6151787
5141	-1
5142	-1
5143	6154751
5144	-1
5145	-1
5146	6157715
5147	-1
5148	-1
5149	6160679
5150	-1
5151	-1
5152	6163643
5153	-1
5154	-1
5155	6166607
5156	-1
5157	-1
5158	6169571
5159	-1
5160	-1
5161	6172535
5162	-1
5163	-1
5164	6175499
5165	-1
5166	-1
5167	6178463
5168	-1
5169	-1
5170	6181427
5171	-1
5172	-1
5173	6184391
5174	-1
5175	-1
5176	6187355
5177	-1
5178	-1
5179	6190319
5180	-1
5181	-1
5182	6193283
5183	-1
5184	-1
5185	6196247
5186	-1
5187	-1
5188	6199211
5189	-1
5190	-1
5191	6202175
5192	-1
5193	-1
5194	6205139
5195	-1
5196	-1
5197	6208103
5198	-1
5199	-1
5200	6211067
5201	-1
5202	6214031
5203	-1
5204	-1
5205	6216995
5206	-1
5207	-1
5208	6219959
5209	-1
5210	-1
5211	6222923
5212	-1
5213	-1
5214	6225887
5215	-1
5216	-1
5217	6228851
5218	-1
5219	-1
5220	6231815
5221	-1
5222	-1
5223	6234779
5224	-1
5225	-1
5226	6237743
5227	-1
5228	-1
5229	6240707
5230	-1
5231	-1
5232	6243671
5233	-1
5234	-1
5235	6246635
5236	-1
5237	-1
5238	6249599
5239	-1
5240	-1
5241	6252563
5242	-1
5243	-1
5244	6255527
5245	-1
5246	-1
5247	6258491
5248	-1
5249	-1
5250	6261455
5251	-1
5252	-1
5253	6264419
5254	-1
5255	-1
5256	6267383
5257	-1
5258	-1
5259	6270347
5260	-1
5261	-1
5262	6273311
5263	-1
5264	-1
5265	6276275
5266	-1
5267	-1
5268	6279239
5269	-1
5270	-1
5271	6282203
5272	-1
5273	-1
5274	6285167
5275	-1
5276	-1
5277	6288131
5278	-1
5279	-1
5280	6291095
5281	-1
5282	-1
5283	6294059
5284	-1
5285	6297023
5286	-1
5287	-1
5288	6299987
5289	-1
5290	-1
5291	6302951
5292	-1
5293	-1
5294	6305915
5295	-1
5296	-1
5297	6308879
5298	-1
5299	-1
5300	6311843
5301	-1
5302	-1
5303	6314807
5304	-1
5305	-1
5306	6317771
5307	-1
5308	-1
5309	6320735
5310	-1
5311	-1
5312	6323699
5313	-1
5314	-1
5315	6326663
5316	-1
5317	-1
5318	6329627
5319	-1
5320	-1
5321	6332591
5322	-1
5323	-1
5324	6335555
5325	-1
5326	-1
5327	6338519
5328	-1
5329	-1
5330	6341483
5331	-1
5332	-1
5333	6344447
5334	-1
5335	-1
5336	6347411
5337	-1
5338	-1
5339	6350375
5340	-1
5341	-1
5342	6353339
5343	-1
5344	-1
5345	6356303
5346	-1
5347	-1
5348	6359267
5349	-1
5350	-1
5351	6362231
5352	-1
5353	-1
5354	6365195
5355	-1
5356	-1
5357	6368159
5358	-1
5359	-1
5360	6371123
5361	-1
5362	-1
5363	6374087
5364	-1
5365	-1
5366	6377051
5367	-1
5368	6380015
5369	-1
5370	-1
5371	6382979
5372	-1
5373	-1
5374	6385943
5375	-1
5376	-1
5377	6388907
5378	-1
5379	-1
5380	6391871
5381	-1
5382	-1
5383	6394835
5384	-1
5385	-1
5386	6397799
5387	-1
5388	-1
5389	6400763
5390	-1
5391	-1
5392	6403727
5393	-1
5394	-1
5395	6406691
5396	-1
5397	-1
5398	6409655
5399	-1
5400	-1
5401	6412619
5402	-1
5403	-1
5404	6415583
5405	-1
5406	-1
5407	6418547
5408	-1
5409	-1
5410	6421511
5411	-1
5412	-1
5413	6424475
5414	-1
5415	-1
5416	6427439
5417	-1
5418	-1
5419	6430403
5420	-1
5421	-1
5422	6433367
5423	-1
5424	-1
5425	6436331
5426	-1
5427	-1
5428	6439295
5429	-1
5430	-1
5431	6442259
5432	-1
5433	-1
5434	6445223
5435	-1
5436	-1
5437	6448187
5438	-1
5439	-1
5440	6451151
5441	-1
5442	-1
5443	6454115
5444	-1
5445	-1
5446	6457079
5447	-1
5448	6460043
5449	-1
5450	-1
5451	6463007
5452	-1
5453	-1
5454	6465971
5455	-1
5456	-1
5457	6468935
5458	-1
5459	-1
5460	6471899
5461	-1
5462	-1
5463	6474863
5464	-1
5465	-1
5466	6477827
5467	-1
5468	-1
5469	6480791
5470	-1
5471	-1
5472	6483755
5473	-1
5474	-1
5475	6486719
5476	-1
5477	-1
5478	6489683
5479	-1
5480	-1
5481	6492647
5482	-1
5483	-1
5484	6495611
5485	-1
5486	-1
5487	6498575
5488	-1
5489	-1
5490	6501539
5491	-1
5492	-1
5493	6504503
5494	-1
5495	-1
5496	6507467
5497	-1
5498	-1
5499	6510431
5500	-1
5501	-1
5502	6513395
5503	-1
5504	-1
5505	6516359
5506	-1
5507	-1
5508	6519323
5509	-1
5510	-1
5511	6522287
5512	-1
5513	-1
5514	6525251
5515	-1
5516	-1
5517	6528215
5518	-1
5519	-1
5520	6531179
5521	-1
5522	-1
5523	6534143
5524	-1
5525	-1
5526	6537107
5527	-1
5528	-1
5529	6540071
5530	-1
5531	6543035
5532	-1
5533	-1
5534	6545999
5535	-1
5536	-1
5537	6548963
5538	-1
5539	-1
5540	6551927
5541	-1
5542	-1
5543	6554891
5544	-1
5545	-1
5546	6557855
5547	-1
5548	-1
5549	6560819
5550	-1
5551	-1
5552	6563783
5553	-1
5554	-1
5555	6566747
5556	-1
5557	-1
5558	6569711
5559	-1
5560	-1
5561	6572675
5562	-1
5563	-1
5564	6575639
5565	-1
5566	-1
5567	6578603
5568	-1
5569	-1
5570	6581567
5571	-1
5572	-1
5573	6584531
5574	-1
5575	-1
5576	6587495
5577	-1
5578	-1
5579	6590459
5580	-1
5581	-1
5582	6593423
5583	-1
5584	-1
5585	6596387
5586	-1
5587	-1
5588	6599351
5589	-1
5590	-1
5591	6602315
5592	-1
5593	-1
5594	6605279
5595	-1
5596	-1
5597	6608243
5598	-1
5599	-1
5600	6611207
5601	-1
5602	-1
5603	6614171
5604	-1
5605	-1
5606	6617135
5607	-1
5608	-1
5609	6620099
5610	-1
5611	-1
5612	6623063
5613	-1
5614	6626027
5615	-1
5616	-1
5617	6628991
5618	-1
5619	-1
5620	6631955
5621	-1
5622	-1
5623	6634919
5624	-1
5625	-1
5626	6637883
5627	-1
5628	-1
5629	6640847
5630	-1
5631	-1
5632	6643811
5633	-1
5634	-1
5635	6646775
5636	-1
5637	-1
5638	6649739
5639	-1
5640	-1
5641	6652703
5642	-1
5643	-1
5644	6655667
5645	-1
5646	-1
5647	6658631
5648	-1
5649	-1
5650	6661595
5651	-1
5652	-1
5653	6664559
5654	-1
5655	-1
5656	6667523
5657	-1
5658	-1
5659	6670487
5660	-1
5661	-1
5662	6673451
5663	-1
5664	-1
5665	6676415
5666	-1
5667	-1
5668	6679379
5669	-1
5670	-1
5671	6682343
5672	-1
5673	-1
5674	6685307
5675	-1
5676	-1
5677	6688271
5678	-1
5679	-1
5680	6691235
5681	-1
5682	-1
5683	6694199
5684	-1
5685	-1
5686	6697163
5687	-1
5688	-1
5689	6700127
5690	-1
5691	-1
5692	6703091
5693	-1
5694	-1
5695	6706055
5696	-1
5697	6709019
5698	-1
5699	-1
5700	6711983
5701	-1
5702	-1
5703	6714947
5704	-1
5705	-1
5706	6717911
5707	-1
5708	-1
5709	6720875
5710	-1
5711	-1
5712	6723839
5713	-1
5714	-1
5715	6726803
5716	-1
5717	-1
5718	6729767
5719	-1
5720	-1
5721	6732731
5722	-1
5723	-1
5724	6735695
5725	-1
5726	-1
5727	6738659
5728	-1
5729	-1
5730	6741623
5731	-1
5732	-1
5733	6744587
5734	-1
5735	-1
5736	6747551
5737	-1
5738	-1
5739	6750515
5740	-1
5741	-1
5742	6753479
5743	-1
5744	-1
5745	6756443
5746	-1
5747	-1
5748	6759407
5749	-1
5750	-1
5751	6762371
5752	-1
5753	-1
5754	6765335
5755	-1
5756	-1
5757	6768299
5758	-1
5759	-1
5760	6771263
5761	-1
5762	-1
5763	6774227
5764	-1
5765	-1
5766	6777191
5767	-1
5768	-1
5769	6780155
5770	-1
5771	-1
5772	6783119
5773	-1
5774	-1
5775	6786083
5776	-1
5777	-1
5778	6789047
5779	-1
5780	6792011
5781	-1
5782	-1
5783	6794975
5784	-1
5785	-1
5786	6797939
5787	-1
5788	-1
5789	6800903
5790	-1
5791	-1
5792	6803867
5793	-1
5794	-1
5795	6806831
5796	-1
5797	-1
5798	6809795
5799	-1
5800	-1
5801	6812759
5802	-1
5803	-1
5804	6815723
5805	-1
5806	-1
5807	6818687
5808	-1
5809	-1
5810	6821651
5811	-1
5812	-1
5813	6824615
5814	-1
5815	-1
5816	6827579
5817	-1
5818	-1
5819	6830543
5820	-1
5821	-1
5822	6833507
5823	-1
5824	-1
5825	6836471
5826	-1
5827	-1
5828	6839435
5829	-1
5830	-1
5831	6842399
5832	-1
5833	-1
5834	6845363
5835	-1
5836	-1
5837	6848327
5838	-1
5839	-1
5840	6851291
5841	-1
5842	-1
5843	6854255
5844	-1
5845	-1
5846	6857219
5847	-1
5848	-1
5849	6860183
5850	-1
5851	-1
5852	6863147
5853	-1
5854	-1
5855	6866111
5856	-1
5857	-1
5858	6869075
5859	-1
5860	6872039
5861	-1
5862	-1
5863	6875003
5864	-1
5865	-1
5866	6877967
5867	-1
5868	-1
5869	6880931
5870	-1
5871	-1
5872	6883895
5873	-1
5874	-1
5875	6886859
5876	-1
5877	-1
5878	6889823
5879	-1
5880	-1
5881	6892787
5882	-1
5883	-1
5884	6895751
5885	-1
5886	-1
5887	6898715
5888	-1
5889	-1
5890	6901679
5891	-1
5892	-1
5893	6904643
5894	-1
5895	-1
5896	6907607
5897	-1
5898	-1
5899	6910571
5900	-1
5901	-1
5902	6913535
5903	-1
5904	-1
5905	6916499
5906	-1
5907	-1
5908	6919463
5909	-1
5910	-1
5911	6922427
5912	-1
5913	-1
5914	6925391
5915	-1
5916	-1
5917	6928355
5918	-1
5919	-1
5920	6931319
5921	-1
5922	-1
5923	6934283
5924	-1
5925	-1
5926	6937247
5927	-1
5928	-1
5929	6940211
5930	-1
5931	-1
5932	6943175
5933	-1
5934	-1
5935	6946139
5936	-1
5937	-1
5938	6949103
5939	-1
5940	-1
5941	6952067
5942	-1
5943	6955031
5944	-1
5945	-1
5946	6957995
5947	-1
5948	-1
5949	6960959
5950	-1
5951	-1
5952	6963923
5953	-1
5954	-1
5955	6966887
5956	-1
5957	-1
5958	6969851
5959	-1
5960	-1
5961	6972815
5962	-1
5963	-1
5964	6975779
5965	-1
5966	-1
5967	6978743
5968	-1
5969	-1
5970	6981707
5971	-1
5972	-1
5973	6984671
5974	-1
5975	-1
5976	6987635
5977	-1
5978	-1
5979	6990599
5980	-1
5981	-1
5982	6993563
5983	-1
5984	-1
5985	6996527
5986	-1
5987	-1
5988	6999491
5989	-1
5990	-1
5991	7002455
5992	-1
5993	-1
5994	7005419
5995	-1
5996	-1
5997	7008383
5998	-1
5999	-1
6000	7011347
6001	-1
6002	-1
6003	7014311
6004	-1
6005	-1
6006	7017275
6007	-1
6008	-1
6009	7020239
6010	-1
6011	-1
6012	7023203
6013	-1
6014	-1
6015	7026167
6016	-1
6017	-1
6018	7029131
6019	-1
6020	-1
6021	7032095
6022	-1
6023	-1
6024	7035059
6025	-1
6026	7038023
6027	-1
6028	-1
6029	7040987
6030	-1
6031	-1
6032	7043951
6033	-1
6034	-1
6035	7046915
6036	-1
6037	-1
6038	7049879
6039	-1
6040	-1
6041	7052843
6042	-1
6043	-1
6044	7055807
6045	-1
6046	-1
6047	7058771
6048	-1
6049	-1
6050	7061735
6051	-1
6052	-1
6053	7064699
6054	-1
6055	-1
6056	7067663
6057	-1
6058	-1
6059	7070627
6060	-1
6061	-1
6062	7073591
6063	-1
6064	-1
6065	7076555
6066	-1
6067	-1
6068	7079519
6069	-1
6070	-1
6071	7082483
6072	-1
6073	-1
6074	7085447
6075	-1
6076	-1
6077	7088411
6078	-1
6079	-1
6080	7091375
6081	-1
6082	-1
6083	7094339
6084	-1
6085	-1
6086	7097303
6087	-1
6088	-1
6089	7100267
6090	-1
6091	-1
6092	7103231
6093	-1
6094	-1
6095	7106195
6096	-1
6097	-1
6098	7109159
6099	-1
6100	-1
6101	7112123
6102	-1
6103	-1
6104	7115087
6105	-1
6106	-1
6107	7118051
6108	-1
6109	7121015
6110	-1
6111	-1
6112	7123979
6113	-1
6114	-1
6115	7126943
6116	-1
6117	-1
6118	7129907
6119	-1
6120	-1
6121	7132871
6122	-1
6123	-1
6124	7135835
6125	-1
6126	-1
6127	7138799
6128	-1
6129	-1
6130	7141763
6131	-1
6132	-1
6133	7144727
6134	-1
6135	-1
6136	7147691
6137	-1
6138	-1
6139	7150655
6140	-1
6141	-1
6142	7153619
6143	-1
6144	-1
6145	7156583
6146	-1
6147	-1
6148	7159547
6149	-1
6150	-1
6151	7162511
6152	-1
6153	-1
6154	7165475
6155	-1
6156	-1
6157	7168439
6158	-1
6159	-1
6160	7171403
6161	-1
6162	-1
6163	7174367
6164	-1
6165	-1
6166	7177331
6167	-1
6168	-1
6169	7180295
6170	-1
6171	-1
6172	7183259
6173	-1
6174	-1
6175	7186223
6176	-1
6177	-1
6178	7189187
6179	-1
6180	-1
6181	7192151
6182	-1
6183	-1
6184	7195115
6185	-1
6186	-1
6187	7198079
6188	-1
6189	7201043
6190	-1
6191	-1
6192	7204007
6193	-1
6194	-1
6195	7206971
6196	-1
6197	-1
6198	7209935
6199	-1
6200	-1
6201	7212899
6202	-1
6203	-1
6204	7215863
6205	-1
6206	-1
6207	7218827
6208	-1
6209	-1
6210	7221791
6211	-1
6212	-1
6213	7224755
6214	-1
6215	-1
6216	7227719
6217	-1
6218	-1
6219	7230683
6220	-1
6221	-1
6222	7233647
6223	-1
6224	-1
6225	7236611
6226	-1
6227	-1
6228	7239575
6229	-1
6230	-1
6231	7242539
6232	-1
6233	-1
6234	7245503
6235	-1
6236	-1
6237	7248467
6238	-1
6239	-1
6240	7251431
6241	-1
6242	-1
6243	7254395
6244	-1
6245	-1
6246	7257359
6247	-1
6248	-1
6249	7260323
6250	-1
6251	-1
6252	7263287
6253	-1
6254	-1
6255	7266251
6256	-1
6257	-1
6258	7269215
6259	-1
6260	-1
6261	7272179
6262	-1
6263	-1
6264	7275143
6265	-1
6266	-1
6267	7278107
6268	-1
6269	-1
6270	7281071
6271	-1
6272	7284035
6273	-1
6274	-1
6275	7286999
6276	-1
6277	-1
6278	7289963
6279	-1
6280	-1
6281	7292927
6282	-1
6283	-1
6284	7295891
6285	-1
6286	-1
6287	7298855
6288	-1
6289	-1
6290	7301819
6291	-1
6292	-1
6293	7304783
6294	-1
6295	-1
6296	7307747
6297	-1
6298	-1
6299	7310711
6300	-1
6301	-1
6302	7313675
6303	-1
6304	-1
6305	7316639
6306	-1
6307	-1
6308	7319603
6309	-1
6310	-1
6311	7322567
6312	-1
6313	-1
6314	7325531
6315	-1
6316	-1
6317	7328495
6318	-1
6319	-1
6320	7331459
6321	-1
6322	-1
6323	7334423
6324	-1
6325	-1
6326	7337387
6327	-1
6328	-1
6329	7340351
6330	-1
6331	-1
6332	7343315
6333	-1
6334	-1
6335	7346279
6336	-1
6337	-1
6338	7349243
6339	-1
6340	-1
6341	7352207
6342	-1
6343	-1
6344	7355171
6345	-1
6346	-1
6347	7358135
6348	-1
6349	-1
6350	7361099
6351	-1
6352	-1
6353	7364063
6354	-1
6355	7367027
6356	-1
6357	-1
6358	7369991
6359	-1
6360	-1
6361	7372955
6362	-1
6363	-1
6364	7375919
6365	-1
6366	-1
6367	7378883
6368	-1
6369	-1
6370	7381847
6371	-1
6372	-1
6373	7384811
6374	-1
6375	-1
6376	7387775
6377	-1
6378	-1
6379	7390739
6380	-1
6381	-1
6382	7393703
6383	-1
6384	-1
6385	7396667
6386	-1
6387	-1
6388	7399631
6389	-1
6390	-1
6391	7402595
6392	-1
6393	-1
6394	7405559
6395	-1
6396	-1
6397	7408523
6398	-1
6399	-1
6400	7411487
6401	-1
6402	-1
6403	7414451
6404	-1
6405	-1
6406	7417415
6407	-1
6408	-1
6409	7420379
6410	-1
6411	-1
6412	7423343
6413	-1
6414	-1
6415	7426307
6416	-1
6417	-1
6418	7429271
6419	-1
6420	-1
6421	7432235
6422	-1
6423	-1
6424	7435199
6425	-1
6426	-1
6427	7438163
6428	-1
6429	-1
6430	7441127
6431	-1
6432	-1
6433	7444091
6434	-1
6435	-1
6436	7447055
6437	-1
6438	7450019
6439	-1
6440	-1
6441	7452983
6442	-1
6443	-1
6444	7455947
6445	-1
6446	-1
6447	7458911
6448	-1
6449	-1
6450	7461875
6451	-1
6452	-1
6453	7464839
6454	-1
6455	-1
6456	7467803
6457	-1
6458	-1
6459	7470767
6460	-1
6461	-1
6462	7473731
6463	-1
6464	-1
6465	7476695
6466	-1
6467	-1
6468	7479659
6469	-1
6470	-1
6471	7482623
6472	-1
6473	-1
6474	7485587
6475	-1
6476	-1
6477	7488551
6478	-1
6479	-1
6480	7491515
6481	-1
6482	-1
6483	7494479
6484	-1
6485	-1
6486	7497443
6487	-1
6488	-1
6489	7500407
6490	-1
6491	-1
6492	7503371
6493	-1
6494	-1
6495	7506335
6496	-1
6497	-1
6498	7509299
6499	-1
6500	-1
6501	7512263
6502	-1
6503	-1
6504	7515227
6505	-1
6506	-1
6507	7518191
6508	-1
6509	-1
6510	7521155
6511	-1
6512	-1
6513	7524119
6514	-1
6515	-1
6516	7527083
6517	-1
6518	-1
6519	7530047
6520	-1
6521	7533011
6522	-1
6523	-1
6524	7535975
6525	-1
6526	-1
6527	7538939
6528	-1
6529	-1
6530	7541903
6531	-1
6532	-1
6533	7544867
6534	-1
6535	-1
6536	7547831
6537	-1
6538	-1
6539	7550795
6540	-1
6541	-1
6542	7553759
6543	-1
6544	-1
6545	7556723
6546	-1
6547	-1
6548	7559687
6549	-1
6550	-1
6551	7562651
6552	-1
6553	-1
6554	7565615
6555	-1
6556	-1
6557	7568579
6558	-1
6559	-1
6560	7571543
6561	-1
6562	-1
6563	7574507
6564	-1
6565	-1
6566	7577471
6567	-1
6568	-1
6569	7580435
6570	-1
6571	-1
6572	7583399
6573	-1
6574	-1
6575	7586363
6576	-1
6577	-1
6578	7589327
6579	-1
6580	-1
6581	7592291
6582	-1
6583	-1
6584	7595255
6585	-1
6586	-1
6587	7598219
6588	-1
6589	-1
6590	7601183
6591	-1
6592	-1
6593	7604147
6594	-1
6595	-1
6596	7607111
6597	-1
6598	-1
6599	7610075
6600	-1
6601	7613039
6602	-1
6603	-1
6604	7616003
6605	-1
6606	-1
6607	7618967
6608	-1
6609	-1
6610	7621931
6611	-1
6612	-1
6613	7624895
6614	-1
6615	-1
6616	7627859
6617	-1
6618	-1
6619	7630823
6620	-1
6621	-1
6622	7633787
6623	-1
6624	-1
6625	7636751
6626	-1
6627	-1
6628	7639715
6629	-1
6630	-1
6631	7642679
6632	-1
6633	-1
6634	7645643
6635	-1
6636	-1
6637	7648607
6638	-1
6639	-1
6640	7651571
6641	-1
6642	-1
6643	7654535
6644	-1
6645	-1
6646	7657499
6647	-1
6648	-1
6649	7660463
6650	-1
6651	-1
6652	7663427
6653	-1
6654	-1
6655	7666391
6656	-1
6657	-1
6658	7669355
6659	-1
6660	-1
6661	7672319
6662	-1
6663	-1
6664	7675283
6665	-1
6666	-1
6667	7678247
6668	-1
6669	-1
6670	7681211
6671	-1
6672	-1
6673	7684175
6674	-1
6675	-1
6676	7687139
6677	-1
6678	-1
6679	7690103
6680	-1
6681	-1
6682	7693067
6683	-1
6684	7696031
6685	-1
6686	-1
6687	7698995
6688	-1
6689	-1
6690	7701959
6691	-1
6692	-1
6693	7704923
6694	-1
6695	-1
6696	7707887
6697	-1
6698	-1
6699	7710851
6700	-1
6701	-1
6702	7713815
6703	-1
6704	-1
6705	7716779
6706	-1
6707	-1
6708	7719743
6709	-1
6710	-1
6711	7722707
6712	-1
6713	-1
6714	7725671
6715	-1
6716	-1
6717	7728635
6718	-1
6719	-1
6720	7731599
6721	-1
6722	-1
6723	7734563
6724	-1
6725	-1
6726	7737527
6727	-1
6728	-1
6729	7740491
6730	-1
6731	-1
6732	7743455
6733	-1
6734	-1
6735	7746419
6736	-1
6737	-1
6738	7749383
6739	-1
6740	-1
6741	7752347
6742	-1
6743	-1
6744	7755311
6745	-1
6746	-1
6747	7758275
6748	-1
6749	-1
6750	7761239
6751	-1
6752	-1
6753	7764203
6754	-1
6755	-1
6756	7767167
6757	-1
6758	-1
6759	7770131
6760	-1
6761	-1
6762	7773095
6763	-1
6764	-1
6765	7776059
6766	-1
6767	7779023
6768	-1
6769	-1
6770	7781987
6771	-1
6772	-1
6773	7784951
6774	-1
6775	-1
6776	7787915
6777	-1
6778	-1
6779	7790879
6780	-1
6781	-1
6782	7793843
6783	-1
6784	-1
6785	7796807
6786	-1
6787	-1
6788	7799771
6789	-1
6790	-1
6791	7802735
6792	-1
6793	-1
6794	7805699
6795	-1
6796	-1
6797	7808663
6798	-1
6799	-1
6800	7811627
6801	-1
6802	-1
6803	7814591
6804	-1
6805	-1
6806	7817555
6807	-1
6808	-1
6809	7820519
6810	-1
6811	-1
6812	7823483
6813	-1
6814	-1
6815	7826447
6816	-1
6817	-1
6818	7829411
6819	-1
6820	-1
6821	7832375
6822	-1
6823	-1
6824	7835339
6825	-1
6826	-1
6827	7838303
6828	-1
6829	-1
6830	7841267
6831	-1
6832	-1
6833	7844231
6834	-1
6835	-1
6836	7847195
6837	-1
6838	-1
6839	7850159
6840	-1
6841	-1
6842	7853123
6843	-1
6844	-1
6845	7856087
6846	-1
6847	-1
6848	7859051
6849	-1
6850	7862015
6851	-1
6852	-1
6853	7864979
6854	-1
6855	-1
6856	7867943
6857	-1
6858	-1
6859	7870907
6860	-1
6861	-1
6862	7873871
6863	-1
6864	-1
6865	7876835
6866	-1
6867	-1
6868	7879799
6869	-1
6870	-1
6871	7882763
6872	-1
6873	-1
6874	7885727
6875	-1
6876	-1
6877	7888691
6878	-1
6879	-1
6880	7891655
6881	-1
6882	-1
6883	7894619
6884	-1
6885	-1
6886	7897583
6887	-1
6888	-1
6889	7900547
6890	-1
6891	-1
6892	7903511
6893	-1
6894	-1
6895	7906475
6896	-1
6897	-1
6898	7909439
6899	-1
6900	-1
6901	7912403
6902	-1
6903	-1
6904	7915367
6905	-1
6906	-1
6907	7918331
6908	-1
6909	-1
6910	7921295
6911	-1
6912	-1
6913	7924259
6914	-1
6915	-1
6916	7927223
6917	-1
6918	-1
6919	7930187
6920	-1
6921	-1
6922	7933151
6923	-1
6924	-1
6925	7936115
6926	-1
6927	-1
6928	7939079
6929	-1
6930	7942043
6931	-1
6932	-1
6933	7945007
6934	-1
6935	-1
6936	7947971
6937	-1
6938	-1
6939	7950935
6940	-1
6941	-1
6942	7953899
6943	-1
6944	-1
6945	7956863
6946	-1
6947	-1
6948	7959827
6949	-1
6950	-1
6951	7962791
6952	-1
6953	-1
6954	7965755
6955	-1
6956	-1
6957	7968719
6958	-1
6959	-1
6960	7971683
6961	-1
6962	-1
6963	7974647
6964	-1
6965	-1
6966	7977611
6967	-1
6968	-1
6969	7980575
6970	-1
6971	-1
6972	7983539
6973	-1
6974	-1
6975	7986503
6976	-1
6977	-1
6978	7989467
6979	-1
6980	-1
6981	7992431
6982	-1
6983	-1
6984	7995395
6985	-1
6986	-1
6987	7998359
6988	-1
6989	-1
6990	8001323
6991	-1
6992	-1
6993	8004287
6994	-1
6995	-1
6996	8007251
6997	-1
6998	-1
6999	8010215
7000	-1
7001	-1
7002	8013179
7003	-1
7004	-1
7005	8016143
7006	-1
7007	-1
7008	8019107
7009	-1
7010	-1
7011	8022071
7012	-1
7013	8025035
7014	-1
7015	-1
7016	8027999
7017	-1
7018	-1
7019	8030963
7020	-1
7021	-1
7022	8033927
7023	-1
7024	-1
7025	8036891
7026	-1
7027	-1
7028	8039855
7029	-1
7030	-1
7031	8042819
7032	-1
7033	-1
7034	8045783
7035	-1
7036	-1
7037	8048747
7038	-1
7039	-1
7040	8051711
7041	-1
7042	-1
7043	8054675
7044	-1
7045	-1
7046	8057639
7047	-1
7048	-1
7049	8060603
7050	-1
7051	-1
7052	8063567
7053	-1
7054	-1
7055	8066531
7056	-1
7057	-1
7058	8069495
7059	-1
7060	-1
7061	8072459
7062	-1
7063	-1
7064	8075423
7065	-1
7066	-1
7067	8078387
7068	-1
7069	-1
7070	8081351
7071	-1
7072	-1
7073	8084315
7074	-1
7075	-1
7076	8087279
7077	-1
7078	-1
7079	8090243
7080	-1
7081	-1
7082	8093207
7083	-1
7084	-1
7085	8096171
7086	-1
7087	-1
7088	8099135
7089	-1
7090	-1
7091	8102099
7092	-1
7093	-1
7094	8105063
7095	-1
7096	8108027
7097	-1
7098	-1
7099	8110991
7100	-1
7101	-1
7102	8113955
7103	-1
7104	-1
7105	8116919
7106	-1
7107	-1
7108	8119883
7109	-1
7110	-1
7111	8122847
7112	-1
7113	-1
7114	8125811
7115	-1
7116	-1
7117	8128775
7118	-1
7119	-1
7120	8131739
7121	-1
7122	-1
7123	8134703
7124	-1
7125	-1
7126	8137667
7127	-1
7128	-1
7129	8140631
7130	-1
7131	-1
7132	8143595
7133	-1
7134	-1
7135	8146559
7136	-1
7137	-1
7138	8149523
7139	-1
7140	-1
7141	8152487
7142	-1
7143	-1
7144	8155451
7145	-1
7146	-1
7147	8158415
7148	-1
7149	-1
7150	8161379
7151	-1
7152	-1
7153	8164343
7154	-1
7155	-1
7156	8167307
7157	-1
7158	-1
7159	8170271
7160	-1
7161	-1
7162	8173235
7163	-1
7164	-1
7165	8176199
7166	-1
7167	-1
7168	8179163
7169	-1
7170	-1
7171	8182127
7172	-1
7173	-1
7174	8185091
7175	-1
7176	-1
7177	8188055
7178	-1
7179	8191019
7180	-1
7181	-1
7182	8193983
7183	-1
7184	-1
7185	8196947
7186	-1
7187	-1
7188	8199911
7189	-1
7190	-1
7191	8202875
7192	-1
7193	-1
7194	8205839
7195	-1
7196	-1
7197	8208803
7198	-1
7199	-1
7200	8211767
7201	-1
7202	-1
7203	8214731
7204	-1
7205	-1
7206	8217695
7207	-1
7208	-1
7209	8220659
7210	-1
7211	-1
7212	8223623
7213	-1
7214	-1
7215	8226587
7216	-1
7217	-1
7218	8229551
7219	-1
7220	-1
7221	8232515
7222	-1
7223	-1
7224	8235479
7225	-1
7226	-1
7227	8238443
7228	-1
7229	-1
7230	8241407
7231	-1
7232	-1
7233	8244371
7234	-1
7235	-1
7236	8247335
7237	-1
7238	-1
7239	8250299
7240	-1
7241	-1
7242	8253263
7243	-1
7244	-1
7245	8256227
7246	-1
7247	-1
7248	8259191
7249	-1
7250	-1
7251	8262155
7252	-1
7253	-1
7254	8265119
7255	-1
7256	-1
7257	8268083
7258	-1
7259	-1
7260	8271047
7261	-1
7262	8274011
7263	-1
7264	-1
7265	8276975
7266	-1
7267	-1
7268	8279939
7269	-1
7270	-1
7271	8282903
7272	-1
7273	-1
7274	8285867
7275	-1
7276	-1
7277	8288831
7278	-1
7279	-1
7280	8291795
7281	-1
7282	-1
7283	8294759
7284	-1
7285	-1
7286	8297723
7287	-1
7288	-1
7289	8300687
7290	-1
7291	-1
7292	8303651
7293	-1
7294	-1
7295	8306615
7296	-1
7297	-1
7298	8309579
7299	-1
7300	-1
7301	8312543
7302	-1
7303	-1
7304	8315507
7305	-1
7306	-1
7307	8318471
7308	-1
7309	-1
7310	8321435
7311	-1
7312	-1
7313	8324399
7314	-1
7315	-1
7316	8327363
7317	-1
7318	-1
7319	8330327
7320	-1
7321	-1
7322	8333291
7323	-1
7324	-1
7325	8336255
7326	-1
7327	-1
7328	8339219
7329	-1
7330	-1
7331	8342183
7332	-1
7333	-1
7334	8345147
7335	-1
7336	-1
7337	8348111
7338	-1
7339	-1
7340	8351075
7341	-1
7342	8354039
7343	-1
7344	-1
7345	8357003
7346	-1
7347	-1
7348	8359967
7349	-1
7350	-1
7351	8362931
7352	-1
7353	-1
7354	8365895
7355	-1
7356	-1
7357	8368859
7358	-1
7359	-1
7360	8371823
7361	-1
7362	-1
7363	8374787
7364	-1
7365	-1
7366	8377751
7367	-1
7368	-1
7369	8380715
7370	-1
7371	-1
7372	8383679
7373	-1
7374	-1
7375	8386643
7376	-1
7377	-1
7378	8389607
7379	-1
7380	-1
7381	8392571
7382	-1
7383	-1
7384	8395535
7385	-1
7386	-1
7387	8398499
7388	-1
7389	-1
7390	8401463
7391	-1
7392	-1
7393	8404427
7394	-1
7395	-1
7396	8407391
7397	-1
7398	-1
7399	8410355
7400	-1
7401	-1
7402	8413319
7403	-1
7404	-1
7405	8416283
7406	-1
7407	-1
7408	8419247
7409	-1
7410	-1
7411	8422211
7412	-1
7413	-1
7414	8425175
7415	-1
7416	-1
7417	8428139
7418	-1
7419	-1
7420	8431103
7421	-1
7422	-1
7423	8434067
7424	-1
7425	8437031
7426	-1
7427	-1
7428	8439995
7429	-1
7430	-1
7431	8442959
7432	-1
7433	-1
7434	8445923
7435	-1
7436	-1
7437	8448887
7438	-1
7439	-1
7440	8451851
7441	-1
7442	-1
7443	8454815
7444	-1
7445	-1
7446	8457779
7447	-1
7448	-1
7449	8460743
7450	-1
7451	-1
7452	8463707
7453	-1
7454	-1
7455	8466671
7456	-1
7457	-1
7458	8469635
7459	-1
7460	-1
7461	8472599
7462	-1
7463	-1
7464	8475563
7465	-1
7466	-1
7467	8478527
7468	-1
7469	-1
7470	8481491
7471	-1
7472	-1
7473	8484455
7474	-1
7475	-1
7476	8487419
7477	-1
7478	-1
7479	8490383
7480	-1
7481	-1
7482	8493347
7483	-1
7484	-1
7485	8496311
7486	-1
7487	-1
7488	8499275
7489	-1
7490	-1
7491	8502239
7492	-1
7493	-1
7494	8505203
7495	-1
7496	-1
7497	8508167
7498	-1
7499	-1
7500	8511131
7501	-1
7502	-1
7503	8514095
7504	-1
7505	-1
7506	8517059
7507	-1
7508	8520023
7509	-1
7510	-1
7511	8522987
7512	-1
7513	-1
7514	8525951
7515	-1
7516	-1
7517	8528915
7518	-1
7519	-1
7520	8531879
7521	-1
7522	-1
7523	8534843
7524	-1
7525	-1
7526	8537807
7527	-1
7528	-1
7529	8540771
7530	-1
7531	-1
7532	8543735
7533	-1
7534	-1
7535	8546699
7536	-1
7537	-1
7538	8549663
7539	-1
7540	-1
7541	8552627
7542	-1
7543	-1
7544	8555591
7545	-1
7546	-1
7547	8558555
7548	-1
7549	-1
7550	8561519
7551	-1
7552	-1
7553	8564483
7554	-1
7555	-1
7556	8567447
7557	-1
7558	-1
7559	8570411
7560	-1
7561	-1
7562	8573375
7563	-1
7564	-1
7565	8576339
7566	-1
7567	-1
7568	8579303
7569	-1
7570	-1
7571	8582267
7572	-1
7573	-1
7574	8585231
7575	-1
7576	-1
7577	8588195
7578	-1
7579	-1
7580	8591159
7581	-1
7582	-1
7583	8594123
7584	-1
7585	-1
7586	8597087
7587	-1
7588	-1
7589	8600051
7590	-1
7591	8603015
7592	-1
7593	-1
7594	8605979
7595	-1
7596	-1
7597	8608943
7598	-1
7599	-1
7600	8611907
7601	-1
7602	-1
7603	8614871
7604	-1
7605	-1
7606	8617835
7607	-1
7608	-1
7609	8620799
7610	-1
7611	-1
7612	8623763
7613	-1
7614	-1
7615	8626727
7616	-1
7617	-1
7618	8629691
7619	-1
7620	-1
7621	8632655
7622	-1
7623	-1
7624	8635619
7625	-1
7626	-1
7627	8638583
7628	-1
7629	-1
7630	8641547
7631	-1
7632	-1
7633	8644511
7634	-1
7635	-1
7636	8647475
7637	-1
7638	-1
7639	8650439
7640	-1
7641	-1
7642	8653403
7643	-1
7644	-1
7645	8656367
7646	-1
7647	-1
7648	8659331
7649	-1
7650	-1
7651	8662295
7652	-1
7653	-1
7654	8665259
7655	-1
7656	-1
7657	8668223
7658	-1
7659	-1
7660	8671187
7661	-1
7662	-1
7663	8674151
7664	-1
7665	-1
7666	8677115
7667	-1
7668	-1
7669	8680079
7670	-1
7671	8683043
7672	-1
7673	-1
7674	8686007
7675	-1
7676	-1
7677	8688971
7678	-1
7679	-1
7680	8691935
7681	-1
7682	-1
7683	8694899
7684	-1
7685	-1
7686	8697863
7687	-1
7688	-1
7689	8700827
7690	-1
7691	-1
7692	8703791
7693	-1
7694	-1
7695	8706755
7696	-1
7697	-1
7698	8709719
7699	-1
7700	-1
7701	8712683
7702	-1
7703	-1
7704	8715647
7705	-1
7706	-1
7707	8718611
7708	-1
7709	-1
7710	8721575
7711	-1
7712	-1
7713	8724539
7714	-1
7715	-1
7716	8727503
7717	-1
7718	-1
7719	8730467
7720	-1
7721	-1
7722	8733431
7723	-1
7724	-1
7725	8736395
7726	-1
7727	-1
7728	8739359
7729	-1
7730	-1
7731	8742323
7732	-1
7733	-1
7734	8745287
7735	-1
7736	-1
7737	8748251
7738	-1
7739	-1
7740	8751215
7741	-1
7742	-1
7743	8754179
7744	-1
7745	-1
7746	8757143
7747	-1
7748	-1
7749	8760107
7750	-1
7751	-1
7752	8763071
7753	-1
7754	8766035
7755	-1
7756	-1
7757	8768999
7758	-1
7759	-1
7760	8771963
7761	-1
7762	-1
7763	8774927
7764	-1
7765	-1
7766	8777891
7767	-1
7768	-1
7769	8780855
7770	-1
7771	-1
7772	8783819
7773	-1
7774	-1
7775	8786783
7776	-1
7777	-1
7778	8789747
7779	-1
7780	-1
7781	8792711
7782	-1
7783	-1
7784	8795675
7785	-1
7786	-1
7787	8798639
7788	-1
7789	-1
7790	8801603
7791	-1
7792	-1
7793	8804567
7794	-1
7795	-1
7796	8807531
7797	-1
7798	-1
7799	8810495
7800	-1
7801	-1
7802	8813459
7803	-1
7804	-1
7805	8816423
7806	-1
7807	-1
7808	8819387
7809	-1
7810	-1
7811	8822351
7812	-1
7813	-1
7814	8825315
7815	-1
7816	-1
7817	8828279
7818	-1
7819	-1
7820	8831243
7821	-1
7822	-1
7823	8834207
7824	-1
7825	-1
7826	8837171
7827	-1
7828	-1
7829	8840135
7830	-1
7831	-1
7832	8843099
7833	-1
7834	-1
7835	8846063
7836	-1
7837	8849027
7838	-1
7839	-1
7840	8851991
7841	-1
7842	-1
7843	8854955
7844	-1
7845	-1
7846	8857919
7847	-1
7848	-1
7849	8860883
7850	-1
7851	-1
7852	8863847
7853	-1
7854	-1
7855	8866811
7856	-1
7857	-1
7858	8869775
7859	-1
7860	-1
7861	8872739
7862	-1
7863	-1
7864	8875703
7865	-1
7866	-1
7867	8878667
7868	-1
7869	-1
7870	8881631
7871	-1
7872	-1
7873	8884595
7874	-1
7875	-1
7876	8887559
7877	-1
7878	-1
7879	8890523
7880	-1
7881	-1
7882	8893487
7883	-1
7884	-1
7885	8896451
7886	-1
7887	-1
7888	8899415
7889	-1
7890	-1
7891	8902379
7892	-1
7893	-1
7894	8905343
7895	-1
7896	-1
7897	8908307
7898	-1
7899	-1
7900	8911271
7901	-1
7902	-1
7903	8914235
7904	-1
7905	-1
7906	8917199
7907	-1
7908	-1
7909	8920163
7910	-1
7911	-1
7912	8923127
7913	-1
7914	-1
7915	8926091
7916	-1
7917	-1
7918	8929055
7919	-1
7920	8932019
7921	-1
7922	-1
7923	8934983
7924	-1
7925	-1
7926	8937947
7927	-1
7928	-1
7929	8940911
7930	-1
7931	-1
7932	8943875
7933	-1
7934	-1
7935	8946839
7936	-1
7937	-1
7938	8949803
7939	-1
7940	-1
7941	8952767
7942	-1
7943	-1
7944	8955731
7945	-1
7946	-1
7947	8958695
7948	-1
7949	-1
7950	8961659
7951	-1
7952	-1
7953	8964623
7954	-1
7955	-1
7956	8967587
7957	-1
7958	-1
7959	8970551
7960	-1
7961	-1
7962	8973515
7963	-1
7964	-1
7965	8976479
7966	-1
7967	-1
7968	8979443
7969	-1
7970	-1
7971	8982407
7972	-1
7973	-1
7974	8985371
7975	-1
7976	-1
7977	8988335
7978	-1
7979	-1
7980	8991299
7981	-1
7982	-1
7983	8994263
7984	-1
7985	-1
7986	8997227
7987	-1
7988	-1
7989	9000191
7990	-1
7991	-1
7992	9003155
7993	-1
7994	-1
7995	9006119
7996	-1
7997	-1
7998	9009083
7999	-1
8000	-1
8001	9012047
8002	-1
8003	9015011
8004	-1
8005	-1
8006	9017975
8007	-1
8008	-1
8009	9020939
8010	-1
8011	-1
8012	9023903
8013	-1
8014	-1
8015	9026867
8016	-1
8017	-1
8018	9029831
8019	-1
8020	-1
8021	9032795
8022	-1
8023	-1
8024	9035759
8025	-1
8026	-1
8027	9038723
8028	-1
8029	-1
8030	9041687
8031	-1
8032	-1
8033	9044651
8034	-1
8035	-1
8036	9047615
8037	-1
8038	-1
8039	9050579
8040	-1
8041	-1
8042	9053543
8043	-1
8044	-1
8045	9056507
8046	-1
8047	-1
8048	9059471
8049	-1
8050	-1
8051	9062435
8052	-1
8053	-1
8054	9065399
8055	-1
8056	-1
8057	9068363
8058	-1
8059	-1
8060	9071327
8061	-1
8062	-1
8063	9074291
8064	-1
8065	-1
8066	9077255
8067	-1
8068	-1
8069	9080219
8070	-1
8071	-1
8072	9083183
8073	-1
8074	-1
8075	9086147
8076	-1
8077	-1
8078	9089111
8079	-1
8080	-1
8081	9092075
8082	-1
8083	9095039
8084	-1
8085	-1
8086	9098003
8087	-1
8088	-1
8089	9100967
8090	-1
8091	-1
8092	9103931
8093	-1
8094	-1
8095	9106895
8096	-1
8097	-1
8098	9109859
8099	-1
8100	-1
8101	9112823
8102	-1
8103	-1
8104	9115787
8105	-1
8106	-1
8107	9118751
8108	-1
8109	-1
8110	9121715
8111	-1
8112	-1
8113	9124679
8114	-1
8115	-1
8116	9127643
8117	-1
8118	-1
8119	9130607
8120	-1
8121	-1
8122	9133571
8123	-1
8124	-1
8125	9136535
8126	-1
8127	-1
8128	9139499
8129	-1
8130	-1
8131	9142463
8132	-1
8133	-1
8134	9145427
8135	-1
8136	-1
8137	9148391
8138	-1
8139	-1
8140	9151355
8141	-1
8142	-1
8143	9154319
8144	-1
8145	-1
8146	9157283
8147	-1
8148	-1
8149	9160247
8150	-1
8151	-1
8152	9163211
8153	-1
8154	-1
8155	9166175
8156	-1
8157	-1
8158	9169139
8159	-1
8160	-1
8161	9172103
8162	-1
8163	-1
8164	9175067
8165	-1
8166	9178031
8167	-1
8168	-1
8169	9180995
8170	-1
8171	-1
8172	9183959
8173	-1
8174	-1
8175	9186923
8176	-1
8177	-1
8178	9189887
8179	-1
8180	-1
8181	9192851
8182	-1
8183	-1
8184	9195815
8185	-1
8186	-1
8187	9198779
8188	-1
8189	-1
8190	9201743
8191	-1
8192	-1
8193	9204707
8194	-1
8195	-1
8196	9207671
8197	-1
8198	-1
8199	9210635
8200	-1
8201	-1
8202	9213599
8203	-1
8204	-1
8205	9216563
8206	-1
8207	-1
8208	9219527
8209	-1
8210	-1
8211	9222491
8212	-1
8213	-1
8214	9225455
8215	-1
8216	-1
8217	9228419
8218	-1
8219	-1
8220	9231383
8221	-1
8222	-1
8223	9234347
8224	-1
8225	-1
8226	9237311
8227	-1
8228	-1
8229	9240275
8230	-1
8231	-1
8232	9243239
8233	-1
8234	-1
8235	9246203
8236	-1
8237	-1
8238	9249167
8239	-1
8240	-1
8241	9252131
8242	-1
8243	-1
8244	9255095
8245	-1
8246	-1
8247	9258059
8248	-1
8249	9261023
8250	-1
8251	-1
8252	9263987
8253	-1
8254	-1
8255	9266951
8256	-1
8257	-1
8258	9269915
8259	-1
8260	-1
8261	9272879
8262	-1
8263	-1
8264	9275843
8265	-1
8266	-1
8267	9278807
8268	-1
8269	-1
8270	9281771
8271	-1
8272	-1
8273	9284735
8274	-1
8275	-1
8276	9287699
8277	-1
8278	-1
8279	9290663
8280	-1
8281	-1
8282	9293627
8283	-1
8284	-1
8285	9296591
8286	-1
8287	-1
8288	9299555
8289	-1
8290	-1
8291	9302519
8292	-1
8293	-1
8294	9305483
8295	-1
8296	-1
8297	9308447
8298	-1
8299	-1
8300	9311411
8301	-1
8302	-1
8303	9314375
8304	-1
8305	-1
8306	9317339
8307	-1
8308	-1
8309	9320303
8310	-1
8311	-1
8312	9323267
8313	-1
8314	-1
8315	9326231
8316	-1
8317	-1
8318	9329195
8319	-1
8320	-1
8321	9332159
8322	-1
8323	-1
8324	9335123
8325	-1
8326	-1
8327	9338087
8328	-1
8329	-1
8330	9341051
8331	-1
8332	9344015
8333	-1
8334	-1
8335	9346979
8336	-1
8337	-1
8338	9349943
8339	-1
8340	-1
8341	9352907
8342	-1
8343	-1
8344	9355871
8345	-1
8346	-1
8347	9358835
8348	-1
8349	-1
8350	9361799
8351	-1
8352	-1
8353	9364763
8354	-1
8355	-1
8356	9367727
8357	-1
8358	-1
8359	9370691
8360	-1
8361	-1
8362	9373655
8363	-1
8364	-1
8365	9376619
8366	-1
8367	-1
8368	9379583
8369	-1
8370	-1
8371	9382547
8372	-1
8373	-1
8374	9385511
8375	-1
8376	-1
8377	9388475
8378	-1
8379	-1
8380	9391439
8381	-1
8382	-1
8383	9394403
8384	-1
8385	-1
8386	9397367
8387	-1
8388	-1
8389	9400331
8390	-1
8391	-1
8392	9403295
8393	-1
8394	-1
8395	9406259
8396	-1
8397	-1
8398	9409223
8399	-1
8400	-1
8401	9412187
8402	-1
8403	-1
8404	9415151
8405	-1
8406	-1
8407	9418115
8408	-1
8409	-1
8410	9421079
8411	-1
8412	9424043
8413	-1
8414	-1
8415	9427007
8416	-1
8417	-1
8418	9429971
8419	-1
8420	-1
8421	9432935
8422	-1
8423	-1
8424	9435899
8425	-1
8426	-1
8427	9438863
8428	-1
8429	-1
8430	9441827
8431	-1
8432	-1
8433	9444791
8434	-1
8435	-1
8436	9447755
8437	-1
8438	-1
8439	9450719
8440	-1
8441	-1
8442	9453683
8443	-1
8444	-1
8445	9456647
8446	-1
8447	-1
8448	9459611
8449	-1
8450	-1
8451	9462575
8452	-1
8453	-1
8454	9465539
8455	-1
8456	-1
8457	9468503
8458	-1
8459	-1
8460	9471467
8461	-1
8462	-1
8463	9474431
8464	-1
8465	-1
8466	9477395
8467	-1
8468	-1
8469	9480359
8470	-1
8471	-1
8472	9483323
8473	-1
8474	-1
8475	9486287
8476	-1
8477	-1
8478	9489251
8479	-1
8480	-1
8481	9492215
8482	-1
8483	-1
8484	9495179
8485	-1
8486	-1
8487	9498143
8488	-1
8489	-1
8490	9501107
8491	-1
8492	-1
8493	9504071
8494	-1
8495	9507035
8496	-1
8497	-1
8498	9509999
8499	-1
8500	-1
8501	9512963
8502	-1
8503	-1
8504	9515927
8505	-1
8506	-1
8507	9518891
8508	-1
8509	-1
8510	9521855
8511	-1
8512	-1
8513	9524819
8514	-1
8515	-1
8516	9527783
8517	-1
8518	-1
8519	9530747
8520	-1
8521	-1
8522	9533711
8523	-1
8524	-1
8525	9536675
8526	-1
8527	-1
8528	9539639
8529	-1
8530	-1
8531	9542603
8532	-1
8533	-1
8534	9545567
8535	-1
8536	-1
8537	9548531
8538	-1
8539	-1
8540	9551495
8541	-1
8542	-1
8543	9554459
8544	-1
8545	-1
8546	9557423
8547	-1
8548	-1
8549	9560387
8550	-1
8551	-1
8552	9563351
8553	-1
8554	-1
8555	9566315
8556	-1
8557	-1
8558	9569279
8559	-1
8560	-1
8561	9572243
8562	-1
8563	-1
8564	9575207
8565	-1
8566	-1
8567	9578171
8568	-1
8569	-1
8570	9581135
8571	-1
8572	-1
8573	9584099
8574	-1
8575	-1
8576	9587063
8577	-1
8578	9590027
8579	-1
8580	-1
8581	9592991
8582	-1
8583	-1
8584	9595955
8585	-1
8586	-1
8587	9598919
8588	-1
8589	-1
8590	9601883
8591	-1
8592	-1
8593	9604847
8594	-1
8595	-1
8596	9607811
8597	-1
8598	-1
8599	9610775
8600	-1
8601	-1
8602	9613739
8603	-1
8604	-1
8605	9616703
8606	-1
8607	-1
8608	9619667
8609	-1
8610	-1
8611	9622631
8612	-1
8613	-1
8614	9625595
8615	-1
8616	-1
8617	9628559
8618	-1
8619	-1
8620	9631523
8621	-1
8622	-1
8623	9634487
8624	-1
8625	-1
8626	9637451
8627	-1
8628	-1
8629	9640415
8630	-1
8631	-1
8632	9643379
8633	-1
8634	-1
8635	9646343
8636	-1
8637	-1
8638	9649307
8639	-1
8640	-1
8641	9652271
8642	-1
8643	-1
8644	9655235
8645	-1
8646	-1
8647	9658199
8648	-1
8649	-1
8650	9661163
8651	-1
8652	-1
8653	9664127
8654	-1
8655	-1
8656	9667091
8657	-1
8658	-1
8659	9670055
8660	-1
8661	9673019
8662	-1
8663	-1
8664	9675983
8665	-1
8666	-1
8667	9678947
8668	-1
8669	-1
8670	9681911
8671	-1
8672	-1
8673	9684875
8674	-1
8675	-1
8676	9687839
8677	-1
8678	-1
8679	9690803
8680	-1
8681	-1
8682	9693767
8683	-1
8684	-1
8685	9696731
8686	-1
8687	-1
8688	9699695
8689	-1
8690	-1
8691	9702659
8692	-1
8693	-1
8694	9705623
8695	-1
8696	-1
8697	9708587
8698	-1
8699	-1
8700	9711551
8701	-1
8702	-1
8703	9714515
8704	-1
8705	-1
8706	9717479
8707	-1
8708	-1
8709	9720443
8710	-1
8711	-1
8712	9723407
8713	-1
8714	-1
8715	9726371
8716	-1
8717	-1
8718	9729335
8719	-1
8720	-1
8721	9732299
8722	-1
8723	-1
8724	9735263
8725	-1
8726	-1
8727	9738227
8728	-1
8729	-1
8730	9741191
8731	-1
8732	-1
8733	9744155
8734	-1
8735	-1
8736	9747119
8737	-1
8738	-1
8739	9750083
8740	-1
8741	-1
8742	9753047
8743	-1
8744	9756011
8745	-1
8746	-1
8747	9758975
8748	-1
8749	-1
8750	9761939
8751	-1
8752	-1
8753	9764903
8754	-1
8755	-1
8756	9767867
8757	-1
8758	-1
8759	9770831
8760	-1
8761	-1
8762	9773795
8763	-1
8764	-1
8765	9776759
8766	-1
8767	-1
8768	9779723
8769	-1
8770	-1
8771	9782687
8772	-1
8773	-1
8774	9785651
8775	-1
8776	-1
8777	9788615
8778	-1
8779	-1
8780	9791579
8781	-1
8782	-1
8783	9794543
8784	-1
8785	-1
8786	9797507
8787	-1
8788	-1
8789	9800471
8790	-1
8791	-1
8792	9803435
8793	-1
8794	-1
8795	9806399
8796	-1
8797	-1
8798	9809363
8799	-1
8800	-1
8801	9812327
8802	-1
8803	-1
8804	9815291
8805	-1
8806	-1
8807	9818255
8808	-1
8809	-1
8810	9821219
8811	-1
8812	-1
8813	9824183
8814	-1
8815	-1
8816	9827147
8817	-1
8818	-1
8819	9830111
8820	-1
8821	-1
8822	9833075
8823	-1
8824	9836039
8825	-1
8826	-1
8827	9839003
8828	-1
8829	-1
8830	9841967
8831	-1
8832	-1
8833	9844931
8834	-1
8835	-1
8836	9847895
8837	-1
8838	-1
8839	9850859
8840	-1
8841	-1
8842	9853823
8843	-1
8844	-1
8845	9856787
8846	-1
8847	-1
8848	9859751
8849	-1
8850	-1
8851	9862715
8852	-1
8853	-1
8854	9865679
8855	-1
8856	-1
8857	9868643
8858	-1
8859	-1
8860	9871607
8861	-1
8862	-1
8863	9874571
8864	-1
8865	-1
8866	9877535
8867	-1
8868	-1
8869	9880499
8870	-1
8871	-1
8872	9883463
8873	-1
8874	-1
8875	9886427
8876	-1
8877	-1
8878	9889391
8879	-1
8880	-1
8881	9892355
8882	-1
8883	-1
8884	9895319
8885	-1
8886	-1
8887	9898283
8888	-1
8889	-1
8890	9901247
8891	-1
8892	-1
8893	9904211
8894	-1
8895	-1
8896	9907175
8897	-1
8898	-1
8899	9910139
8900	-1
8901	-1
8902	9913103
8903	-1
8904	-1
8905	9916067
8906	-1
8907	9919031
8908	-1
8909	-1
8910	9921995
8911	-1
8912	-1
8913	9924959
8914	-1
8915	-1
8916	9927923
8917	-1
8918	-1
8919	9930887
8920	-1
8921	-1
8922	9933851
8923	-1
8924	-1
8925	9936815
8926	-1
8927	-1
8928	9939779
8929	-1
8930	-1
8931	9942743
8932	-1
8933	-1
8934	9945707
8935	-1
8936	-1
8937	9948671
8938	-1
8939	-1
8940	9951635
8941	-1
8942	-1
8943	9954599
8944	-1
8945	-1
8946	9957563
8947	-1
8948	-1
8949	9960527
8950	-1
8951	-1
8952	9963491
8953	-1
8954	-1
8955	9966455
8956	-1
8957	-1
8958	9969419
8959	-1
8960	-1
8961	9972383
8962	-1
8963	-1
8964	9975347
8965	-1
8966	-1
8967	9978311
8968	-1
8969	-1
8970	9981275
8971	-1
8972	-1
8973	9984239
8974	-1
8975	-1
8976	9987203
8977	-1
8978	-1
8979	9990167
8980	-1
8981	-1
8982	9993131
8983	-1
8984	-1
8985	9996095
8986	-1
8987	-1
8988	9999059
8989	-1
8990	-1
8991	-1
8992	-1
8993	-1
8994	-1
8995	-1
8996	-1
8997	-1
8998	-1
8999	-1
9000	-1
9001	-1
9002	-1
9003	-1
9004	-1
9005	-1
9006	-1
9007	-1
9008	-1
9009	-1
9010	-1
9011	-1
9012	-1
9013	-1
9014	-1
9015	-1
9016	-1
9017	-1
9018	-1
9019	-1
9020	-1
9021	-1
9022	-1
9023	-1
9024	-1
9025	-1
9026	-1
9027	-1
9028	-1
9029	-1
9030	-1
9031	-1
9032	-1
9033	-1
9034	-1
9035	-1
9036	-1
9037	-1
9038	-1
9039	-1
9040	-1
9041	-1
9042	-1
9043	-1
9044	-1
9045	-1
9046	-1
9047	-1
9048	-1
9049	-1
9050	-1
9051	-1
9052	-1
9053	-1
9054	-1
9055	-1
9056	-1
9057	-1
9058	-1
9059	-1
9060	-1
9061	-1
9062	-1
9063	-1
9064	-1
9065	-1
9066	-1
9067	-1
9068	-1
9069	-1
9070	-1
9071	-1
9072	-1
9073	-1
9074	-1
9075	-1
9076	-1
9077	-1
9078	-1
9079	-1
9080	-1
9081	-1
9082	-1
9083	-1
9084	-1
9085	-1
9086	-1
9087	-1
9088	-1
9089	-1
9090	-1
9091	-1
9092	-1
9093	-1
9094	-1
9095	-1
9096	-1
9097	-1
9098	-1
9099	-1
9100	-1
9101	-1
9102	-1
9103	-1
9104	-1
9105	-1
9106	-1
9107	-1
9108	-1
9109	-1
9110	-1
9111	-1
9112	-1
9113	-1
9114	-1
9115	-1
9116	-1
9117	-1
9118	-1
9119	-1
9120	-1
9121	-1
9122	-1
9123	-1
9124	-1
9125	-1
9126	-1
9127	-1
9128	-1
9129	-1
9130	-1
9131	-1
9132	-1
9133	-1
9134	-1
9135	-1
9136	-1
9137	-1
9138	-1
9139	-1
9140	-1
9141	-1
9142	-1
9143	-1
9144	-1
9145	-1
9146	-1
9147	-1
9148	-1
9149	-1
9150	-1
9151	-1
9152	-1
9153	-1
9154	-1
9155	-1
9156	-1
9157	-1
9158	-1
9159	-1
9160	-1
9161	-1
9162	-1
9163	-1
9164	-1
9165	-1
9166	-1
9167	-1
9168	-1
9169	-1
9170	-1
9171	-1
9172	-1
9173	-1
9174	-1
9175	-1
9176	-1
9177	-1
9178	-1
9179	-1
9180	-1
9181	-1
9182	-1
9183	-1
9184	-1
9185	-1
9186	-1
9187	-1
9188	-1
9189	-1
9190	-1
9191	-1
9192	-1
9193	-1
9194	-1
9195	-1
9196	-1
9197	-1
9198	-1
9199	-1
9200	-1
9201	-1
9202	-1
9203	-1
9204	-1
9205	-1
9206	-1
9207	-1
9208	-1
9209	-1
9210	-1
9211	-1
9212	-1
9213	-1
9214	-1
9215	-1
9216	-1
9217	-1
9218	-1
9219	-1
9220	-1
9221	-1
9222	-1
9223	-1
9224	-1
9225	-1
9226	-1
9227	-1
9228	-1
9229	-1
9230	-1
9231	-1
9232	-1
9233	-1
9234	-1
9235	-1
9236	-1
9237	-1
9238	-1
9239	-1
9240	-1
9241	-1
9242	-1
9243	-1
9244	-1
9245	-1
9246	-1
9247	-1
9248	-1
9249	-1
9250	-1
9251	-1
9252	-1
9253	-1
9254	-1
9255	-1
9256	-1
9257	-1
9258	-1
9259	-1
9260	-1
9261	-1
9262	-1
9263	-1
9264	-1
9265	-1
9266	-1
9267	-1
9268	-1
9269	-1
9270	-1
9271	-1
9272	-1
9273	-1
9274	-1
9275	-1
9276	-1
9277	-1
9278	-1
9279	-1
9280	-1
9281	-1
9282	-1
9283	-1
9284	-1
9285	-1
9286	-1
9287	-1
9288	-1
9289	-1
9290	-1
9291	-1
9292	-1
9293	-1
9294	-1
9295	-1
9296	-1
9297	-1
9298	-1
9299	-1
9300	-1
9301	-1
9302	-1
9303	-1
9304	-1
9305	-1
9306	-1
9307	-1
9308	-1
9309	-1
9310	-1
9311	-1
9312	-1
9313	-1
9314	-1
9315	-1
9316	-1
9317	-1
9318	-1
9319	-1
9320	-1
9321	-1
9322	-1
9323	-1
9324	-1
9325	-1
9326	-1
9327	-1
9328	-1
9329	-1
9330	-1
9331	-1
9332	-1
9333	-1
9334	-1
9335	-1
9336	-1
9337	-1
9338	-1
9339	-1
9340	-1
9341	-1
9342	-1
9343	-1
9344	-1
9345	-1
9346	-1
9347	-1
9348	-1
9349	-1
9350	-1
9351	-1
9352	-1
9353	-1
9354	-1
9355	-1
9356	-1
9357	-1
9358	-1
9359	-1
9360	-1
9361	-1
9362	-1
9363	-1
9364	-1
9365	-1
9366	-1
9367	-1
9368	-1
9369	-1
9370	-1
9371	-1
9372	-1
9373	-1
9374	-1
9375	-1
9376	-1
9377	-1
9378	-1
9379	-1
9380	-1
9381	-1
9382	-1
9383	-1
9384	-1
9385	-1
9386	-1
9387	-1
9388	-1
9389	-1
9390	-1
9391	-1
9392	-1
9393	-1
9394	-1
9395	-1
9396	-1
9397	-1
9398	-1
9399	-1
9400	-1
9401	-1
9402	-1
9403	-1
9404	-1
9405	-1
9406	-1
9407	-1
9408	-1
9409	-1
9410	-1
9411	-1
9412	-1
9413	-1
9414	-1
9415	-1
9416	-1
9417	-1
9418	-1
9419	-1
9420	-1
9421	-1
9422	-1
9423	-1
9424	-1
9425	-1
9426	-1
9427	-1
9428	-1
9429	-1
9430	-1
9431	-1
9432	-1
9433	-1
9434	-1
9435	-1
9436	-1
9437	-1
9438	-1
9439	-1
9440	-1
9441	-1
9442	-1
9443	-1
9444	-1
9445	-1
9446	-1
9447	-1
9448	-1
9449	-1
9450	-1
9451	-1
9452	-1
9453	-1
9454	-1
9455	-1
9456	-1
9457	-1
9458	-1
9459	-1
9460	-1
9461	-1
9462	-1
9463	-1
9464	-1
9465	-1
9466	-1
9467	-1
9468	-1
9469	-1
9470	-1
9471	-1
9472	-1
9473	-1
9474	-1
9475	-1
9476	-1
9477	-1
9478	-1
9479	-1
9480	-1
9481	-1
9482	-1
9483	-1
9484	-1
9485	-1
9486	-1
9487	-1
9488	-1
9489	-1
9490	-1
9491	-1
9492	-1
9493	-1
9494	-1
9495	-1
9496	-1
9497	-1
9498	-1
9499	-1
9500	-1
9501	-1
9502	-1
9503	-1
9504	-1
9505	-1
9506	-1
9507	-1
9508	-1
9509	-1
9510	-1
9511	-1
9512	-1
9513	-1
9514	-1
9515	-1
9516	-1
9517	-1
9518	-1
9519	-1
9520	-1
9521	-1
9522	-1
9523	-1
9524	-1
9525	-1
9526	-1
9527	-1
9528	-1
9529	-1
9530	-1
9531	-1
9532	-1
9533	-1
9534	-1
9535	-1
9536	-1
9537	-1
9538	-1
9539	-1
9540	-1
9541	-1
9542	-1
9543	-1
9544	-1
9545	-1
9546	-1
9547	-1
9548	-1
9549	-1
9550	-1
9551	-1
9552	-1
9553	-1
9554	-1
9555	-1
9556	-1
9557	-1
9558	-1
9559	-1
9560	-1
9561	-1
9562	-1
9563	-1
9564	-1
9565	-1
9566	-1
9567	-1
9568	-1
9569	-1
9570	-1
9571	-1
9572	-1
9573	-1
9574	-1
9575	-1
9576	-1
9577	-1
9578	-1
9579	-1
9580	-1
9581	-1
9582	-1
9583	-1
9584	-1
9585	-1
9586	-1
9587	-1
9588	-1
9589	-1
9590	-1
9591	-1
9592	-1
9593	-1
9594	-1
9595	-1
9596	-1
9597	-1
9598	-1
9599	-1
9600	-1
9601	-1
9602	-1
9603	-1
9604	-1
9605	-1
9606	-1
9607	-1
9608	-1
9609	-1
9610	-1
9611	-1
9612	-1
9613	-1
9614	-1
9615	-1
9616	-1
9617	-1
9618	-1
9619	-1
9620	-1
9621	-1
9622	-1
9623	-1
9624	-1
9625	-1
9626	-1
9627	-1
9628	-1
9629	-1
9630	-1
9631	-1
9632	-1
9633	-1
9634	-1
9635	-1
9636	-1
9637	-1
9638	-1
9639	-1
9640	-1
9641	-1
9642	-1
9643	-1
9644	-1
9645	-1
9646	-1
9647	-1
9648	-1
9649	-1
9650	-1
9651	-1
9652	-1
9653	-1
9654	-1
9655	-1
9656	-1
9657	-1
9658	-1
9659	-1
9660	-1
9661	-1
9662	-1
9663	-1
9664	-1
9665	-1
9666	-1
9667	-1
9668	-1
9669	-1
9670	-1
9671	-1
9672	-1
9673	-1
9674	-1
9675	-1
9676	-1
9677	-1
9678	-1
9679	-1
9680	-1
9681	-1
9682	-1
9683	-1
9684	-1
9685	-1
9686	-1
9687	-1
9688	-1
9689	-1
9690	-1
9691	-1
9692	-1
9693	-1
9694	-1
9695	-1
9696	-1
9697	-1
9698	-1
9699	-1
9700	-1
9701	-1
9702	-1
9703	-1
9704	-1
9705	-1
9706	-1
9707	-1
9708	-1
9709	-1
9710	-1
9711	-1
9712	-1
9713	-1
9714	-1
9715	-1
9716	-1
9717	-1
9718	-1
9719	-1
9720	-1
9721	-1
9722	-1
9723	-1
9724	-1
9725	-1
9726	-1
9727	-1
9728	-1
9729	-1
9730	-1
9731	-1
9732	-1
9733	-1
9734	-1
9735	-1
9736	-1
9737	-1
9738	-1
9739	-1
9740	-1
9741	-1
9742	-1
9743	-1
9744	-1
9745	-1
9746	-1
9747	-1
9748	-1
9749	-1
9750	-1
9751	-1
9752	-1
9753	-1
9754	-1
9755	-1
9756	-1
9757	-1
9758	-1
9759	-1
9760	-1
9761	-1
9762	-1
9763	-1
9764	-1
9765	-1
9766	-1
9767	-1
9768	-1
9769	-1
9770	-1
9771	-1
9772	-1
9773	-1
9774	-1
9775	-1
9776	-1
9777	-1
9778	-1
9779	-1
9780	-1
9781	-1
9782	-1
9783	-1
9784	-1
9785	-1
9786	-1
9787	-1
9788	-1
9789	-1
9790	-1
9791	-1
9792	-1
9793	-1
9794	-1
9795	-1
9796	-1
9797	-1
9798	-1
9799	-1
9800	-1
9801	-1
9802	-1
9803	-1
9804	-1
9805	-1
9806	-1
9807	-1
9808	-1
9809	-1
9810	-1
9811	-1
9812	-1
9813	-1
9814	-1
9815	-1
9816	-1
9817	-1
9818	-1
9819	-1
9820	-1
9821	-1
9822	-1
9823	-1
9824	-1
9825	-1
9826	-1
9827	-1
9828	-1
9829	-1
9830	-1
9831	-1
9832	-1
9833	-1
9834	-1
9835	-1
9836	-1
9837	-1
9838	-1
9839	-1
9840	-1
9841	-1
9842	-1
9843	-1
9844	-1
9845	-1
9846	-1
9847	-1
9848	-1
9849	-1
9850	-1
9851	-1
9852	-1
9853	-1
9854	-1
9855	-1
9856	-1
9857	-1
9858	-1
9859	-1
9860	-1
9861	-1
9862	-1
9863	-1
9864	-1
9865	-1
9866	-1
9867	-1
9868	-1
9869	-1
9870	-1
9871	-1
9872	-1
9873	-1
9874	-1
9875	-1
9876	-1
9877	-1
9878	-1
9879	-1
9880	-1
9881	-1
9882	-1
9883	-1
9884	-1
9885	-1
9886	-1
9887	-1
9888	-1
9889	-1
9890	-1
9891	-1
9892	-1
9893	-1
9894	-1
9895	-1
9896	-1
9897	-1
9898	-1
9899	-1
9900	-1
9901	-1
9902	-1
9903	-1
9904	-1
9905	-1
9906	-1
9907	-1
9908	-1
9909	-1
9910	-1
9911	-1
9912	-1
9913	-1
9914	-1
9915	-1
9916	-1
9917	-1
9918	-1
9919	-1
9920	-1
9921	-1
9922	-1
9923	-1
9924	-1
9925	-1
9926	-1
9927	-1
9928	-1
9929	-1
9930	-1
9931	-1
9932	-1
9933	-1
9934	-1
9935	-1
9936	-1
9937	-1
9938	-1
9939	-1
9940	-1
9941	-1
9942	-1
9943	-1
9944	-1
9945	-1
9946	-1
9947	-1
9948	-1
9949	-1
9950	-1
9951	-1
9952	-1
9953	-1
9954	-1
9955	-1
9956	-1
9957	-1
9958	-1
9959	-1
9960	-1
9961	-1
9962	-1
9963	-1
9964	-1
9965	-1
9966	-1
9967	-1
9968	-1
9969	-1
9970	-1
9971	-1
9972	-1
9973	-1
9974	-1
9975	-1
9976	-1
9977	-1
9978	-1
9979	-1
9980	-1
9981	-1
9982	-1
9983	-1
9984	-1
9985	-1
9986	-1
9987	-1
9988	-1
9989	-1
9990	-1
9991	-1
9992	-1
9993	-1
9994	-1
9995	-1
9996	-1
9997	-1
9998	-1
9999	-1
