0	1006527
1	1007408
2	1008408
3	1009408
4	1010404
5	1011408
6	1012408
7	1013408
8	1014408
9	1015404
10	1016404
11	1017408
12	1018408
13	1019404
14	1020404
15	1021408
16	1022408
17	1023400
18	1024408
19	1025408
20	1026408
21	1027408
22	1028408
23	1029408
24	1030404
25	1031404
26	1032404
27	1033408
28	1034404
29	1035404
30	1036404
31	1037408
32	1038404
33	1039408
34	1040408
35	1041408
36	1042408
37	1043408
38	1044408
39	1045408
40	1046408
41	1047404
42	1048408
43	1049408
44	1050404
45	1051404
46	1052408
47	1053408
48	1054404
49	1055404
50	1056408
51	1057408
52	1058408
53	1059408
54	1060408
55	1061408
56	1062408
57	1063404
58	1064408
59	1065408
60	1066404
61	1067408
62	1068408
63	1069404
64	1070404
65	1071408
66	1072408
67	1073408
68	1074408
69	1075408
70	1076408
71	1077408
72	1078408
73	1079408
74	1080408
75	1081408
76	1082404
77	1083408
78	1084408
79	1085408
80	1086404
81	1087408
82	1088404
83	1089408
84	1090400
85	1091408
86	1092408
87	1093408
88	1094408
89	1095408
90	1096408
91	1097408
92	1098408
93	1099408
94	1100404
95	1101408
96	1102408
97	1103408
98	1104404
99	1105408
100	1106408
101	1107408
102	1108408
103	1109408
104	1110408
105	1111408
106	1112408
107	1113408
108	1114408
109	1115408
110	1116404
111	1117408
112	1118408
113	1119404
114	1120404
115	1121408
116	1122408
117	1123408
118	1124408
119	1125408
120	1126408
121	1127408
122	1128408
123	1129408
124	1130408
125	1131404
126	1132404
127	1133408
128	1134408
129	1135404
130	1136404
131	1137408
132	1138408
133	1139404
134	1140408
135	1141408
136	1142408
137	1143408
138	1144408
139	1145408
140	1146408
141	1147404
142	1148404
143	1149408
144	1150408
145	1151408
146	1152408
147	1153408
148	1154408
149	1155408
150	1156408
151	1157408
152	1158408
153	1159408
154	1160408
155	1161408
156	1162408
157	1163408
158	1164408
159	1165408
160	1166408
161	1167408
162	1168408
163	1169408
164	1170408
165	1171408
166	1172408
167	1173408
168	1174408
169	1175408
170	1176408
171	1177408
172	1178408
173	1179408
174	1180408
175	1181408
176	1182408
177	1183408
178	1184408
179	1185408
180	1186408
181	1187408
182	1188408
183	1189408
184	1190408
185	1191408
186	1192408
187	1193408
188	1194408
189	1195408
190	1196408
191	1197408
192	1198408
193	1199408
194	1200408
195	1201408
196	1202408
197	1203408
198	1204408
199	1205408
200	1206408
201	1207408
202	1208408
203	1209408
204	1210408
205	1211408
206	1212408
207	1213408
208	1214408
209	1215408
210	1216408
211	1217408
212	1218408
213	1219408
214	1220408
215	1221408
216	1222408
217	1223408
218	1224408
219	1225408
220	1226408
221	1227408
222	1228408
223	1229408
224	1230408
225	1231408
226	1232408
227	1233408
228	1234408
229	1235408
230	1236408
231	1237408
232	1238408
233	1239408
234	1240408
235	1241408
236	1242408
237	1243408
238	1244408
239	1245408
240	1246408
241	1247408
242	1248408
243	1249408
244	1250408
245	1251408
246	1252408
247	1253408
248	1254408
249	1255408
250	1256408
251	1257408
252	1258408
253	1259408
254	1260408
255	1261408
256	1262412
257	1263412
258	1264412
259	1265412
260	1266408
261	1267412
262	1268412
263	1269412
264	1270412
265	1271412
266	1272412
267	1273412
268	1274412
269	1275412
270	1276412
271	1277412
272	1278412
273	1279404
274	1280412
275	1281412
276	1282412
277	1283412
278	1284412
279	1285412
280	1286412
281	1287412
282	1288412
283	1289412
284	1290412
285	1291412
286	1292412
287	1293412
288	1294412
289	1295412
290	1296412
291	1297412
292	1298412
293	1299412
294	1300412
295	1301412
296	1302412
297	1303412
298	1304412
299	1305412
300	1306412
301	1307412
302	1308412
303	1309412
304	1310412
305	1311412
306	1312412
307	1313412
308	1314412
309	1315412
310	1316412
311	1317412
312	1318412
313	1319412
314	1320412
315	1321412
316	1322412
317	1323412
318	1324412
319	1325412
320	1326412
321	1327412
322	1328412
323	1329412
324	1330412
325	1331412
326	1332412
327	1333412
328	1334412
329	1335412
330	1336412
331	1337412
332	1338412
333	1339412
334	1340412
335	1341412
336	1342412
337	1343412
338	1344412
339	1345412
340	1346408
341	1347412
342	1348412
343	1349412
344	1350412
345	1351412
346	1352412
347	1353412
348	1354412
349	1355412
350	1356412
351	1357412
352	1358412
353	1359412
354	1360412
355	1361412
356	1362412
357	1363412
358	1364412
359	1365412
360	1366412
361	1367412
362	1368412
363	1369412
364	1370412
365	1371412
366	1372412
367	1373412
368	1374412
369	1375412
370	1376412
371	1377412
372	1378412
373	1379412
374	1380412
375	1381412
376	1382412
377	1383412
378	1384412
379	1385412
380	1386412
381	1387412
382	1388412
383	1389412
384	1390412
385	1391412
386	1392412
387	1393412
388	1394412
389	1395412
390	1396412
391	1397412
392	1398412
393	1399412
394	1400412
395	1401412
396	1402412
397	1403412
398	1404412
399	1405412
400	1406412
401	1407412
402	1408412
403	1409412
404	1410412
405	1411412
406	1412412
407	1413412
408	1414412
409	1415412
410	1416412
411	1417412
412	1418412
413	1419412
414	1420412
415	1421412
416	1422412
417	1423412
418	1424412
419	1425412
420	1426412
421	1427412
422	1428412
423	1429412
424	1430412
425	1431412
426	1432412
427	1433412
428	1434412
429	1435412
430	1436412
431	1437412
432	1438412
433	1439412
434	1440412
435	1441412
436	1442412
437	1443412
438	1444412
439	1445412
440	1446412
441	1447412
442	1448412
443	1449412
444	1450412
445	1451412
446	1452412
447	1453412
448	1454412
449	1455412
450	1456412
451	1457412
452	1458412
453	1459412
454	1460412
455	1461412
456	1462412
457	1463412
458	1464412
459	1465412
460	1466412
461	1467412
462	1468412
463	1469412
464	1470412
465	1471412
466	1472412
467	1473412
468	1474412
469	1475412
470	1476412
471	1477412
472	1478412
473	1479412
474	1480412
475	1481412
476	1482412
477	1483412
478	1484412
479	1485412
480	1486412
481	1487412
482	1488412
483	1489412
484	1490412
485	1491412
486	1492412
487	1493412
488	1494412
489	1495412
490	1496412
491	1497412
492	1498412
493	1499412
494	1500412
495	1501412
496	1502412
497	1503412
498	1504412
499	1505412
