0	1009655
1	1013019
2	1016383
3	1019747
4	1023111
5	1026475
6	1029839
7	1033203
8	1036567
9	1039931
10	1043295
11	1046659
12	1050023
13	1053387
14	1056751
15	1060115
16	1063479
17	1066843
18	1070207
19	1073571
20	1076935
21	1080299
22	1083663
23	1087027
24	1090391
25	1093755
26	1097119
27	1100483
28	1103847
29	1107211
30	1110575
31	1113939
32	1117303
33	1120667
34	1124031
35	1127395
36	1130759
37	1134123
38	1137487
39	1140851
40	1144215
41	1147579
42	1150943
43	1154307
44	1157671
45	1161035
46	1164399
47	1167763
48	1171127
49	1174491
50	1177855
51	1181219
52	1184583
53	1187947
54	1191311
55	1194675
56	1198039
57	1201403
58	1204767
59	1208131
60	1211495
61	1214859
62	1218223
63	1221587
64	1224951
65	1228315
66	1231679
67	1235043
68	1238407
69	1241771
70	1245135
71	1248499
72	1251863
73	1255227
74	1258591
75	1261955
76	1265319
77	1268683
78	1272047
79	1275411
80	1278775
81	1282139
82	1285503
83	1288867
84	1292231
85	1295595
86	-1
87	-1
88	1298959
89	-1
90	-1
91	1302323
92	-1
93	-1
94	-1
95	1305687
96	-1
97	-1
98	1309051
99	-1
100	-1
101	-1
102	1312415
103	-1
104	-1
105	1315779
106	-1
107	-1
108	1319143
109	-1
110	-1
111	-1
112	1322507
113	-1
114	-1
115	1325871
116	-1
117	-1
118	1329235
119	-1
120	-1
121	-1
122	1332599
123	-1
124	-1
125	1335963
126	-1
127	-1
128	1339327
129	-1
130	-1
131	-1
132	1342691
133	-1
134	-1
135	1346055
136	-1
137	-1
138	-1
139	1349419
140	-1
141	-1
142	1352783
143	-1
144	-1
145	1356147
146	-1
147	-1
148	-1
149	1359511
150	-1
151	-1
152	1362875
153	-1
154	-1
155	1366239
156	-1
157	-1
158	-1
159	1369603
160	-1
161	-1
162	1372967
163	-1
164	-1
165	1376331
166	-1
167	-1
168	-1
169	1379695
170	-1
171	-1
172	1383059
173	-1
174	-1
175	-1
176	1386423
177	-1
178	-1
179	1389787
180	-1
181	-1
182	1393151
183	-1
184	-1
185	-1
186	1396515
187	-1
188	-1
189	1399879
190	-1
191	-1
192	1403243
193	-1
194	-1
195	-1
196	1406607
197	-1
198	-1
199	1409971
200	-1
201	-1
202	1413335
203	-1
204	-1
205	-1
206	1416699
207	-1
208	-1
209	1420063
210	-1
211	-1
212	-1
213	1423427
214	-1
215	-1
216	1426791
217	-1
218	-1
219	1430155
220	-1
221	-1
222	-1
223	1433519
224	-1
225	-1
226	1436883
227	-1
228	-1
229	1440247
230	-1
231	-1
232	-1
233	1443611
234	-1
235	-1
236	1446975
237	-1
238	-1
239	-1
240	1450339
241	-1
242	-1
243	1453703
244	-1
245	-1
246	1457067
247	-1
248	-1
249	-1
250	1460431
251	-1
252	-1
253	1463795
254	-1
255	-1
256	1467159
257	-1
258	-1
259	-1
260	1470523
261	-1
262	-1
263	1473887
264	-1
265	-1
266	1477251
267	-1
268	-1
269	-1
270	1480615
271	-1
272	-1
273	1483979
274	-1
275	-1
276	-1
277	1487343
278	-1
279	-1
280	1490707
281	-1
282	-1
283	1494071
284	-1
285	-1
286	-1
287	1497435
288	-1
289	-1
290	1500799
291	-1
292	-1
293	1504163
294	-1
295	-1
296	-1
297	1507527
298	-1
299	-1
300	1510891
301	-1
302	-1
303	1514255
304	-1
305	-1
306	-1
307	1517619
308	-1
309	-1
310	1520983
311	-1
312	-1
313	-1
314	1524347
315	-1
316	-1
317	1527711
318	-1
319	-1
320	1531075
321	-1
322	-1
323	-1
324	1534439
325	-1
326	-1
327	1537803
328	-1
329	-1
330	1541167
331	-1
332	-1
333	-1
334	1544531
335	-1
336	-1
337	1547895
338	-1
339	-1
340	1551259
341	-1
342	-1
343	-1
344	1554623
345	-1
346	-1
347	1557987
348	-1
349	-1
350	-1
351	1561351
352	-1
353	-1
354	1564715
355	-1
356	-1
357	1568079
358	-1
359	-1
360	-1
361	1571443
362	-1
363	-1
364	1574807
365	-1
366	-1
367	1578171
368	-1
369	-1
370	-1
371	1581535
372	-1
373	-1
374	1584899
375	-1
376	-1
377	1588263
378	-1
379	-1
380	-1
381	1591627
382	-1
383	-1
384	1594991
385	-1
386	-1
387	-1
388	1598355
389	-1
390	-1
391	1601719
392	-1
393	-1
394	1605083
395	-1
396	-1
397	-1
398	1608447
399	-1
400	-1
401	1611811
402	-1
403	-1
404	1615175
405	-1
406	-1
407	-1
408	1618539
409	-1
410	-1
411	1621903
412	-1
413	-1
414	1625267
415	-1
416	-1
417	-1
418	1628631
419	-1
420	-1
421	1631995
422	-1
423	-1
424	-1
425	1635359
426	-1
427	-1
428	1638723
429	-1
430	-1
431	1642087
432	-1
433	-1
434	-1
435	1645451
436	-1
437	-1
438	1648815
439	-1
440	-1
441	1652179
442	-1
443	-1
444	-1
445	1655543
446	-1
447	-1
448	1658907
449	-1
450	-1
451	1662271
452	-1
453	-1
454	-1
455	1665635
456	-1
457	-1
458	1668999
459	-1
460	-1
461	-1
462	1672363
463	-1
464	-1
465	1675727
466	-1
467	-1
468	1679091
469	-1
470	-1
471	-1
472	1682455
473	-1
474	-1
475	1685819
476	-1
477	-1
478	1689183
479	-1
480	-1
481	-1
482	1692547
483	-1
484	-1
485	1695911
486	-1
487	-1
488	1699275
489	-1
490	-1
491	-1
492	1702639
493	-1
494	-1
495	1706003
496	-1
497	-1
498	-1
499	1709367
500	-1
501	-1
502	1712731
503	-1
504	-1
505	1716095
506	-1
507	-1
508	-1
509	1719459
510	-1
511	-1
512	1722823
513	-1
514	-1
515	1726187
516	-1
517	-1
518	-1
519	1729551
520	-1
521	-1
522	1732915
523	-1
524	-1
525	1736279
526	-1
527	-1
528	-1
529	1739643
530	-1
531	-1
532	1743007
533	-1
534	-1
535	-1
536	1746371
537	-1
538	-1
539	1749735
540	-1
541	-1
542	1753099
543	-1
544	-1
545	-1
546	1756463
547	-1
548	-1
549	1759827
550	-1
551	-1
552	1763191
553	-1
554	-1
555	-1
556	1766555
557	-1
558	-1
559	1769919
560	-1
561	-1
562	1773283
563	-1
564	-1
565	-1
566	1776647
567	-1
568	-1
569	1780011
570	-1
571	-1
572	-1
573	1783375
574	-1
575	-1
576	1786739
577	-1
578	-1
579	1790103
580	-1
581	-1
582	-1
583	1793467
584	-1
585	-1
586	1796831
587	-1
588	-1
589	1800195
590	-1
591	-1
592	-1
593	1803559
594	-1
595	-1
596	1806923
597	-1
598	-1
599	1810287
600	-1
601	-1
602	-1
603	1813651
604	-1
605	-1
606	1817015
607	-1
608	-1
609	-1
610	1820379
611	-1
612	-1
613	1823743
614	-1
615	-1
616	1827107
617	-1
618	-1
619	-1
620	1830471
621	-1
622	-1
623	1833835
624	-1
625	-1
626	1837199
627	-1
628	-1
629	-1
630	1840563
631	-1
632	-1
633	1843927
634	-1
635	-1
636	1847291
637	-1
638	-1
639	-1
640	1850655
641	-1
642	-1
643	1854019
644	-1
645	-1
646	-1
647	1857383
648	-1
649	-1
650	1860747
651	-1
652	-1
653	1864111
654	-1
655	-1
656	-1
657	1867475
658	-1
659	-1
660	1870839
661	-1
662	-1
663	1874203
664	-1
665	-1
666	-1
667	1877567
668	-1
669	-1
670	1880931
671	-1
672	-1
673	1884295
674	-1
675	-1
676	-1
677	1887659
678	-1
679	-1
680	1891023
681	-1
682	-1
683	-1
684	1894387
685	-1
686	-1
687	1897751
688	-1
689	-1
690	1901115
691	-1
692	-1
693	-1
694	1904479
695	-1
696	-1
697	1907843
698	-1
699	-1
700	1911207
701	-1
702	-1
703	-1
704	1914571
705	-1
706	-1
707	1917935
708	-1
709	-1
710	1921299
711	-1
712	-1
713	-1
714	1924663
715	-1
716	-1
717	1928027
718	-1
719	-1
720	-1
721	1931391
722	-1
723	-1
724	1934755
725	-1
726	-1
727	1938119
728	-1
729	-1
730	-1
731	1941483
732	-1
733	-1
734	1944847
735	-1
736	-1
737	1948211
738	-1
739	-1
740	-1
741	1951575
742	-1
743	-1
744	1954939
745	-1
746	-1
747	1958303
748	-1
749	-1
750	-1
751	1961667
752	-1
753	-1
754	1965031
755	-1
756	-1
757	-1
758	1968395
759	-1
760	-1
761	1971759
762	-1
763	-1
764	1975123
765	-1
766	-1
767	-1
768	1978487
769	-1
770	-1
771	1981851
772	-1
773	-1
774	1985215
775	-1
776	-1
777	-1
778	1988579
779	-1
780	-1
781	1991943
782	-1
783	-1
784	1995307
785	-1
786	-1
787	-1
788	1998671
789	-1
790	-1
791	2002035
792	-1
793	-1
794	-1
795	2005399
796	-1
797	-1
798	2008763
799	-1
800	-1
801	2012127
802	-1
803	-1
804	-1
805	2015491
806	-1
807	-1
808	2018855
809	-1
810	-1
811	2022219
812	-1
813	-1
814	-1
815	2025583
816	-1
817	-1
818	2028947
819	-1
820	-1
821	2032311
822	-1
823	-1
824	-1
825	2035675
826	-1
827	-1
828	2039039
829	-1
830	-1
831	-1
832	2042403
833	-1
834	-1
835	2045767
836	-1
837	-1
838	2049131
839	-1
840	-1
841	-1
842	2052495
843	-1
844	-1
845	2055859
846	-1
847	-1
848	2059223
849	-1
850	-1
851	-1
852	2062587
853	-1
854	-1
855	2065951
856	-1
857	-1
858	2069315
859	-1
860	-1
861	-1
862	2072679
863	-1
864	-1
865	2076043
866	-1
867	-1
868	-1
869	2079407
870	-1
871	-1
872	2082771
873	-1
874	-1
875	2086135
876	-1
877	-1
878	-1
879	2089499
880	-1
881	-1
882	2092863
883	-1
884	-1
885	2096227
886	-1
887	-1
888	-1
889	2099591
890	-1
891	-1
892	2102955
893	-1
894	-1
895	2106319
896	-1
897	-1
898	-1
899	2109683
900	-1
901	-1
902	2113047
903	-1
904	-1
905	-1
906	2116411
907	-1
908	-1
909	2119775
910	-1
911	-1
912	2123139
913	-1
914	-1
915	-1
916	2126503
917	-1
918	-1
919	2129867
920	-1
921	-1
922	2133231
923	-1
924	-1
925	-1
926	2136595
927	-1
928	-1
929	2139959
930	-1
931	-1
932	2143323
933	-1
934	-1
935	-1
936	2146687
937	-1
938	-1
939	2150051
940	-1
941	-1
942	-1
943	2153415
944	-1
945	-1
946	2156779
947	-1
948	-1
949	2160143
950	-1
951	-1
952	-1
953	2163507
954	-1
955	-1
956	2166871
957	-1
958	-1
959	2170235
960	-1
961	-1
962	-1
963	2173599
964	-1
965	-1
966	2176963
967	-1
968	-1
969	2180327
970	-1
971	-1
972	-1
973	2183691
974	-1
975	-1
976	2187055
977	-1
978	-1
979	-1
980	2190419
981	-1
982	-1
983	2193783
984	-1
985	-1
986	2197147
987	-1
988	-1
989	-1
990	2200511
991	-1
992	-1
993	2203875
994	-1
995	-1
996	2207239
997	-1
998	-1
999	-1
1000	2210603
1001	-1
1002	-1
1003	2213967
1004	-1
1005	-1
1006	2217331
1007	-1
1008	-1
1009	-1
1010	2220695
1011	-1
1012	-1
1013	2224059
1014	-1
1015	-1
1016	-1
1017	2227423
1018	-1
1019	-1
1020	2230787
1021	-1
1022	-1
1023	2234151
1024	-1
1025	-1
1026	-1
1027	2237515
1028	-1
1029	-1
1030	2240879
1031	-1
1032	-1
1033	2244243
1034	-1
1035	-1
1036	-1
1037	2247607
1038	-1
1039	-1
1040	2250971
1041	-1
1042	-1
1043	2254335
1044	-1
1045	-1
1046	-1
1047	2257699
1048	-1
1049	-1
1050	2261063
1051	-1
1052	-1
1053	-1
1054	2264427
1055	-1
1056	-1
1057	2267791
1058	-1
1059	-1
1060	2271155
1061	-1
1062	-1
1063	-1
1064	2274519
1065	-1
1066	-1
1067	2277883
1068	-1
1069	-1
1070	2281247
1071	-1
1072	-1
1073	-1
1074	2284611
1075	-1
1076	-1
1077	2287975
1078	-1
1079	-1
1080	-1
1081	2291339
1082	-1
1083	-1
1084	2294703
1085	-1
1086	-1
1087	2298067
1088	-1
1089	-1
1090	-1
1091	2301431
1092	-1
1093	-1
1094	2304795
1095	-1
1096	-1
1097	2308159
1098	-1
1099	-1
1100	-1
1101	2311523
1102	-1
1103	-1
1104	2314887
1105	-1
1106	-1
1107	2318251
1108	-1
1109	-1
1110	-1
1111	2321615
1112	-1
1113	-1
1114	2324979
1115	-1
1116	-1
1117	-1
1118	2328343
1119	-1
1120	-1
1121	2331707
1122	-1
1123	-1
1124	2335071
1125	-1
1126	-1
1127	-1
1128	2338435
1129	-1
1130	-1
1131	2341799
1132	-1
1133	-1
1134	2345163
1135	-1
1136	-1
1137	-1
1138	2348527
1139	-1
1140	-1
1141	2351891
1142	-1
1143	-1
1144	2355255
1145	-1
1146	-1
1147	-1
1148	2358619
1149	-1
1150	-1
1151	2361983
1152	-1
1153	-1
1154	-1
1155	2365347
1156	-1
1157	-1
1158	2368711
1159	-1
1160	-1
1161	2372075
1162	-1
1163	-1
1164	-1
1165	2375439
1166	-1
1167	-1
1168	2378803
1169	-1
1170	-1
1171	2382167
1172	-1
1173	-1
1174	-1
1175	2385531
1176	-1
1177	-1
1178	2388895
1179	-1
1180	-1
1181	2392259
1182	-1
1183	-1
1184	-1
1185	2395623
1186	-1
1187	-1
1188	2398987
1189	-1
1190	-1
1191	-1
1192	2402351
1193	-1
1194	-1
1195	2405715
1196	-1
1197	-1
1198	2409079
1199	-1
1200	-1
1201	-1
1202	2412443
1203	-1
1204	-1
1205	2415807
1206	-1
1207	-1
1208	2419171
1209	-1
1210	-1
1211	-1
1212	2422535
1213	-1
1214	-1
1215	2425899
1216	-1
1217	-1
1218	2429263
1219	-1
1220	-1
1221	-1
1222	2432627
1223	-1
1224	-1
1225	2435991
1226	-1
1227	-1
1228	-1
1229	2439355
1230	-1
1231	-1
1232	2442719
1233	-1
1234	-1
1235	2446083
1236	-1
1237	-1
1238	-1
1239	2449447
1240	-1
1241	-1
1242	2452811
1243	-1
1244	-1
1245	2456175
1246	-1
1247	-1
1248	-1
1249	2459539
1250	-1
1251	-1
1252	2462903
1253	-1
1254	-1
1255	2466267
1256	-1
1257	-1
1258	-1
1259	2469631
1260	-1
1261	-1
1262	2472995
1263	-1
1264	-1
1265	-1
1266	2476359
1267	-1
1268	-1
1269	2479723
1270	-1
1271	-1
1272	2483087
1273	-1
1274	-1
1275	-1
1276	2486451
1277	-1
1278	-1
1279	2489815
1280	-1
1281	-1
1282	2493179
1283	-1
1284	-1
1285	-1
1286	2496543
1287	-1
1288	-1
1289	2499907
1290	-1
1291	-1
1292	2503271
1293	-1
1294	-1
1295	-1
1296	2506635
1297	-1
1298	-1
1299	2509999
1300	-1
1301	-1
1302	-1
1303	2513363
1304	-1
1305	-1
1306	2516727
1307	-1
1308	-1
1309	2520091
1310	-1
1311	-1
1312	-1
1313	2523455
1314	-1
1315	-1
1316	2526819
1317	-1
1318	-1
1319	2530183
1320	-1
1321	-1
1322	-1
1323	2533547
1324	-1
1325	-1
1326	2536911
1327	-1
1328	-1
1329	2540275
1330	-1
1331	-1
1332	-1
1333	2543639
1334	-1
1335	-1
1336	2547003
1337	-1
1338	-1
1339	-1
1340	2550367
1341	-1
1342	-1
1343	2553731
1344	-1
1345	-1
1346	2557095
1347	-1
1348	-1
1349	-1
1350	2560459
1351	-1
1352	-1
1353	2563823
1354	-1
1355	-1
1356	2567187
1357	-1
1358	-1
1359	-1
1360	2570551
1361	-1
1362	-1
1363	2573915
1364	-1
1365	-1
1366	2577279
1367	-1
1368	-1
1369	-1
1370	2580643
1371	-1
1372	-1
1373	2584007
1374	-1
1375	-1
1376	-1
1377	2587371
1378	-1
1379	-1
1380	2590735
1381	-1
1382	-1
1383	2594099
1384	-1
1385	-1
1386	-1
1387	2597463
1388	-1
1389	-1
1390	2600827
1391	-1
1392	-1
1393	2604191
1394	-1
1395	-1
1396	-1
1397	2607555
1398	-1
1399	-1
1400	2610919
1401	-1
1402	-1
1403	2614283
1404	-1
1405	-1
1406	-1
1407	2617647
1408	-1
1409	-1
1410	2621011
1411	-1
1412	-1
1413	-1
1414	2624375
1415	-1
1416	-1
1417	2627739
1418	-1
1419	-1
1420	2631103
1421	-1
1422	-1
1423	-1
1424	2634467
1425	-1
1426	-1
1427	2637831
1428	-1
1429	-1
1430	2641195
1431	-1
1432	-1
1433	-1
1434	2644559
1435	-1
1436	-1
1437	2647923
1438	-1
1439	-1
1440	2651287
1441	-1
1442	-1
1443	-1
1444	2654651
1445	-1
1446	-1
1447	2658015
1448	-1
1449	-1
1450	-1
1451	2661379
1452	-1
1453	-1
1454	2664743
1455	-1
1456	-1
1457	2668107
1458	-1
1459	-1
1460	-1
1461	2671471
1462	-1
1463	-1
1464	2674835
1465	-1
1466	-1
1467	2678199
1468	-1
1469	-1
1470	-1
1471	2681563
1472	-1
1473	-1
1474	2684927
1475	-1
1476	-1
1477	2688291
1478	-1
1479	-1
1480	-1
1481	2691655
1482	-1
1483	-1
1484	2695019
1485	-1
1486	-1
1487	-1
1488	2698383
1489	-1
1490	-1
1491	2701747
1492	-1
1493	-1
1494	2705111
1495	-1
1496	-1
1497	-1
1498	2708475
1499	-1
1500	-1
1501	2711839
1502	-1
1503	-1
1504	2715203
1505	-1
1506	-1
1507	-1
1508	2718567
1509	-1
1510	-1
1511	2721931
1512	-1
1513	-1
1514	2725295
1515	-1
1516	-1
1517	-1
1518	2728659
1519	-1
1520	-1
1521	2732023
1522	-1
1523	-1
1524	-1
1525	2735387
1526	-1
1527	-1
1528	2738751
1529	-1
1530	-1
1531	2742115
1532	-1
1533	-1
1534	-1
1535	2745479
1536	-1
1537	-1
1538	2748843
1539	-1
1540	-1
1541	2752207
1542	-1
1543	-1
1544	-1
1545	2755571
1546	-1
1547	-1
1548	2758935
1549	-1
1550	-1
1551	2762299
1552	-1
1553	-1
1554	-1
1555	2765663
1556	-1
1557	-1
1558	2769027
1559	-1
1560	-1
1561	-1
1562	2772391
1563	-1
1564	-1
1565	2775755
1566	-1
1567	-1
1568	2779119
1569	-1
1570	-1
1571	-1
1572	2782483
1573	-1
1574	-1
1575	2785847
1576	-1
1577	-1
1578	2789211
1579	-1
1580	-1
1581	-1
1582	2792575
1583	-1
1584	-1
1585	2795939
1586	-1
1587	-1
1588	2799303
1589	-1
1590	-1
1591	-1
1592	2802667
1593	-1
1594	-1
1595	2806031
1596	-1
1597	-1
1598	-1
1599	2809395
1600	-1
1601	-1
1602	2812759
1603	-1
1604	-1
1605	2816123
1606	-1
1607	-1
1608	-1
1609	2819487
1610	-1
1611	-1
1612	2822851
1613	-1
1614	-1
1615	2826215
1616	-1
1617	-1
1618	-1
1619	2829579
1620	-1
1621	-1
1622	2832943
1623	-1
1624	-1
1625	2836307
1626	-1
1627	-1
1628	-1
1629	2839671
1630	-1
1631	-1
1632	2843035
1633	-1
1634	-1
1635	-1
1636	2846399
1637	-1
1638	-1
1639	2849763
1640	-1
1641	-1
1642	2853127
1643	-1
1644	-1
1645	-1
1646	2856491
1647	-1
1648	-1
1649	2859855
1650	-1
1651	-1
1652	2863219
1653	-1
1654	-1
1655	-1
1656	2866583
1657	-1
1658	-1
1659	2869947
1660	-1
1661	-1
1662	2873311
1663	-1
1664	-1
1665	-1
1666	2876675
1667	-1
1668	-1
1669	2880039
1670	-1
1671	-1
1672	-1
1673	2883403
1674	-1
1675	-1
1676	2886767
1677	-1
1678	-1
1679	2890131
1680	-1
1681	-1
1682	-1
1683	2893495
1684	-1
1685	-1
1686	2896859
1687	-1
1688	-1
1689	2900223
1690	-1
1691	-1
1692	-1
1693	2903587
1694	-1
1695	-1
1696	2906951
1697	-1
1698	-1
1699	2910315
1700	-1
1701	-1
1702	-1
1703	2913679
1704	-1
1705	-1
1706	2917043
1707	-1
1708	-1
1709	-1
1710	2920407
1711	-1
1712	-1
1713	2923771
1714	-1
1715	-1
1716	2927135
1717	-1
1718	-1
1719	-1
1720	2930499
1721	-1
1722	-1
1723	2933863
1724	-1
1725	-1
1726	2937227
1727	-1
1728	-1
1729	-1
1730	2940591
1731	-1
1732	-1
1733	2943955
1734	-1
1735	-1
1736	2947319
1737	-1
1738	-1
1739	-1
1740	2950683
1741	-1
1742	-1
1743	2954047
1744	-1
1745	-1
1746	-1
1747	2957411
1748	-1
1749	-1
1750	2960775
1751	-1
1752	-1
1753	2964139
1754	-1
1755	-1
1756	-1
1757	2967503
1758	-1
1759	-1
1760	2970867
1761	-1
1762	-1
1763	2974231
1764	-1
1765	-1
1766	-1
1767	2977595
1768	-1
1769	-1
1770	2980959
1771	-1
1772	-1
1773	2984323
1774	-1
1775	-1
1776	-1
1777	2987687
1778	-1
1779	-1
1780	2991051
1781	-1
1782	-1
1783	-1
1784	2994415
1785	-1
1786	-1
1787	2997779
1788	-1
1789	-1
1790	3001143
1791	-1
1792	-1
1793	-1
1794	3004507
1795	-1
1796	-1
1797	3007871
1798	-1
1799	-1
1800	3011235
1801	-1
1802	-1
1803	-1
1804	3014599
1805	-1
1806	-1
1807	3017963
1808	-1
1809	-1
1810	3021327
1811	-1
1812	-1
1813	-1
1814	3024691
1815	-1
1816	-1
1817	3028055
1818	-1
1819	-1
1820	-1
1821	3031419
1822	-1
1823	-1
1824	3034783
1825	-1
1826	-1
1827	3038147
1828	-1
1829	-1
1830	-1
1831	3041511
1832	-1
1833	-1
1834	3044875
1835	-1
1836	-1
1837	3048239
1838	-1
1839	-1
1840	-1
1841	3051603
1842	-1
1843	-1
1844	3054967
1845	-1
1846	-1
1847	3058331
1848	-1
1849	-1
1850	-1
1851	3061695
1852	-1
1853	-1
1854	3065059
1855	-1
1856	-1
1857	-1
1858	3068423
1859	-1
1860	-1
1861	3071787
1862	-1
1863	-1
1864	3075151
1865	-1
1866	-1
1867	-1
1868	3078515
1869	-1
1870	-1
1871	3081879
1872	-1
1873	-1
1874	3085243
1875	-1
1876	-1
1877	-1
1878	3088607
1879	-1
1880	-1
1881	3091971
1882	-1
1883	-1
1884	3095335
1885	-1
1886	-1
1887	-1
1888	3098699
1889	-1
1890	-1
1891	3102063
1892	-1
1893	-1
1894	-1
1895	3105427
1896	-1
1897	-1
1898	3108791
1899	-1
1900	-1
1901	3112155
1902	-1
1903	-1
1904	-1
1905	3115519
1906	-1
1907	-1
1908	3118883
1909	-1
1910	-1
1911	3122247
1912	-1
1913	-1
1914	-1
1915	3125611
1916	-1
1917	-1
1918	3128975
1919	-1
1920	-1
1921	-1
1922	3132339
1923	-1
1924	-1
1925	3135703
1926	-1
1927	-1
1928	3139067
1929	-1
1930	-1
1931	-1
1932	3142431
1933	-1
1934	-1
1935	3145795
1936	-1
1937	-1
1938	3149159
1939	-1
1940	-1
1941	-1
1942	3152523
1943	-1
1944	-1
1945	3155887
1946	-1
1947	-1
1948	3159251
1949	-1
1950	-1
1951	-1
1952	3162615
1953	-1
1954	-1
1955	3165979
1956	-1
1957	-1
1958	-1
1959	3169343
1960	-1
1961	-1
1962	3172707
1963	-1
1964	-1
1965	3176071
1966	-1
1967	-1
1968	-1
1969	3179435
1970	-1
1971	-1
1972	3182799
1973	-1
1974	-1
1975	3186163
1976	-1
1977	-1
1978	-1
1979	3189527
1980	-1
1981	-1
1982	3192891
1983	-1
1984	-1
1985	3196255
1986	-1
1987	-1
1988	-1
1989	3199619
1990	-1
1991	-1
1992	3202983
1993	-1
1994	-1
1995	-1
1996	3206347
1997	-1
1998	-1
1999	3209711
2000	-1
2001	-1
2002	3213075
2003	-1
2004	-1
2005	-1
2006	3216439
2007	-1
2008	-1
2009	3219803
2010	-1
2011	-1
2012	3223167
2013	-1
2014	-1
2015	-1
2016	3226531
2017	-1
2018	-1
2019	3229895
2020	-1
2021	-1
2022	3233259
2023	-1
2024	-1
2025	-1
2026	3236623
2027	-1
2028	-1
2029	3239987
2030	-1
2031	-1
2032	-1
2033	3243351
2034	-1
2035	-1
2036	3246715
2037	-1
2038	-1
2039	3250079
2040	-1
2041	-1
2042	-1
2043	3253443
2044	-1
2045	-1
2046	3256807
2047	-1
2048	-1
2049	3260171
2050	-1
2051	-1
2052	-1
2053	3263535
2054	-1
2055	-1
2056	3266899
2057	-1
2058	-1
2059	3270263
2060	-1
2061	-1
2062	-1
2063	3273627
2064	-1
2065	-1
2066	3276991
2067	-1
2068	-1
2069	-1
2070	3280355
2071	-1
2072	-1
2073	3283719
2074	-1
2075	-1
2076	3287083
2077	-1
2078	-1
2079	-1
2080	3290447
2081	-1
2082	-1
2083	3293811
2084	-1
2085	-1
2086	3297175
2087	-1
2088	-1
2089	-1
2090	3300539
2091	-1
2092	-1
2093	3303903
2094	-1
2095	-1
2096	3307267
2097	-1
2098	-1
2099	-1
2100	3310631
2101	-1
2102	-1
2103	3313995
2104	-1
2105	-1
2106	-1
2107	3317359
2108	-1
2109	-1
2110	3320723
2111	-1
2112	-1
2113	3324087
2114	-1
2115	-1
2116	-1
2117	3327451
2118	-1
2119	-1
2120	3330815
2121	-1
2122	-1
2123	3334179
2124	-1
2125	-1
2126	-1
2127	3337543
2128	-1
2129	-1
2130	3340907
2131	-1
2132	-1
2133	3344271
2134	-1
2135	-1
2136	-1
2137	3347635
2138	-1
2139	-1
2140	3350999
2141	-1
2142	-1
2143	-1
2144	3354363
2145	-1
2146	-1
2147	3357727
2148	-1
2149	-1
2150	3361091
2151	-1
2152	-1
2153	-1
2154	3364455
2155	-1
2156	-1
2157	3367819
2158	-1
2159	-1
2160	3371183
2161	-1
2162	-1
2163	-1
2164	3374547
2165	-1
2166	-1
2167	3377911
2168	-1
2169	-1
2170	3381275
2171	-1
2172	-1
2173	-1
2174	3384639
2175	-1
2176	-1
2177	3388003
2178	-1
2179	-1
2180	-1
2181	3391367
2182	-1
2183	-1
2184	3394731
2185	-1
2186	-1
2187	3398095
2188	-1
2189	-1
2190	-1
2191	3401459
2192	-1
2193	-1
2194	3404823
2195	-1
2196	-1
2197	3408187
2198	-1
2199	-1
2200	-1
2201	3411551
2202	-1
2203	-1
2204	3414915
2205	-1
2206	-1
2207	3418279
2208	-1
2209	-1
2210	-1
2211	3421643
2212	-1
2213	-1
2214	3425007
2215	-1
2216	-1
2217	-1
2218	3428371
2219	-1
2220	-1
2221	3431735
2222	-1
2223	-1
2224	3435099
2225	-1
2226	-1
2227	-1
2228	3438463
2229	-1
2230	-1
2231	3441827
2232	-1
2233	-1
2234	3445191
2235	-1
2236	-1
2237	-1
2238	3448555
2239	-1
2240	-1
2241	3451919
2242	-1
2243	-1
2244	3455283
2245	-1
2246	-1
2247	-1
2248	3458647
2249	-1
2250	-1
2251	3462011
2252	-1
2253	-1
2254	-1
2255	3465375
2256	-1
2257	-1
2258	3468739
2259	-1
2260	-1
2261	3472103
2262	-1
2263	-1
2264	-1
2265	3475467
2266	-1
2267	-1
2268	3478831
2269	-1
2270	-1
2271	3482195
2272	-1
2273	-1
2274	-1
2275	3485559
2276	-1
2277	-1
2278	3488923
2279	-1
2280	-1
2281	3492287
2282	-1
2283	-1
2284	-1
2285	3495651
2286	-1
2287	-1
2288	3499015
2289	-1
2290	-1
2291	-1
2292	3502379
2293	-1
2294	-1
2295	3505743
2296	-1
2297	-1
2298	3509107
2299	-1
2300	-1
2301	-1
2302	3512471
2303	-1
2304	-1
2305	3515835
2306	-1
2307	-1
2308	3519199
2309	-1
2310	-1
2311	-1
2312	3522563
2313	-1
2314	-1
2315	3525927
2316	-1
2317	-1
2318	3529291
2319	-1
2320	-1
2321	-1
2322	3532655
2323	-1
2324	-1
2325	3536019
2326	-1
2327	-1
2328	-1
2329	3539383
2330	-1
2331	-1
2332	3542747
2333	-1
2334	-1
2335	3546111
2336	-1
2337	-1
2338	-1
2339	3549475
2340	-1
2341	-1
2342	3552839
2343	-1
2344	-1
2345	3556203
2346	-1
2347	-1
2348	-1
2349	3559567
2350	-1
2351	-1
2352	3562931
2353	-1
2354	-1
2355	3566295
2356	-1
2357	-1
2358	-1
2359	3569659
2360	-1
2361	-1
2362	3573023
2363	-1
2364	-1
2365	-1
2366	3576387
2367	-1
2368	-1
2369	3579751
2370	-1
2371	-1
2372	3583115
2373	-1
2374	-1
2375	-1
2376	3586479
2377	-1
2378	-1
2379	3589843
2380	-1
2381	-1
2382	3593207
2383	-1
2384	-1
2385	-1
2386	3596571
2387	-1
2388	-1
2389	3599935
2390	-1
2391	-1
2392	3603299
2393	-1
2394	-1
2395	-1
2396	3606663
2397	-1
2398	-1
2399	3610027
2400	-1
2401	-1
2402	-1
2403	3613391
2404	-1
2405	-1
2406	3616755
2407	-1
2408	-1
2409	3620119
2410	-1
2411	-1
2412	-1
2413	3623483
2414	-1
2415	-1
2416	3626847
2417	-1
2418	-1
2419	3630211
2420	-1
2421	-1
2422	-1
2423	3633575
2424	-1
2425	-1
2426	3636939
2427	-1
2428	-1
2429	3640303
2430	-1
2431	-1
2432	-1
2433	3643667
2434	-1
2435	-1
2436	3647031
2437	-1
2438	-1
2439	-1
2440	3650395
2441	-1
2442	-1
2443	3653759
2444	-1
2445	-1
2446	3657123
2447	-1
2448	-1
2449	-1
2450	3660487
2451	-1
2452	-1
2453	3663851
2454	-1
2455	-1
2456	3667215
2457	-1
2458	-1
2459	-1
2460	3670579
2461	-1
2462	-1
2463	3673943
2464	-1
2465	-1
2466	3677307
2467	-1
2468	-1
2469	-1
2470	3680671
2471	-1
2472	-1
2473	3684035
2474	-1
2475	-1
2476	-1
2477	3687399
2478	-1
2479	-1
2480	3690763
2481	-1
2482	-1
2483	3694127
2484	-1
2485	-1
2486	-1
2487	3697491
2488	-1
2489	-1
2490	3700855
2491	-1
2492	-1
2493	3704219
2494	-1
2495	-1
2496	-1
2497	3707583
2498	-1
2499	-1
2500	3710947
2501	-1
2502	-1
2503	3714311
2504	-1
2505	-1
2506	-1
2507	3717675
2508	-1
2509	-1
2510	3721039
2511	-1
2512	-1
2513	-1
2514	3724403
2515	-1
2516	-1
2517	3727767
2518	-1
2519	-1
2520	3731131
2521	-1
2522	-1
2523	-1
2524	3734495
2525	-1
2526	-1
2527	3737859
2528	-1
2529	-1
2530	3741223
2531	-1
2532	-1
2533	-1
2534	3744587
2535	-1
2536	-1
2537	3747951
2538	-1
2539	-1
2540	3751315
2541	-1
2542	-1
2543	-1
2544	3754679
2545	-1
2546	-1
2547	3758043
2548	-1
2549	-1
2550	-1
2551	3761407
2552	-1
2553	-1
2554	3764771
2555	-1
2556	-1
2557	3768135
2558	-1
2559	-1
2560	-1
2561	3771499
2562	-1
2563	-1
2564	3774863
2565	-1
2566	-1
2567	3778227
2568	-1
2569	-1
2570	-1
2571	3781591
2572	-1
2573	-1
2574	3784955
2575	-1
2576	-1
2577	3788319
2578	-1
2579	-1
2580	-1
2581	3791683
2582	-1
2583	-1
2584	3795047
2585	-1
2586	-1
2587	-1
2588	3798411
2589	-1
2590	-1
2591	3801775
2592	-1
2593	-1
2594	3805139
2595	-1
2596	-1
2597	-1
2598	3808503
2599	-1
2600	-1
2601	3811867
2602	-1
2603	-1
2604	3815231
2605	-1
2606	-1
2607	-1
2608	3818595
2609	-1
2610	-1
2611	3821959
2612	-1
2613	-1
2614	3825323
2615	-1
2616	-1
2617	-1
2618	3828687
2619	-1
2620	-1
2621	3832051
2622	-1
2623	-1
2624	-1
2625	3835415
2626	-1
2627	-1
2628	3838779
2629	-1
2630	-1
2631	3842143
2632	-1
2633	-1
2634	-1
2635	3845507
2636	-1
2637	-1
2638	3848871
2639	-1
2640	-1
2641	3852235
2642	-1
2643	-1
2644	-1
2645	3855599
2646	-1
2647	-1
2648	3858963
2649	-1
2650	-1
2651	3862327
2652	-1
2653	-1
2654	-1
2655	3865691
2656	-1
2657	-1
2658	3869055
2659	-1
2660	-1
2661	-1
2662	3872419
2663	-1
2664	-1
2665	3875783
2666	-1
2667	-1
2668	3879147
2669	-1
2670	-1
2671	-1
2672	3882511
2673	-1
2674	-1
2675	3885875
2676	-1
2677	-1
2678	3889239
2679	-1
2680	-1
2681	-1
2682	3892603
2683	-1
2684	-1
2685	3895967
2686	-1
2687	-1
2688	3899331
2689	-1
2690	-1
2691	-1
2692	3902695
2693	-1
2694	-1
2695	3906059
2696	-1
2697	-1
2698	-1
2699	3909423
2700	-1
2701	-1
2702	3912787
2703	-1
2704	-1
2705	3916151
2706	-1
2707	-1
2708	-1
2709	3919515
2710	-1
2711	-1
2712	3922879
2713	-1
2714	-1
2715	3926243
2716	-1
2717	-1
2718	-1
2719	3929607
2720	-1
2721	-1
2722	3932971
2723	-1
2724	-1
2725	3936335
2726	-1
2727	-1
2728	-1
2729	3939699
2730	-1
2731	-1
2732	3943063
2733	-1
2734	-1
2735	-1
2736	3946427
2737	-1
2738	-1
2739	3949791
2740	-1
2741	-1
2742	3953155
2743	-1
2744	-1
2745	-1
2746	3956519
2747	-1
2748	-1
2749	3959883
2750	-1
2751	-1
2752	3963247
2753	-1
2754	-1
2755	-1
2756	3966611
2757	-1
2758	-1
2759	3969975
2760	-1
2761	-1
2762	-1
2763	3973339
2764	-1
2765	-1
2766	3976703
2767	-1
2768	-1
2769	3980067
2770	-1
2771	-1
2772	-1
2773	3983431
2774	-1
2775	-1
2776	3986795
2777	-1
2778	-1
2779	3990159
2780	-1
2781	-1
2782	-1
2783	3993523
2784	-1
2785	-1
2786	3996887
2787	-1
2788	-1
2789	4000251
2790	-1
2791	-1
2792	-1
2793	4003615
2794	-1
2795	-1
2796	4006979
2797	-1
2798	-1
2799	-1
2800	-1
2801	-1
2802	-1
2803	4010539
2804	-1
2805	-1
2806	4013903
2807	-1
2808	-1
2809	-1
2810	4017267
2811	-1
2812	-1
2813	4020631
2814	-1
2815	-1
2816	4023995
2817	-1
2818	-1
2819	-1
2820	4027359
2821	-1
2822	-1
2823	4030723
2824	-1
2825	-1
2826	4034087
2827	-1
2828	-1
2829	-1
2830	4037451
2831	-1
2832	-1
2833	4040815
2834	-1
2835	-1
2836	-1
2837	4044179
2838	-1
2839	-1
2840	4047543
2841	-1
2842	-1
2843	4050907
2844	-1
2845	-1
2846	-1
2847	4054271
2848	-1
2849	-1
2850	4057635
2851	-1
2852	-1
2853	4060999
2854	-1
2855	-1
2856	-1
2857	4064363
2858	-1
2859	-1
2860	4067727
2861	-1
2862	-1
2863	4071091
2864	-1
2865	-1
2866	-1
2867	4074455
2868	-1
2869	-1
2870	4077819
2871	-1
2872	-1
2873	-1
2874	4081183
2875	-1
2876	-1
2877	4084547
2878	-1
2879	-1
2880	4087911
2881	-1
2882	-1
2883	-1
2884	4091275
2885	-1
2886	-1
2887	4094639
2888	-1
2889	-1
2890	4098003
2891	-1
2892	-1
2893	-1
2894	4101367
2895	-1
2896	-1
2897	4104731
2898	-1
2899	-1
2900	4108095
2901	-1
2902	-1
2903	-1
2904	4111459
2905	-1
2906	-1
2907	4114823
2908	-1
2909	-1
2910	-1
2911	4118187
2912	-1
2913	-1
2914	4121551
2915	-1
2916	-1
2917	4124915
2918	-1
2919	-1
2920	-1
2921	4128279
2922	-1
2923	-1
2924	4131643
2925	-1
2926	-1
2927	4135007
2928	-1
2929	-1
2930	-1
2931	4138371
2932	-1
2933	-1
2934	4141735
2935	-1
2936	-1
2937	4145099
2938	-1
2939	-1
2940	-1
2941	4148463
2942	-1
2943	-1
2944	4151827
2945	-1
2946	-1
2947	-1
2948	4155191
2949	-1
2950	-1
2951	4158555
2952	-1
2953	-1
2954	4161919
2955	-1
2956	-1
2957	-1
2958	4165283
2959	-1
2960	-1
2961	4168647
2962	-1
2963	-1
2964	4172011
2965	-1
2966	-1
2967	-1
2968	4175375
2969	-1
2970	-1
2971	4178739
2972	-1
2973	-1
2974	4182103
2975	-1
2976	-1
2977	-1
2978	4185467
2979	-1
2980	-1
2981	4188831
2982	-1
2983	-1
2984	-1
2985	4192195
2986	-1
2987	-1
2988	4195559
2989	-1
2990	-1
2991	4198923
2992	-1
2993	-1
2994	-1
2995	4202287
2996	-1
2997	-1
2998	4205651
2999	-1
3000	-1
3001	4209015
3002	4212379
3003	-1
3004	-1
3005	4215743
3006	-1
3007	-1
3008	4219107
3009	-1
3010	-1
3011	-1
3012	4222471
3013	-1
3014	-1
3015	4225835
3016	-1
3017	-1
3018	4229199
3019	-1
3020	-1
3021	-1
3022	4232563
3023	-1
3024	-1
3025	4235927
3026	-1
3027	-1
3028	4239291
3029	-1
3030	-1
3031	-1
3032	4242655
3033	-1
3034	-1
3035	4246019
3036	-1
3037	-1
3038	-1
3039	4249383
3040	-1
3041	-1
3042	4252747
3043	-1
3044	-1
3045	4256111
3046	-1
3047	-1
3048	-1
3049	4259475
3050	-1
3051	-1
3052	4262839
3053	-1
3054	-1
3055	4266203
3056	-1
3057	-1
3058	-1
3059	4269567
3060	-1
3061	-1
3062	4272931
3063	-1
3064	-1
3065	4276295
3066	-1
3067	-1
3068	-1
3069	4279659
3070	-1
3071	-1
3072	4283023
3073	-1
3074	-1
3075	-1
3076	4286387
3077	-1
3078	-1
3079	4289751
3080	-1
3081	-1
3082	4293115
3083	-1
3084	-1
3085	-1
3086	4296479
3087	-1
3088	-1
3089	4299843
3090	-1
3091	-1
3092	4303207
3093	-1
3094	-1
3095	-1
3096	4306571
3097	-1
3098	-1
3099	4309935
3100	-1
3101	-1
3102	4313299
3103	-1
3104	-1
3105	-1
3106	4316663
3107	-1
3108	-1
3109	4320027
3110	-1
3111	-1
3112	-1
3113	4323391
3114	-1
3115	-1
3116	4326755
3117	-1
3118	-1
3119	4330119
3120	-1
3121	-1
3122	-1
3123	4333483
3124	-1
3125	-1
3126	4336847
3127	-1
3128	-1
3129	4340211
3130	-1
3131	-1
3132	-1
3133	4343575
3134	-1
3135	-1
3136	4346939
3137	-1
3138	-1
3139	4350303
3140	-1
3141	-1
3142	-1
3143	4353667
3144	-1
3145	-1
3146	4357031
3147	-1
3148	-1
3149	-1
3150	4360395
3151	-1
3152	-1
3153	4363759
3154	-1
3155	-1
3156	4367123
3157	-1
3158	-1
3159	-1
3160	4370487
3161	-1
3162	-1
3163	4373851
3164	-1
3165	-1
3166	4377215
3167	-1
3168	-1
3169	-1
3170	4380579
3171	-1
3172	-1
3173	4383943
3174	-1
3175	-1
3176	4387307
3177	-1
3178	-1
3179	-1
3180	4390671
3181	-1
3182	-1
3183	4394035
3184	-1
3185	-1
3186	-1
3187	4397399
3188	-1
3189	-1
3190	4400763
3191	-1
3192	-1
3193	4404127
3194	-1
3195	-1
3196	-1
3197	4407491
3198	-1
3199	-1
3200	4410855
3201	-1
3202	-1
3203	4414219
3204	-1
3205	-1
3206	-1
3207	4417583
3208	-1
3209	-1
3210	4420947
3211	-1
3212	-1
3213	4424311
3214	-1
3215	-1
3216	-1
3217	4427675
3218	-1
3219	-1
3220	4431039
3221	-1
3222	-1
3223	-1
3224	4434403
3225	-1
3226	-1
3227	4437767
3228	-1
3229	-1
3230	4441131
3231	-1
3232	-1
3233	-1
3234	4444495
3235	-1
3236	-1
3237	4447859
3238	-1
3239	-1
3240	4451223
3241	-1
3242	-1
3243	-1
3244	4454587
3245	-1
3246	-1
3247	4457951
3248	-1
3249	-1
3250	4461315
3251	-1
3252	-1
3253	-1
3254	4464679
3255	-1
3256	-1
3257	4468043
3258	-1
3259	-1
3260	-1
3261	4471407
3262	-1
3263	-1
3264	4474771
3265	-1
3266	-1
3267	4478135
3268	-1
3269	-1
3270	-1
3271	4481499
3272	-1
3273	-1
3274	4484863
3275	-1
3276	-1
3277	4488227
3278	-1
3279	-1
3280	-1
3281	4491591
3282	-1
3283	-1
3284	4494955
3285	-1
3286	-1
3287	4498319
3288	-1
3289	-1
3290	-1
3291	4501683
3292	-1
3293	-1
3294	4505047
3295	-1
3296	-1
3297	-1
3298	4508411
3299	-1
3300	-1
3301	4511775
3302	-1
3303	-1
3304	4515139
3305	-1
3306	-1
3307	-1
3308	4518503
3309	-1
3310	-1
3311	4521867
3312	-1
3313	-1
3314	4525231
3315	-1
3316	-1
3317	-1
3318	4528595
3319	-1
3320	-1
3321	4531959
3322	-1
3323	-1
3324	4535323
3325	-1
3326	-1
3327	-1
3328	4538687
3329	-1
3330	-1
3331	4542051
3332	-1
3333	-1
3334	-1
3335	4545415
3336	-1
3337	-1
3338	4548779
3339	-1
3340	-1
3341	4552143
3342	-1
3343	-1
3344	-1
3345	4555507
3346	-1
3347	-1
3348	4558871
3349	-1
3350	-1
3351	4562235
3352	-1
3353	-1
3354	-1
3355	4565599
3356	-1
3357	-1
3358	4568963
3359	-1
3360	-1
3361	4572327
3362	-1
3363	-1
3364	-1
3365	4575691
3366	-1
3367	-1
3368	4579055
3369	-1
3370	-1
3371	-1
3372	4582419
3373	-1
3374	-1
3375	4585783
3376	-1
3377	-1
3378	4589147
3379	-1
3380	-1
3381	-1
3382	4592511
3383	-1
3384	-1
3385	4595875
3386	-1
3387	-1
3388	4599239
3389	-1
3390	-1
3391	-1
3392	4602603
3393	-1
3394	-1
3395	4605967
3396	-1
3397	-1
3398	4609331
3399	-1
3400	-1
3401	-1
3402	4612695
3403	-1
3404	-1
3405	4616059
3406	-1
3407	-1
3408	-1
3409	4619423
3410	-1
3411	-1
3412	4622787
3413	-1
3414	-1
3415	4626151
3416	-1
3417	-1
3418	-1
3419	4629515
3420	-1
3421	-1
3422	4632879
3423	-1
3424	-1
3425	4636243
3426	-1
3427	-1
3428	-1
3429	4639607
3430	-1
3431	-1
3432	4642971
3433	-1
3434	-1
3435	4646335
3436	-1
3437	-1
3438	-1
3439	4649699
3440	-1
3441	-1
3442	4653063
3443	-1
3444	-1
3445	-1
3446	4656427
3447	-1
3448	-1
3449	4659791
3450	-1
3451	-1
3452	4663155
3453	-1
3454	-1
3455	-1
3456	4666519
3457	-1
3458	-1
3459	4669883
3460	-1
3461	-1
3462	4673247
3463	-1
3464	-1
3465	-1
3466	4676611
3467	-1
3468	-1
3469	4679975
3470	-1
3471	-1
3472	-1
3473	4683339
3474	-1
3475	-1
3476	4686703
3477	-1
3478	-1
3479	4690067
3480	-1
3481	-1
3482	-1
3483	4693431
3484	-1
3485	-1
3486	4696795
3487	-1
3488	-1
3489	4700159
3490	-1
3491	-1
3492	-1
3493	4703523
3494	-1
3495	-1
3496	4706887
3497	-1
3498	-1
3499	4710251
3500	-1
3501	-1
3502	-1
3503	4713615
3504	-1
3505	-1
3506	4716979
3507	-1
3508	-1
3509	-1
3510	4720343
3511	-1
3512	-1
3513	4723707
3514	-1
3515	-1
3516	4727071
3517	-1
3518	-1
3519	-1
3520	4730435
3521	-1
3522	-1
3523	4733799
3524	-1
3525	-1
3526	4737163
3527	-1
3528	-1
3529	-1
3530	4740527
3531	-1
3532	-1
3533	4743891
3534	-1
3535	-1
3536	4747255
3537	-1
3538	-1
3539	-1
3540	4750619
3541	-1
3542	-1
3543	4753983
3544	-1
3545	-1
3546	-1
3547	4757347
3548	-1
3549	-1
3550	4760711
3551	-1
3552	-1
3553	4764075
3554	-1
3555	-1
3556	-1
3557	4767439
3558	-1
3559	-1
3560	4770803
3561	-1
3562	-1
3563	4774167
3564	-1
3565	-1
3566	-1
3567	4777531
3568	-1
3569	-1
3570	4780895
3571	-1
3572	-1
3573	4784259
3574	-1
3575	-1
3576	-1
3577	4787623
3578	-1
3579	-1
3580	4790987
3581	-1
3582	-1
3583	-1
3584	4794351
3585	-1
3586	-1
3587	4797715
3588	-1
3589	-1
3590	4801079
3591	-1
3592	-1
3593	-1
3594	4804443
3595	-1
3596	-1
3597	4807807
3598	-1
3599	-1
3600	4811171
3601	-1
3602	-1
3603	-1
3604	4814535
3605	-1
3606	-1
3607	4817899
3608	-1
3609	-1
3610	4821263
3611	-1
3612	-1
3613	-1
3614	4824627
3615	-1
3616	-1
3617	4827991
3618	-1
3619	-1
3620	-1
3621	4831355
3622	-1
3623	-1
3624	4834719
3625	-1
3626	-1
3627	4838083
3628	-1
3629	-1
3630	-1
3631	4841447
3632	-1
3633	-1
3634	4844811
3635	-1
3636	-1
3637	4848175
3638	-1
3639	-1
3640	-1
3641	4851539
3642	-1
3643	-1
3644	4854903
3645	-1
3646	-1
3647	4858267
3648	-1
3649	-1
3650	-1
3651	4861631
3652	-1
3653	-1
3654	4864995
3655	-1
3656	-1
3657	-1
3658	4868359
3659	-1
3660	-1
3661	4871723
3662	-1
3663	-1
3664	4875087
3665	-1
3666	-1
3667	-1
3668	4878451
3669	-1
3670	-1
3671	4881815
3672	-1
3673	-1
3674	4885179
3675	-1
3676	-1
3677	-1
3678	4888543
3679	-1
3680	-1
3681	4891907
3682	-1
3683	-1
3684	4895271
3685	-1
3686	-1
3687	-1
3688	4898635
3689	-1
3690	-1
3691	4901999
3692	-1
3693	-1
3694	-1
3695	4905363
3696	-1
3697	-1
3698	4908727
3699	-1
3700	-1
3701	4912091
3702	-1
3703	-1
3704	-1
3705	4915455
3706	-1
3707	-1
3708	4918819
3709	-1
3710	-1
3711	4922183
3712	-1
3713	-1
3714	-1
3715	4925547
3716	-1
3717	-1
3718	4928911
3719	-1
3720	-1
3721	4932275
3722	-1
3723	-1
3724	-1
3725	4935639
3726	-1
3727	-1
3728	4939003
3729	-1
3730	-1
3731	-1
3732	4942367
3733	-1
3734	-1
3735	4945731
3736	-1
3737	-1
3738	4949095
3739	-1
3740	-1
3741	-1
3742	4952459
3743	-1
3744	-1
3745	4955823
3746	-1
3747	-1
3748	4959187
3749	-1
3750	-1
3751	-1
3752	4962551
3753	-1
3754	-1
3755	4965915
3756	-1
3757	-1
3758	4969279
3759	-1
3760	-1
3761	-1
3762	4972643
3763	-1
3764	-1
3765	4976007
3766	-1
3767	-1
3768	-1
3769	4979371
3770	-1
3771	-1
3772	4982735
3773	-1
3774	-1
3775	4986099
3776	-1
3777	-1
3778	-1
3779	4989463
3780	-1
3781	-1
3782	4992827
3783	-1
3784	-1
3785	4996191
3786	-1
3787	-1
3788	-1
3789	4999555
3790	-1
3791	-1
3792	5002919
3793	-1
3794	-1
3795	5006283
3796	-1
3797	-1
3798	-1
3799	5009647
3800	-1
3801	-1
3802	5013011
3803	-1
3804	-1
3805	-1
3806	5016375
3807	-1
3808	-1
3809	5019739
3810	-1
3811	-1
3812	5023103
3813	-1
3814	-1
3815	-1
3816	5026467
3817	-1
3818	-1
3819	5029831
3820	-1
3821	-1
3822	5033195
3823	-1
3824	-1
3825	-1
3826	5036559
3827	-1
3828	-1
3829	5039923
3830	-1
3831	-1
3832	5043287
3833	-1
3834	-1
3835	-1
3836	5046651
3837	-1
3838	-1
3839	5050015
3840	-1
3841	-1
3842	-1
3843	5053379
3844	-1
3845	-1
3846	5056743
3847	-1
3848	-1
3849	5060107
3850	-1
3851	-1
3852	-1
3853	5063471
3854	-1
3855	-1
3856	5066835
3857	-1
3858	-1
3859	5070199
3860	-1
3861	-1
3862	-1
3863	5073563
3864	-1
3865	-1
3866	5076927
3867	-1
3868	-1
3869	5080291
3870	-1
3871	-1
3872	-1
3873	5083655
3874	-1
3875	-1
3876	5087019
3877	-1
3878	-1
3879	-1
3880	5090383
3881	-1
3882	-1
3883	5093747
3884	-1
3885	-1
3886	5097111
3887	-1
3888	-1
3889	-1
3890	5100475
3891	-1
3892	-1
3893	5103839
3894	-1
3895	-1
3896	5107203
3897	-1
3898	-1
3899	-1
3900	5110567
3901	-1
3902	-1
3903	5113931
3904	-1
3905	-1
3906	5117295
3907	-1
3908	-1
3909	-1
3910	5120659
3911	-1
3912	-1
3913	5124023
3914	-1
3915	-1
3916	-1
3917	5127387
3918	-1
3919	-1
3920	5130751
3921	-1
3922	-1
3923	5134115
3924	-1
3925	-1
3926	-1
3927	5137479
3928	-1
3929	-1
3930	5140843
3931	-1
3932	-1
3933	5144207
3934	-1
3935	-1
3936	-1
3937	5147571
3938	-1
3939	-1
3940	5150935
3941	-1
3942	-1
3943	5154299
3944	-1
3945	-1
3946	-1
3947	5157663
3948	-1
3949	-1
3950	5161027
3951	-1
3952	-1
3953	-1
3954	5164391
3955	-1
3956	-1
3957	5167755
3958	-1
3959	-1
3960	5171119
3961	-1
3962	-1
3963	-1
3964	5174483
3965	-1
3966	-1
3967	5177847
3968	-1
3969	-1
3970	5181211
3971	-1
3972	-1
3973	-1
3974	5184575
3975	-1
3976	-1
3977	5187939
3978	-1
3979	-1
3980	5191303
3981	-1
3982	-1
3983	-1
3984	5194667
3985	-1
3986	-1
3987	5198031
3988	-1
3989	-1
3990	-1
3991	5201395
3992	-1
3993	-1
3994	5204759
3995	-1
3996	-1
3997	5208123
3998	-1
3999	-1
4000	-1
4001	5211487
4002	-1
4003	-1
4004	5214851
4005	-1
4006	-1
4007	5218215
4008	-1
4009	-1
4010	-1
4011	5221579
4012	-1
4013	-1
4014	5224943
4015	-1
4016	-1
4017	5228307
4018	-1
4019	-1
4020	-1
4021	5231671
4022	-1
4023	-1
4024	5235035
4025	-1
4026	-1
4027	-1
4028	5238399
4029	-1
4030	-1
4031	5241763
4032	-1
4033	-1
4034	5245127
4035	-1
4036	-1
4037	-1
4038	5248491
4039	-1
4040	-1
4041	5251855
4042	-1
4043	-1
4044	5255219
4045	-1
4046	-1
4047	-1
4048	5258583
4049	-1
4050	-1
4051	5261947
4052	-1
4053	-1
4054	5265311
4055	-1
4056	-1
4057	-1
4058	5268675
4059	-1
4060	-1
4061	5272039
4062	-1
4063	-1
4064	-1
4065	5275403
4066	-1
4067	-1
4068	5278767
4069	-1
4070	-1
4071	5282131
4072	-1
4073	-1
4074	-1
4075	5285495
4076	-1
4077	-1
4078	5288859
4079	-1
4080	-1
4081	5292223
4082	-1
4083	-1
4084	-1
4085	5295587
4086	-1
4087	-1
4088	5298951
4089	-1
4090	-1
4091	5302315
4092	-1
4093	-1
4094	-1
4095	5305679
4096	-1
4097	-1
4098	5309043
4099	-1
4100	-1
4101	-1
4102	5312407
4103	-1
4104	-1
4105	5315771
4106	-1
4107	-1
4108	5319135
4109	-1
4110	-1
4111	-1
4112	5322499
4113	-1
4114	-1
4115	5325863
4116	-1
4117	-1
4118	5329227
4119	-1
4120	-1
4121	-1
4122	5332591
4123	-1
4124	-1
4125	5335955
4126	-1
4127	-1
4128	5339319
4129	-1
4130	-1
4131	-1
4132	5342683
4133	-1
4134	-1
4135	5346047
4136	-1
4137	-1
4138	-1
4139	5349411
4140	-1
4141	-1
4142	5352775
4143	-1
4144	-1
4145	5356139
4146	-1
4147	-1
4148	-1
4149	5359503
4150	-1
4151	-1
4152	5362867
4153	-1
4154	-1
4155	5366231
4156	-1
4157	-1
4158	-1
4159	5369595
4160	-1
4161	-1
4162	5372959
4163	-1
4164	-1
4165	5376323
4166	-1
4167	-1
4168	-1
4169	5379687
4170	-1
4171	-1
4172	5383051
4173	-1
4174	-1
4175	-1
4176	5386415
4177	-1
4178	-1
4179	5389779
4180	-1
4181	-1
4182	5393143
4183	-1
4184	-1
4185	-1
4186	5396507
4187	-1
4188	-1
4189	5399871
4190	-1
4191	-1
4192	5403235
4193	-1
4194	-1
4195	-1
4196	5406599
4197	-1
4198	-1
4199	5409963
4200	-1
4201	-1
4202	5413327
4203	-1
4204	-1
4205	-1
4206	5416691
4207	-1
4208	-1
4209	5420055
4210	-1
4211	-1
4212	-1
4213	5423419
4214	-1
4215	-1
4216	5426783
4217	-1
4218	-1
4219	5430147
4220	-1
4221	-1
4222	-1
4223	5433511
4224	-1
4225	-1
4226	5436875
4227	-1
4228	-1
4229	5440239
4230	-1
4231	-1
4232	-1
4233	5443603
4234	-1
4235	-1
4236	5446967
4237	-1
4238	-1
4239	5450331
4240	-1
4241	-1
4242	-1
4243	5453695
4244	-1
4245	-1
4246	5457059
4247	-1
4248	-1
4249	-1
4250	5460423
4251	-1
4252	-1
4253	5463787
4254	-1
4255	-1
4256	5467151
4257	-1
4258	-1
4259	-1
4260	5470515
4261	-1
4262	-1
4263	5473879
4264	-1
4265	-1
4266	5477243
4267	-1
4268	-1
4269	-1
4270	5480607
4271	-1
4272	-1
4273	5483971
4274	-1
4275	-1
4276	5487335
4277	-1
4278	-1
4279	-1
4280	5490699
4281	-1
4282	-1
4283	5494063
4284	-1
4285	-1
4286	-1
4287	5497427
4288	-1
4289	-1
4290	5500791
4291	-1
4292	-1
4293	5504155
4294	-1
4295	-1
4296	-1
4297	5507519
4298	-1
4299	-1
4300	5510883
4301	-1
4302	-1
4303	5514247
4304	-1
4305	-1
4306	-1
4307	5517611
4308	-1
4309	-1
4310	5520975
4311	-1
4312	-1
4313	-1
4314	5524339
4315	-1
4316	-1
4317	5527703
4318	-1
4319	-1
4320	5531067
4321	-1
4322	-1
4323	-1
4324	5534431
4325	-1
4326	-1
4327	5537795
4328	-1
4329	-1
4330	5541159
4331	-1
4332	-1
4333	-1
4334	5544523
4335	-1
4336	-1
4337	5547887
4338	-1
4339	-1
4340	5551251
4341	-1
4342	-1
4343	-1
4344	5554615
4345	-1
4346	-1
4347	5557979
4348	-1
4349	-1
4350	-1
4351	5561343
4352	-1
4353	-1
4354	5564707
4355	-1
4356	-1
4357	5568071
4358	-1
4359	-1
4360	-1
4361	5571435
4362	-1
4363	-1
4364	5574799
4365	-1
4366	-1
4367	5578163
4368	-1
4369	-1
4370	-1
4371	5581527
4372	-1
4373	-1
4374	5584891
4375	-1
4376	-1
4377	5588255
4378	-1
4379	-1
4380	-1
4381	5591619
4382	-1
4383	-1
4384	5594983
4385	-1
4386	-1
4387	-1
4388	5598347
4389	-1
4390	-1
4391	5601711
4392	-1
4393	-1
4394	5605075
4395	-1
4396	-1
4397	-1
4398	5608439
4399	-1
4400	-1
4401	5611803
4402	-1
4403	-1
4404	5615167
4405	-1
4406	-1
4407	-1
4408	5618531
4409	-1
4410	-1
4411	5621895
4412	-1
4413	-1
4414	5625259
4415	-1
4416	-1
4417	-1
4418	5628623
4419	-1
4420	-1
4421	5631987
4422	-1
4423	-1
4424	-1
4425	5635351
4426	-1
4427	-1
4428	5638715
4429	-1
4430	-1
4431	5642079
4432	-1
4433	-1
4434	-1
4435	5645443
4436	-1
4437	-1
4438	5648807
4439	-1
4440	-1
4441	5652171
4442	-1
4443	-1
4444	-1
4445	5655535
4446	-1
4447	-1
4448	5658899
4449	-1
4450	-1
4451	5662263
4452	-1
4453	-1
4454	-1
4455	5665627
4456	-1
4457	-1
4458	5668991
4459	-1
4460	-1
4461	-1
4462	5672355
4463	-1
4464	-1
4465	5675719
4466	-1
4467	-1
4468	5679083
4469	-1
4470	-1
4471	-1
4472	5682447
4473	-1
4474	-1
4475	5685811
4476	-1
4477	-1
4478	5689175
4479	-1
4480	-1
4481	-1
4482	5692539
4483	-1
4484	-1
4485	5695903
4486	-1
4487	-1
4488	5699267
4489	-1
4490	-1
4491	-1
4492	5702631
4493	-1
4494	-1
4495	5705995
4496	-1
4497	-1
4498	-1
4499	5709359
4500	-1
4501	-1
4502	5712723
4503	-1
4504	-1
4505	5716087
4506	-1
4507	-1
4508	-1
4509	5719451
4510	-1
4511	-1
4512	5722815
4513	-1
4514	-1
4515	5726179
4516	-1
4517	-1
4518	-1
4519	5729543
4520	-1
4521	-1
4522	5732907
4523	-1
4524	-1
4525	5736271
4526	-1
4527	-1
4528	-1
4529	5739635
4530	-1
4531	-1
4532	5742999
4533	-1
4534	-1
4535	-1
4536	5746363
4537	-1
4538	-1
4539	5749727
4540	-1
4541	-1
4542	5753091
4543	-1
4544	-1
4545	-1
4546	5756455
4547	-1
4548	-1
4549	5759819
4550	-1
4551	-1
4552	5763183
4553	-1
4554	-1
4555	-1
4556	5766547
4557	-1
4558	-1
4559	5769911
4560	-1
4561	-1
4562	5773275
4563	-1
4564	-1
4565	-1
4566	5776639
4567	-1
4568	-1
4569	5780003
4570	-1
4571	-1
4572	-1
4573	5783367
4574	-1
4575	-1
4576	5786731
4577	-1
4578	-1
4579	5790095
4580	-1
4581	-1
4582	-1
4583	5793459
4584	-1
4585	-1
4586	5796823
4587	-1
4588	-1
4589	5800187
4590	-1
4591	-1
4592	-1
4593	5803551
4594	-1
4595	-1
4596	5806915
4597	-1
4598	-1
4599	5810279
4600	-1
4601	-1
4602	-1
4603	5813643
4604	-1
4605	-1
4606	5817007
4607	-1
4608	-1
4609	-1
4610	5820371
4611	-1
4612	-1
4613	5823735
4614	-1
4615	-1
4616	5827099
4617	-1
4618	-1
4619	-1
4620	5830463
4621	-1
4622	-1
4623	5833827
4624	-1
4625	-1
4626	5837191
4627	-1
4628	-1
4629	-1
4630	5840555
4631	-1
4632	-1
4633	5843919
4634	-1
4635	-1
4636	5847283
4637	-1
4638	-1
4639	-1
4640	5850647
4641	-1
4642	-1
4643	5854011
4644	-1
4645	-1
4646	-1
4647	5857375
4648	-1
4649	-1
4650	5860739
4651	-1
4652	-1
4653	5864103
4654	-1
4655	-1
4656	-1
4657	5867467
4658	-1
4659	-1
4660	5870831
4661	-1
4662	-1
4663	5874195
4664	-1
4665	-1
4666	-1
4667	5877559
4668	-1
4669	-1
4670	5880923
4671	-1
4672	-1
4673	5884287
4674	-1
4675	-1
4676	-1
4677	5887651
4678	-1
4679	-1
4680	5891015
4681	-1
4682	-1
4683	-1
4684	5894379
4685	-1
4686	-1
4687	5897743
4688	-1
4689	-1
4690	5901107
4691	-1
4692	-1
4693	-1
4694	5904471
4695	-1
4696	-1
4697	5907835
4698	-1
4699	-1
4700	5911199
4701	-1
4702	-1
4703	-1
4704	5914563
4705	-1
4706	-1
4707	5917927
4708	-1
4709	-1
4710	5921291
4711	-1
4712	-1
4713	-1
4714	5924655
4715	-1
4716	-1
4717	5928019
4718	-1
4719	-1
4720	-1
4721	5931383
4722	-1
4723	-1
4724	5934747
4725	-1
4726	-1
4727	5938111
4728	-1
4729	-1
4730	-1
4731	5941475
4732	-1
4733	-1
4734	5944839
4735	-1
4736	-1
4737	5948203
4738	-1
4739	-1
4740	-1
4741	5951567
4742	-1
4743	-1
4744	5954931
4745	-1
4746	-1
4747	5958295
4748	-1
4749	-1
4750	-1
4751	5961659
4752	-1
4753	-1
4754	5965023
4755	-1
4756	-1
4757	-1
4758	5968387
4759	-1
4760	-1
4761	5971751
4762	-1
4763	-1
4764	5975115
4765	-1
4766	-1
4767	-1
4768	5978479
4769	-1
4770	-1
4771	5981843
4772	-1
4773	-1
4774	5985207
4775	-1
4776	-1
4777	-1
4778	5988571
4779	-1
4780	-1
4781	5991935
4782	-1
4783	-1
4784	5995299
4785	-1
4786	-1
4787	-1
4788	5998663
4789	-1
4790	-1
4791	6002027
4792	-1
4793	-1
4794	-1
4795	6005391
4796	-1
4797	-1
4798	6008755
4799	-1
4800	-1
4801	6012119
4802	-1
4803	-1
4804	-1
4805	6015483
4806	-1
4807	-1
4808	6018847
4809	-1
4810	-1
4811	6022211
4812	-1
4813	-1
4814	-1
4815	6025575
4816	-1
4817	-1
4818	6028939
4819	-1
4820	-1
4821	6032303
4822	-1
4823	-1
4824	-1
4825	6035667
4826	-1
4827	-1
4828	6039031
4829	-1
4830	-1
4831	-1
4832	6042395
4833	-1
4834	-1
4835	6045759
4836	-1
4837	-1
4838	6049123
4839	-1
4840	-1
4841	-1
4842	6052487
4843	-1
4844	-1
4845	6055851
4846	-1
4847	-1
4848	6059215
4849	-1
4850	-1
4851	-1
4852	6062579
4853	-1
4854	-1
4855	6065943
4856	-1
4857	-1
4858	6069307
4859	-1
4860	-1
4861	-1
4862	6072671
4863	-1
4864	-1
4865	6076035
4866	-1
4867	-1
4868	-1
4869	6079399
4870	-1
4871	-1
4872	6082763
4873	-1
4874	-1
4875	6086127
4876	-1
4877	-1
4878	-1
4879	6089491
4880	-1
4881	-1
4882	6092855
4883	-1
4884	-1
4885	6096219
4886	-1
4887	-1
4888	-1
4889	6099583
4890	-1
4891	-1
4892	6102947
4893	-1
4894	-1
4895	6106311
4896	-1
4897	-1
4898	-1
4899	6109675
4900	-1
4901	-1
4902	6113039
4903	-1
4904	-1
4905	-1
4906	6116403
4907	-1
4908	-1
4909	6119767
4910	-1
4911	-1
4912	6123131
4913	-1
4914	-1
4915	-1
4916	6126495
4917	-1
4918	-1
4919	6129859
4920	-1
4921	-1
4922	6133223
4923	-1
4924	-1
4925	-1
4926	6136587
4927	-1
4928	-1
4929	6139951
4930	-1
4931	-1
4932	6143315
4933	-1
4934	-1
4935	-1
4936	6146679
4937	-1
4938	-1
4939	6150043
4940	-1
4941	-1
4942	-1
4943	6153407
4944	-1
4945	-1
4946	6156771
4947	-1
4948	-1
4949	6160135
4950	-1
4951	-1
4952	-1
4953	6163499
4954	-1
4955	-1
4956	6166863
4957	-1
4958	-1
4959	6170227
4960	-1
4961	-1
4962	-1
4963	6173591
4964	-1
4965	-1
4966	6176955
4967	-1
4968	-1
4969	6180319
4970	-1
4971	-1
4972	-1
4973	6183683
4974	-1
4975	-1
4976	6187047
4977	-1
4978	-1
4979	-1
4980	6190411
4981	-1
4982	-1
4983	6193775
4984	-1
4985	-1
4986	6197139
4987	-1
4988	-1
4989	-1
4990	6200503
4991	-1
4992	-1
4993	6203867
4994	-1
4995	-1
4996	6207231
4997	-1
4998	-1
4999	-1
5000	6210595
5001	-1
5002	-1
5003	6213959
5004	-1
5005	-1
5006	6217323
5007	-1
5008	-1
5009	-1
5010	6220687
5011	-1
5012	-1
5013	6224051
5014	-1
5015	-1
5016	-1
5017	6227415
5018	-1
5019	-1
5020	6230779
5021	-1
5022	-1
5023	6234143
5024	-1
5025	-1
5026	-1
5027	6237507
5028	-1
5029	-1
5030	6240871
5031	-1
5032	-1
5033	6244235
5034	-1
5035	-1
5036	-1
5037	6247599
5038	-1
5039	-1
5040	6250963
5041	-1
5042	-1
5043	6254327
5044	-1
5045	-1
5046	-1
5047	6257691
5048	-1
5049	-1
5050	6261055
5051	-1
5052	-1
5053	-1
5054	6264419
5055	-1
5056	-1
5057	6267783
5058	-1
5059	-1
5060	6271147
5061	-1
5062	-1
5063	-1
5064	6274511
5065	-1
5066	-1
5067	6277875
5068	-1
5069	-1
5070	6281239
5071	-1
5072	-1
5073	-1
5074	6284603
5075	-1
5076	-1
5077	6287967
5078	-1
5079	-1
5080	6291331
5081	-1
5082	-1
5083	-1
5084	6294695
5085	-1
5086	-1
5087	6298059
5088	-1
5089	-1
5090	-1
5091	6301423
5092	-1
5093	-1
5094	6304787
5095	-1
5096	-1
5097	6308151
5098	-1
5099	-1
5100	-1
5101	6311515
5102	-1
5103	-1
5104	6314879
5105	-1
5106	-1
5107	6318243
5108	-1
5109	-1
5110	-1
5111	6321607
5112	-1
5113	-1
5114	6324971
5115	-1
5116	-1
5117	6328335
5118	-1
5119	-1
5120	-1
5121	6331699
5122	-1
5123	-1
5124	6335063
5125	-1
5126	-1
5127	-1
5128	6338427
5129	-1
5130	-1
5131	6341791
5132	-1
5133	-1
5134	6345155
5135	-1
5136	-1
5137	-1
5138	6348519
5139	-1
5140	-1
5141	6351883
5142	-1
5143	-1
5144	6355247
5145	-1
5146	-1
5147	-1
5148	6358611
5149	-1
5150	-1
5151	6361975
5152	-1
5153	-1
5154	-1
5155	6365339
5156	-1
5157	-1
5158	6368703
5159	-1
5160	-1
5161	6372067
5162	-1
5163	-1
5164	-1
5165	6375431
5166	-1
5167	-1
5168	6378795
5169	-1
5170	-1
5171	6382159
5172	-1
5173	-1
5174	-1
5175	6385523
5176	-1
5177	-1
5178	6388887
5179	-1
5180	-1
5181	6392251
5182	-1
5183	-1
5184	-1
5185	6395615
5186	-1
5187	-1
5188	6398979
5189	-1
5190	-1
5191	-1
5192	6402343
5193	-1
5194	-1
5195	6405707
5196	-1
5197	-1
5198	6409071
5199	-1
5200	-1
5201	-1
5202	6412435
5203	-1
5204	-1
5205	6415799
5206	-1
5207	-1
5208	6419163
5209	-1
5210	-1
5211	-1
5212	6422527
5213	-1
5214	-1
5215	6425891
5216	-1
5217	-1
5218	6429255
5219	-1
5220	-1
5221	-1
5222	6432619
5223	-1
5224	-1
5225	6435983
5226	-1
5227	-1
5228	-1
5229	6439347
5230	-1
5231	-1
5232	6442711
5233	-1
5234	-1
5235	6446075
5236	-1
5237	-1
5238	-1
5239	6449439
5240	-1
5241	-1
5242	6452803
5243	-1
5244	-1
5245	6456167
5246	-1
5247	-1
5248	-1
5249	6459531
5250	-1
5251	-1
5252	6462895
5253	-1
5254	-1
5255	6466259
5256	-1
5257	-1
5258	-1
5259	6469623
5260	-1
5261	-1
5262	6472987
5263	-1
5264	-1
5265	-1
5266	6476351
5267	-1
5268	-1
5269	6479715
5270	-1
5271	-1
5272	6483079
5273	-1
5274	-1
5275	-1
5276	6486443
5277	-1
5278	-1
5279	6489807
5280	-1
5281	-1
5282	6493171
5283	-1
5284	-1
5285	-1
5286	6496535
5287	-1
5288	-1
5289	6499899
5290	-1
5291	-1
5292	6503263
5293	-1
5294	-1
5295	-1
5296	6506627
5297	-1
5298	-1
5299	6509991
5300	-1
5301	-1
5302	-1
5303	6513355
5304	-1
5305	-1
5306	6516719
5307	-1
5308	-1
5309	6520083
5310	-1
5311	-1
5312	-1
5313	6523447
5314	-1
5315	-1
5316	6526811
5317	-1
5318	-1
5319	6530175
5320	-1
5321	-1
5322	-1
5323	6533539
5324	-1
5325	-1
5326	6536903
5327	-1
5328	-1
5329	6540267
5330	-1
5331	-1
5332	-1
5333	6543631
5334	-1
5335	-1
5336	6546995
5337	-1
5338	-1
5339	-1
5340	6550359
5341	-1
5342	-1
5343	6553723
5344	-1
5345	-1
5346	6557087
5347	-1
5348	-1
5349	-1
5350	6560451
5351	-1
5352	-1
5353	6563815
5354	-1
5355	-1
5356	6567179
5357	-1
5358	-1
5359	-1
5360	6570543
5361	-1
5362	-1
5363	6573907
5364	-1
5365	-1
5366	6577271
5367	-1
5368	-1
5369	-1
5370	6580635
5371	-1
5372	-1
5373	6583999
5374	-1
5375	-1
5376	-1
5377	6587363
5378	-1
5379	-1
5380	6590727
5381	-1
5382	-1
5383	6594091
5384	-1
5385	-1
5386	-1
5387	6597455
5388	-1
5389	-1
5390	6600819
5391	-1
5392	-1
5393	6604183
5394	-1
5395	-1
5396	-1
5397	6607547
5398	-1
5399	-1
5400	6610911
5401	-1
5402	-1
5403	6614275
5404	-1
5405	-1
5406	-1
5407	6617639
5408	-1
5409	-1
5410	6621003
5411	-1
5412	-1
5413	-1
5414	6624367
5415	-1
5416	-1
5417	6627731
5418	-1
5419	-1
5420	6631095
5421	-1
5422	-1
5423	-1
5424	6634459
5425	-1
5426	-1
5427	6637823
5428	-1
5429	-1
5430	6641187
5431	-1
5432	-1
5433	-1
5434	6644551
5435	-1
5436	-1
5437	6647915
5438	-1
5439	-1
5440	6651279
5441	-1
5442	-1
5443	-1
5444	6654643
5445	-1
5446	-1
5447	6658007
5448	-1
5449	-1
5450	-1
5451	6661371
5452	-1
5453	-1
5454	6664735
5455	-1
5456	-1
5457	6668099
5458	-1
5459	-1
5460	-1
5461	6671463
5462	-1
5463	-1
5464	6674827
5465	-1
5466	-1
5467	6678191
5468	-1
5469	-1
5470	-1
5471	6681555
5472	-1
5473	-1
5474	6684919
5475	-1
5476	-1
5477	6688283
5478	-1
5479	-1
5480	-1
5481	6691647
5482	-1
5483	-1
5484	6695011
5485	-1
5486	-1
5487	-1
5488	6698375
5489	-1
5490	-1
5491	6701739
5492	-1
5493	-1
5494	6705103
5495	-1
5496	-1
5497	-1
5498	6708467
5499	-1
5500	-1
5501	6711831
5502	-1
5503	-1
5504	6715195
5505	-1
5506	-1
5507	-1
5508	6718559
5509	-1
5510	-1
5511	6721923
5512	-1
5513	-1
5514	6725287
5515	-1
5516	-1
5517	-1
5518	6728651
5519	-1
5520	-1
5521	6732015
5522	-1
5523	-1
5524	-1
5525	6735379
5526	-1
5527	-1
5528	6738743
5529	-1
5530	-1
5531	6742107
5532	-1
5533	-1
5534	-1
5535	6745471
5536	-1
5537	-1
5538	6748835
5539	-1
5540	-1
5541	6752199
5542	-1
5543	-1
5544	-1
5545	6755563
5546	-1
5547	-1
5548	6758927
5549	-1
5550	-1
5551	6762291
5552	-1
5553	-1
5554	-1
5555	6765655
5556	-1
5557	-1
5558	6769019
5559	-1
5560	-1
5561	-1
5562	6772383
5563	-1
5564	-1
5565	6775747
5566	-1
5567	-1
5568	6779111
5569	-1
5570	-1
5571	-1
5572	6782475
5573	-1
5574	-1
5575	6785839
5576	-1
5577	-1
5578	6789203
5579	-1
5580	-1
5581	-1
5582	6792567
5583	-1
5584	-1
5585	6795931
5586	-1
5587	-1
5588	6799295
5589	-1
5590	-1
5591	-1
5592	6802659
5593	-1
5594	-1
5595	6806023
5596	-1
5597	-1
5598	-1
5599	6809387
5600	-1
5601	-1
5602	6812751
5603	-1
5604	-1
5605	6816115
5606	-1
5607	-1
5608	-1
5609	6819479
5610	-1
5611	-1
5612	6822843
5613	-1
5614	-1
5615	6826207
5616	-1
5617	-1
5618	-1
5619	6829571
5620	-1
5621	-1
5622	6832935
5623	-1
5624	-1
5625	6836299
5626	-1
5627	-1
5628	-1
5629	6839663
5630	-1
5631	-1
5632	6843027
5633	-1
5634	-1
5635	-1
5636	6846391
5637	-1
5638	-1
5639	6849755
5640	-1
5641	-1
5642	6853119
5643	-1
5644	-1
5645	-1
5646	6856483
5647	-1
5648	-1
5649	6859847
5650	-1
5651	-1
5652	6863211
5653	-1
5654	-1
5655	-1
5656	6866575
5657	-1
5658	-1
5659	6869939
5660	-1
5661	-1
5662	6873303
5663	-1
5664	-1
5665	-1
5666	6876667
5667	-1
5668	-1
5669	6880031
5670	-1
5671	-1
5672	-1
5673	6883395
5674	-1
5675	-1
5676	6886759
5677	-1
5678	-1
5679	6890123
5680	-1
5681	-1
5682	-1
5683	6893487
5684	-1
5685	-1
5686	6896851
5687	-1
5688	-1
5689	6900215
5690	-1
5691	-1
5692	-1
5693	6903579
5694	-1
5695	-1
5696	6906943
5697	-1
5698	-1
5699	6910307
5700	-1
5701	-1
5702	-1
5703	6913671
5704	-1
5705	-1
5706	6917035
5707	-1
5708	-1
5709	-1
5710	6920399
5711	-1
5712	-1
5713	6923763
5714	-1
5715	-1
5716	6927127
5717	-1
5718	-1
5719	-1
5720	6930491
5721	-1
5722	-1
5723	6933855
5724	-1
5725	-1
5726	6937219
5727	-1
5728	-1
5729	-1
5730	6940583
5731	-1
5732	-1
5733	6943947
5734	-1
5735	-1
5736	6947311
5737	-1
5738	-1
5739	-1
5740	6950675
5741	-1
5742	-1
5743	6954039
5744	-1
5745	-1
5746	-1
5747	6957403
5748	-1
5749	-1
5750	6960767
5751	-1
5752	-1
5753	6964131
5754	-1
5755	-1
5756	-1
5757	6967495
5758	-1
5759	-1
5760	6970859
5761	-1
5762	-1
5763	6974223
5764	-1
5765	-1
5766	-1
5767	6977587
5768	-1
5769	-1
5770	6980951
5771	-1
5772	-1
5773	6984315
5774	-1
5775	-1
5776	-1
5777	6987679
5778	-1
5779	-1
5780	6991043
5781	-1
5782	-1
5783	-1
5784	6994407
5785	-1
5786	-1
5787	6997771
5788	-1
5789	-1
5790	7001135
5791	-1
5792	-1
5793	-1
5794	7004499
5795	-1
5796	-1
5797	7007863
5798	-1
5799	-1
5800	7011227
5801	-1
5802	-1
5803	-1
5804	7014591
5805	-1
5806	-1
5807	7017955
5808	-1
5809	-1
5810	7021319
5811	-1
5812	-1
5813	-1
5814	7024683
5815	-1
5816	-1
5817	7028047
5818	-1
5819	-1
5820	-1
5821	7031411
5822	-1
5823	-1
5824	7034775
5825	-1
5826	-1
5827	7038139
5828	-1
5829	-1
5830	-1
5831	7041503
5832	-1
5833	-1
5834	7044867
5835	-1
5836	-1
5837	7048231
5838	-1
5839	-1
5840	-1
5841	7051595
5842	-1
5843	-1
5844	7054959
5845	-1
5846	-1
5847	7058323
5848	-1
5849	-1
5850	-1
5851	7061687
5852	-1
5853	-1
5854	7065051
5855	-1
5856	-1
5857	-1
5858	7068415
5859	-1
5860	-1
5861	7071779
5862	-1
5863	-1
5864	7075143
5865	-1
5866	-1
5867	-1
5868	7078507
5869	-1
5870	-1
5871	7081871
5872	-1
5873	-1
5874	7085235
5875	-1
5876	-1
5877	-1
5878	7088599
5879	-1
5880	-1
5881	7091963
5882	-1
5883	-1
5884	7095327
5885	-1
5886	-1
5887	-1
5888	7098691
5889	-1
5890	-1
5891	7102055
5892	-1
5893	-1
5894	-1
5895	7105419
5896	-1
5897	-1
5898	7108783
5899	-1
5900	-1
5901	7112147
5902	-1
5903	-1
5904	-1
5905	7115511
5906	-1
5907	-1
5908	7118875
5909	-1
5910	-1
5911	7122239
5912	-1
5913	-1
5914	-1
5915	7125603
5916	-1
5917	-1
5918	7128967
5919	-1
5920	-1
5921	7132331
5922	-1
5923	-1
5924	-1
5925	7135695
5926	-1
5927	-1
5928	7139059
5929	-1
5930	-1
5931	-1
5932	7142423
5933	-1
5934	-1
5935	7145787
5936	-1
5937	-1
5938	7149151
5939	-1
5940	-1
5941	-1
5942	7152515
5943	-1
5944	-1
5945	7155879
5946	-1
5947	-1
5948	7159243
5949	-1
5950	-1
5951	-1
5952	7162607
5953	-1
5954	-1
5955	7165971
5956	-1
5957	-1
5958	7169335
5959	-1
5960	-1
5961	-1
5962	7172699
5963	-1
5964	-1
5965	7176063
5966	-1
5967	-1
5968	-1
5969	7179427
5970	-1
5971	-1
5972	7182791
5973	-1
5974	-1
5975	7186155
5976	-1
5977	-1
5978	-1
5979	7189519
5980	-1
5981	-1
5982	7192883
5983	-1
5984	-1
5985	7196247
5986	-1
5987	-1
5988	-1
5989	7199611
5990	-1
5991	-1
5992	7202975
5993	-1
5994	-1
5995	-1
5996	7206339
5997	-1
5998	-1
5999	7209703
6000	-1
6001	-1
6002	7213067
6003	-1
6004	-1
6005	-1
6006	7216431
6007	-1
6008	-1
6009	7219795
6010	-1
6011	-1
6012	7223159
6013	-1
6014	-1
6015	-1
6016	7226523
6017	-1
6018	-1
6019	7229887
6020	-1
6021	-1
6022	7233251
6023	-1
6024	-1
6025	-1
6026	7236615
6027	-1
6028	-1
6029	7239979
6030	-1
6031	-1
6032	-1
6033	7243343
6034	-1
6035	-1
6036	7246707
6037	-1
6038	-1
6039	7250071
6040	-1
6041	-1
6042	-1
6043	7253435
6044	-1
6045	-1
6046	7256799
6047	-1
6048	-1
6049	7260163
6050	-1
6051	-1
6052	-1
6053	7263527
6054	-1
6055	-1
6056	7266891
6057	-1
6058	-1
6059	7270255
6060	-1
6061	-1
6062	-1
6063	7273619
6064	-1
6065	-1
6066	7276983
6067	-1
6068	-1
6069	-1
6070	7280347
6071	-1
6072	-1
6073	7283711
6074	-1
6075	-1
6076	7287075
6077	-1
6078	-1
6079	-1
6080	7290439
6081	-1
6082	-1
6083	7293803
6084	-1
6085	-1
6086	7297167
6087	-1
6088	-1
6089	-1
6090	7300531
6091	-1
6092	-1
6093	7303895
6094	-1
6095	-1
6096	7307259
6097	-1
6098	-1
6099	-1
6100	7310623
6101	-1
6102	-1
6103	7313987
6104	-1
6105	-1
6106	-1
6107	7317351
6108	-1
6109	-1
6110	7320715
6111	-1
6112	-1
6113	7324079
6114	-1
6115	-1
6116	-1
6117	7327443
6118	-1
6119	-1
6120	7330807
6121	-1
6122	-1
6123	7334171
6124	-1
6125	-1
6126	-1
6127	7337535
6128	-1
6129	-1
6130	7340899
6131	-1
6132	-1
6133	7344263
6134	-1
6135	-1
6136	-1
6137	7347627
6138	-1
6139	-1
6140	7350991
6141	-1
6142	-1
6143	-1
6144	7354355
6145	-1
6146	-1
6147	7357719
6148	-1
6149	-1
6150	7361083
6151	-1
6152	-1
6153	-1
6154	7364447
6155	-1
6156	-1
6157	7367811
6158	-1
6159	-1
6160	7371175
6161	-1
6162	-1
6163	-1
6164	7374539
6165	-1
6166	-1
6167	7377903
6168	-1
6169	-1
6170	7381267
6171	-1
6172	-1
6173	-1
6174	7384631
6175	-1
6176	-1
6177	7387995
6178	-1
6179	-1
6180	-1
6181	7391359
6182	-1
6183	-1
6184	7394723
6185	-1
6186	-1
6187	7398087
6188	-1
6189	-1
6190	-1
6191	7401451
6192	-1
6193	-1
6194	7404815
6195	-1
6196	-1
6197	7408179
6198	-1
6199	-1
6200	-1
6201	7411543
6202	-1
6203	-1
6204	7414907
6205	-1
6206	-1
6207	7418271
6208	-1
6209	-1
6210	-1
6211	7421635
6212	-1
6213	-1
6214	7424999
6215	-1
6216	-1
6217	-1
6218	7428363
6219	-1
6220	-1
6221	7431727
6222	-1
6223	-1
6224	7435091
6225	-1
6226	-1
6227	-1
6228	7438455
6229	-1
6230	-1
6231	7441819
6232	-1
6233	-1
6234	7445183
6235	-1
6236	-1
6237	-1
6238	7448547
6239	-1
6240	-1
6241	7451911
6242	-1
6243	-1
6244	7455275
6245	-1
6246	-1
6247	-1
6248	7458639
6249	-1
6250	-1
6251	7462003
6252	-1
6253	-1
6254	-1
6255	7465367
6256	-1
6257	-1
6258	7468731
6259	-1
6260	-1
6261	7472095
6262	-1
6263	-1
6264	-1
6265	7475459
6266	-1
6267	-1
6268	7478823
6269	-1
6270	-1
6271	7482187
6272	-1
6273	-1
6274	-1
6275	7485551
6276	-1
6277	-1
6278	7488915
6279	-1
6280	-1
6281	7492279
6282	-1
6283	-1
6284	-1
6285	7495643
6286	-1
6287	-1
6288	7499007
6289	-1
6290	-1
6291	-1
6292	7502371
6293	-1
6294	-1
6295	7505735
6296	-1
6297	-1
6298	7509099
6299	-1
6300	-1
6301	-1
6302	7512463
6303	-1
6304	-1
6305	7515827
6306	-1
6307	-1
6308	7519191
6309	-1
6310	-1
6311	-1
6312	7522555
6313	-1
6314	-1
6315	7525919
6316	-1
6317	-1
6318	7529283
6319	-1
6320	-1
6321	-1
6322	7532647
6323	-1
6324	-1
6325	7536011
6326	-1
6327	-1
6328	-1
6329	7539375
6330	-1
6331	-1
6332	7542739
6333	-1
6334	-1
6335	7546103
6336	-1
6337	-1
6338	-1
6339	7549467
6340	-1
6341	-1
6342	7552831
6343	-1
6344	-1
6345	7556195
6346	-1
6347	-1
6348	-1
6349	7559559
6350	-1
6351	-1
6352	7562923
6353	-1
6354	-1
6355	7566287
6356	-1
6357	-1
6358	-1
6359	7569651
6360	-1
6361	-1
6362	7573015
6363	-1
6364	-1
6365	-1
6366	7576379
6367	-1
6368	-1
6369	7579743
6370	-1
6371	-1
6372	7583107
6373	-1
6374	-1
6375	-1
6376	7586471
6377	-1
6378	-1
6379	7589835
6380	-1
6381	-1
6382	7593199
6383	-1
6384	-1
6385	-1
6386	7596563
6387	-1
6388	-1
6389	7599927
6390	-1
6391	-1
6392	7603291
6393	-1
6394	-1
6395	-1
6396	7606655
6397	-1
6398	-1
6399	7610019
6400	-1
6401	-1
6402	-1
6403	7613383
6404	-1
6405	-1
6406	7616747
6407	-1
6408	-1
6409	7620111
6410	-1
6411	-1
6412	-1
6413	7623475
6414	-1
6415	-1
6416	7626839
6417	-1
6418	-1
6419	7630203
6420	-1
6421	-1
6422	-1
6423	7633567
6424	-1
6425	-1
6426	7636931
6427	-1
6428	-1
6429	7640295
6430	-1
6431	-1
6432	-1
6433	7643659
6434	-1
6435	-1
6436	7647023
6437	-1
6438	-1
6439	-1
6440	7650387
6441	-1
6442	-1
6443	7653751
6444	-1
6445	-1
6446	7657115
6447	-1
6448	-1
6449	-1
6450	7660479
6451	-1
6452	-1
6453	7663843
6454	-1
6455	-1
6456	7667207
6457	-1
6458	-1
6459	-1
6460	7670571
6461	-1
6462	-1
6463	7673935
6464	-1
6465	-1
6466	7677299
6467	-1
6468	-1
6469	-1
6470	7680663
6471	-1
6472	-1
6473	7684027
6474	-1
6475	-1
6476	-1
6477	7687391
6478	-1
6479	-1
6480	7690755
6481	-1
6482	-1
6483	7694119
6484	-1
6485	-1
6486	-1
6487	7697483
6488	-1
6489	-1
6490	7700847
6491	-1
6492	-1
6493	7704211
6494	-1
6495	-1
6496	-1
6497	7707575
6498	-1
6499	-1
6500	7710939
6501	-1
6502	-1
6503	7714303
6504	-1
6505	-1
6506	-1
6507	7717667
6508	-1
6509	-1
6510	7721031
6511	-1
6512	-1
6513	-1
6514	7724395
6515	-1
6516	-1
6517	7727759
6518	-1
6519	-1
6520	7731123
6521	-1
6522	-1
6523	-1
6524	7734487
6525	-1
6526	-1
6527	7737851
6528	-1
6529	-1
6530	7741215
6531	-1
6532	-1
6533	-1
6534	7744579
6535	-1
6536	-1
6537	7747943
6538	-1
6539	-1
6540	7751307
6541	-1
6542	-1
6543	-1
6544	7754671
6545	-1
6546	-1
6547	7758035
6548	-1
6549	-1
6550	-1
6551	7761399
6552	-1
6553	-1
6554	7764763
6555	-1
6556	-1
6557	7768127
6558	-1
6559	-1
6560	-1
6561	7771491
6562	-1
6563	-1
6564	7774855
6565	-1
6566	-1
6567	7778219
6568	-1
6569	-1
6570	-1
6571	7781583
6572	-1
6573	-1
6574	7784947
6575	-1
6576	-1
6577	7788311
6578	-1
6579	-1
6580	-1
6581	7791675
6582	-1
6583	-1
6584	7795039
6585	-1
6586	-1
6587	-1
6588	7798403
6589	-1
6590	-1
6591	7801767
6592	-1
6593	-1
6594	7805131
6595	-1
6596	-1
6597	-1
6598	7808495
6599	-1
6600	-1
6601	7811859
6602	-1
6603	-1
6604	7815223
6605	-1
6606	-1
6607	-1
6608	7818587
6609	-1
6610	-1
6611	7821951
6612	-1
6613	-1
6614	7825315
6615	-1
6616	-1
6617	-1
6618	7828679
6619	-1
6620	-1
6621	7832043
6622	-1
6623	-1
6624	-1
6625	7835407
6626	-1
6627	-1
6628	7838771
6629	-1
6630	-1
6631	7842135
6632	-1
6633	-1
6634	-1
6635	7845499
6636	-1
6637	-1
6638	7848863
6639	-1
6640	-1
6641	7852227
6642	-1
6643	-1
6644	-1
6645	7855591
6646	-1
6647	-1
6648	7858955
6649	-1
6650	-1
6651	7862319
6652	-1
6653	-1
6654	-1
6655	7865683
6656	-1
6657	-1
6658	7869047
6659	-1
6660	-1
6661	-1
6662	7872411
6663	-1
6664	-1
6665	7875775
6666	-1
6667	-1
6668	7879139
6669	-1
6670	-1
6671	-1
6672	7882503
6673	-1
6674	-1
6675	7885867
6676	-1
6677	-1
6678	7889231
6679	-1
6680	-1
6681	-1
6682	7892595
6683	-1
6684	-1
6685	7895959
6686	-1
6687	-1
6688	7899323
6689	-1
6690	-1
6691	-1
6692	7902687
6693	-1
6694	-1
6695	7906051
6696	-1
6697	-1
6698	-1
6699	7909415
6700	-1
6701	-1
6702	7912779
6703	-1
6704	-1
6705	7916143
6706	-1
6707	-1
6708	-1
6709	7919507
6710	-1
6711	-1
6712	7922871
6713	-1
6714	-1
6715	7926235
6716	-1
6717	-1
6718	-1
6719	7929599
6720	-1
6721	-1
6722	7932963
6723	-1
6724	-1
6725	7936327
6726	-1
6727	-1
6728	-1
6729	7939691
6730	-1
6731	-1
6732	7943055
6733	-1
6734	-1
6735	-1
6736	7946419
6737	-1
6738	-1
6739	7949783
6740	-1
6741	-1
6742	7953147
6743	-1
6744	-1
6745	-1
6746	7956511
6747	-1
6748	-1
6749	7959875
6750	-1
6751	-1
6752	7963239
6753	-1
6754	-1
6755	-1
6756	7966603
6757	-1
6758	-1
6759	7969967
6760	-1
6761	-1
6762	7973331
6763	-1
6764	-1
6765	-1
6766	7976695
6767	-1
6768	-1
6769	7980059
6770	-1
6771	-1
6772	-1
6773	7983423
6774	-1
6775	-1
6776	7986787
6777	-1
6778	-1
6779	7990151
6780	-1
6781	-1
6782	-1
6783	7993515
6784	-1
6785	-1
6786	7996879
6787	-1
6788	-1
6789	8000243
6790	-1
6791	-1
6792	-1
6793	8003607
6794	-1
6795	-1
6796	8006971
6797	-1
6798	-1
6799	8010335
6800	-1
6801	-1
6802	-1
6803	8013699
6804	-1
6805	-1
6806	8017063
6807	-1
6808	-1
6809	-1
6810	8020427
6811	-1
6812	-1
6813	8023791
6814	-1
6815	-1
6816	8027155
6817	-1
6818	-1
6819	-1
6820	8030519
6821	-1
6822	-1
6823	8033883
6824	-1
6825	-1
6826	8037247
6827	-1
6828	-1
6829	-1
6830	8040611
6831	-1
6832	-1
6833	8043975
6834	-1
6835	-1
6836	-1
6837	8047339
6838	-1
6839	-1
6840	8050703
6841	-1
6842	-1
6843	8054067
6844	-1
6845	-1
6846	-1
6847	8057431
6848	-1
6849	-1
6850	8060795
6851	-1
6852	-1
6853	8064159
6854	-1
6855	-1
6856	-1
6857	8067523
6858	-1
6859	-1
6860	8070887
6861	-1
6862	-1
6863	8074251
6864	-1
6865	-1
6866	-1
6867	8077615
6868	-1
6869	-1
6870	8080979
6871	-1
6872	-1
6873	-1
6874	8084343
6875	-1
6876	-1
6877	8087707
6878	-1
6879	-1
6880	8091071
6881	-1
6882	-1
6883	-1
6884	8094435
6885	-1
6886	-1
6887	8097799
6888	-1
6889	-1
6890	8101163
6891	-1
6892	-1
6893	-1
6894	8104527
6895	-1
6896	-1
6897	8107891
6898	-1
6899	-1
6900	8111255
6901	-1
6902	-1
6903	-1
6904	8114619
6905	-1
6906	-1
6907	8117983
6908	-1
6909	-1
6910	-1
6911	8121347
6912	-1
6913	-1
6914	8124711
6915	-1
6916	-1
6917	8128075
6918	-1
6919	-1
6920	-1
6921	8131439
6922	-1
6923	-1
6924	8134803
6925	-1
6926	-1
6927	8138167
6928	-1
6929	-1
6930	-1
6931	8141531
6932	-1
6933	-1
6934	8144895
6935	-1
6936	-1
6937	8148259
6938	-1
6939	-1
6940	-1
6941	8151623
6942	-1
6943	-1
6944	8154987
6945	-1
6946	-1
6947	-1
6948	8158351
6949	-1
6950	-1
6951	8161715
6952	-1
6953	-1
6954	8165079
6955	-1
6956	-1
6957	-1
6958	8168443
6959	-1
6960	-1
6961	8171807
6962	-1
6963	-1
6964	8175171
6965	-1
6966	-1
6967	-1
6968	8178535
6969	-1
6970	-1
6971	8181899
6972	-1
6973	-1
6974	8185263
6975	-1
6976	-1
6977	-1
6978	8188627
6979	-1
6980	-1
6981	8191991
6982	-1
6983	-1
6984	-1
6985	8195355
6986	-1
6987	-1
6988	8198719
6989	-1
6990	-1
6991	8202083
6992	-1
6993	-1
6994	-1
6995	8205447
6996	-1
6997	-1
6998	8208811
6999	-1
7000	-1
7001	8212175
7002	-1
7003	-1
7004	-1
7005	8215539
7006	-1
7007	-1
7008	8218903
7009	-1
7010	-1
7011	8222267
7012	-1
7013	-1
7014	-1
7015	8225631
7016	-1
7017	-1
7018	8228995
7019	-1
7020	-1
7021	-1
7022	8232359
7023	-1
7024	-1
7025	8235723
7026	-1
7027	-1
7028	8239087
7029	-1
7030	-1
7031	-1
7032	8242451
7033	-1
7034	-1
7035	8245815
7036	-1
7037	-1
7038	8249179
7039	-1
7040	-1
7041	-1
7042	8252543
7043	-1
7044	-1
7045	8255907
7046	-1
7047	-1
7048	8259271
7049	-1
7050	-1
7051	-1
7052	8262635
7053	-1
7054	-1
7055	8265999
7056	-1
7057	-1
7058	-1
7059	8269363
7060	-1
7061	-1
7062	8272727
7063	-1
7064	-1
7065	8276091
7066	-1
7067	-1
7068	-1
7069	8279455
7070	-1
7071	-1
7072	8282819
7073	-1
7074	-1
7075	8286183
7076	-1
7077	-1
7078	-1
7079	8289547
7080	-1
7081	-1
7082	8292911
7083	-1
7084	-1
7085	8296275
7086	-1
7087	-1
7088	-1
7089	8299639
7090	-1
7091	-1
7092	8303003
7093	-1
7094	-1
7095	-1
7096	8306367
7097	-1
7098	-1
7099	8309731
7100	-1
7101	-1
7102	8313095
7103	-1
7104	-1
7105	-1
7106	8316459
7107	-1
7108	-1
7109	8319823
7110	-1
7111	-1
7112	8323187
7113	-1
7114	-1
7115	-1
7116	8326551
7117	-1
7118	-1
7119	8329915
7120	-1
7121	-1
7122	8333279
7123	-1
7124	-1
7125	-1
7126	8336643
7127	-1
7128	-1
7129	8340007
7130	-1
7131	-1
7132	-1
7133	8343371
7134	-1
7135	-1
7136	8346735
7137	-1
7138	-1
7139	8350099
7140	-1
7141	-1
7142	-1
7143	8353463
7144	-1
7145	-1
7146	8356827
7147	-1
7148	-1
7149	8360191
7150	-1
7151	-1
7152	-1
7153	8363555
7154	-1
7155	-1
7156	8366919
7157	-1
7158	-1
7159	8370283
7160	-1
7161	-1
7162	-1
7163	8373647
7164	-1
7165	-1
7166	8377011
7167	-1
7168	-1
7169	-1
7170	8380375
7171	-1
7172	-1
7173	8383739
7174	-1
7175	-1
7176	8387103
7177	-1
7178	-1
7179	-1
7180	8390467
7181	-1
7182	-1
7183	8393831
7184	-1
7185	-1
7186	8397195
7187	-1
7188	-1
7189	-1
7190	8400559
7191	-1
7192	-1
7193	8403923
7194	-1
7195	-1
7196	8407287
7197	-1
7198	-1
7199	-1
7200	8410651
7201	-1
7202	-1
7203	8414015
7204	-1
7205	-1
7206	-1
7207	8417379
7208	-1
7209	-1
7210	8420743
7211	-1
7212	-1
7213	8424107
7214	-1
7215	-1
7216	-1
7217	8427471
7218	-1
7219	-1
7220	8430835
7221	-1
7222	-1
7223	8434199
7224	-1
7225	-1
7226	-1
7227	8437563
7228	-1
7229	-1
7230	8440927
7231	-1
7232	-1
7233	8444291
7234	-1
7235	-1
7236	-1
7237	8447655
7238	-1
7239	-1
7240	8451019
7241	-1
7242	-1
7243	-1
7244	8454383
7245	-1
7246	-1
7247	8457747
7248	-1
7249	-1
7250	8461111
7251	-1
7252	-1
7253	-1
7254	8464475
7255	-1
7256	-1
7257	8467839
7258	-1
7259	-1
7260	8471203
7261	-1
7262	-1
7263	-1
7264	8474567
7265	-1
7266	-1
7267	8477931
7268	-1
7269	-1
7270	8481295
7271	-1
7272	-1
7273	-1
7274	8484659
7275	-1
7276	-1
7277	8488023
7278	-1
7279	-1
7280	-1
7281	8491387
7282	-1
7283	-1
7284	8494751
7285	-1
7286	-1
7287	8498115
7288	-1
7289	-1
7290	-1
7291	8501479
7292	-1
7293	-1
7294	8504843
7295	-1
7296	-1
7297	8508207
7298	-1
7299	-1
7300	-1
7301	8511571
7302	-1
7303	-1
7304	8514935
7305	-1
7306	-1
7307	8518299
7308	-1
7309	-1
7310	-1
7311	8521663
7312	-1
7313	-1
7314	8525027
7315	-1
7316	-1
7317	-1
7318	8528391
7319	-1
7320	-1
7321	8531755
7322	-1
7323	-1
7324	8535119
7325	-1
7326	-1
7327	-1
7328	8538483
7329	-1
7330	-1
7331	8541847
7332	-1
7333	-1
7334	8545211
7335	-1
7336	-1
7337	-1
7338	8548575
7339	-1
7340	-1
7341	8551939
7342	-1
7343	-1
7344	8555303
7345	-1
7346	-1
7347	-1
7348	8558667
7349	-1
7350	-1
7351	8562031
7352	-1
7353	-1
7354	-1
7355	8565395
7356	-1
7357	-1
7358	8568759
7359	-1
7360	-1
7361	8572123
7362	-1
7363	-1
7364	-1
7365	8575487
7366	-1
7367	-1
7368	8578851
7369	-1
7370	-1
7371	8582215
7372	-1
7373	-1
7374	-1
7375	8585579
7376	-1
7377	-1
7378	8588943
7379	-1
7380	-1
7381	8592307
7382	-1
7383	-1
7384	-1
7385	8595671
7386	-1
7387	-1
7388	8599035
7389	-1
7390	-1
7391	-1
7392	8602399
7393	-1
7394	-1
7395	8605763
7396	-1
7397	-1
7398	8609127
7399	-1
7400	-1
7401	-1
7402	8612491
7403	-1
7404	-1
7405	8615855
7406	-1
7407	-1
7408	8619219
7409	-1
7410	-1
7411	-1
7412	8622583
7413	-1
7414	-1
7415	8625947
7416	-1
7417	-1
7418	8629311
7419	-1
7420	-1
7421	-1
7422	8632675
7423	-1
7424	-1
7425	8636039
7426	-1
7427	-1
7428	-1
7429	8639403
7430	-1
7431	-1
7432	8642767
7433	-1
7434	-1
7435	8646131
7436	-1
7437	-1
7438	-1
7439	8649495
7440	-1
7441	-1
7442	8652859
7443	-1
7444	-1
7445	8656223
7446	-1
7447	-1
7448	-1
7449	8659587
7450	-1
7451	-1
7452	8662951
7453	-1
7454	-1
7455	8666315
7456	-1
7457	-1
7458	-1
7459	8669679
7460	-1
7461	-1
7462	8673043
7463	-1
7464	-1
7465	-1
7466	8676407
7467	-1
7468	-1
7469	8679771
7470	-1
7471	-1
7472	8683135
7473	-1
7474	-1
7475	-1
7476	8686499
7477	-1
7478	-1
7479	8689863
7480	-1
7481	-1
7482	8693227
7483	-1
7484	-1
7485	-1
7486	8696591
7487	-1
7488	-1
7489	8699955
7490	-1
7491	-1
7492	8703319
7493	-1
7494	-1
7495	-1
7496	8706683
7497	-1
7498	-1
7499	8710047
7500	-1
7501	-1
7502	-1
7503	8713411
7504	-1
7505	-1
7506	8716775
7507	-1
7508	-1
7509	8720139
7510	-1
7511	-1
7512	-1
7513	8723503
7514	-1
7515	-1
7516	8726867
7517	-1
7518	-1
7519	8730231
7520	-1
7521	-1
7522	-1
7523	8733595
7524	-1
7525	-1
7526	8736959
7527	-1
7528	-1
7529	8740323
7530	-1
7531	-1
7532	-1
7533	8743687
7534	-1
7535	-1
7536	8747051
7537	-1
7538	-1
7539	-1
7540	8750415
7541	-1
7542	-1
7543	8753779
7544	-1
7545	-1
7546	8757143
7547	-1
7548	-1
7549	-1
7550	8760507
7551	-1
7552	-1
7553	8763871
7554	-1
7555	-1
7556	8767235
7557	-1
7558	-1
7559	-1
7560	8770599
7561	-1
7562	-1
7563	8773963
7564	-1
7565	-1
7566	8777327
7567	-1
7568	-1
7569	-1
7570	8780691
7571	-1
7572	-1
7573	8784055
7574	-1
7575	-1
7576	-1
7577	8787419
7578	-1
7579	-1
7580	8790783
7581	-1
7582	-1
7583	8794147
7584	-1
7585	-1
7586	-1
7587	8797511
7588	-1
7589	-1
7590	8800875
7591	-1
7592	-1
7593	8804239
7594	-1
7595	-1
7596	-1
7597	8807603
7598	-1
7599	-1
7600	8810967
7601	-1
7602	-1
7603	8814331
7604	-1
7605	-1
7606	-1
7607	8817695
7608	-1
7609	-1
7610	8821059
7611	-1
7612	-1
7613	-1
7614	8824423
7615	-1
7616	-1
7617	8827787
7618	-1
7619	-1
7620	8831151
7621	-1
7622	-1
7623	-1
7624	8834515
7625	-1
7626	-1
7627	8837879
7628	-1
7629	-1
7630	8841243
7631	-1
7632	-1
7633	-1
7634	8844607
7635	-1
7636	-1
7637	8847971
7638	-1
7639	-1
7640	8851335
7641	-1
7642	-1
7643	-1
7644	8854699
7645	-1
7646	-1
7647	8858063
7648	-1
7649	-1
7650	-1
7651	8861427
7652	-1
7653	-1
7654	8864791
7655	-1
7656	-1
7657	8868155
7658	-1
7659	-1
7660	-1
7661	8871519
7662	-1
7663	-1
7664	8874883
7665	-1
7666	-1
7667	8878247
7668	-1
7669	-1
7670	-1
7671	8881611
7672	-1
7673	-1
7674	8884975
7675	-1
7676	-1
7677	-1
7678	8888339
7679	-1
7680	-1
7681	8891703
7682	-1
7683	-1
7684	8895067
7685	-1
7686	-1
7687	-1
7688	8898431
7689	-1
7690	-1
7691	8901795
7692	-1
7693	-1
7694	8905159
7695	-1
7696	-1
7697	-1
7698	8908523
7699	-1
7700	-1
7701	8911887
7702	-1
7703	-1
7704	8915251
7705	-1
7706	-1
7707	-1
7708	8918615
7709	-1
7710	-1
7711	8921979
7712	-1
7713	-1
7714	-1
7715	8925343
7716	-1
7717	-1
7718	8928707
7719	-1
7720	-1
7721	8932071
7722	-1
7723	-1
7724	-1
7725	8935435
7726	-1
7727	-1
7728	8938799
7729	-1
7730	-1
7731	8942163
7732	-1
7733	-1
7734	-1
7735	8945527
7736	-1
7737	-1
7738	8948891
7739	-1
7740	-1
7741	8952255
7742	-1
7743	-1
7744	-1
7745	8955619
7746	-1
7747	-1
7748	8958983
7749	-1
7750	-1
7751	-1
7752	8962347
7753	-1
7754	-1
7755	8965711
7756	-1
7757	-1
7758	8969075
7759	-1
7760	-1
7761	-1
7762	8972439
7763	-1
7764	-1
7765	8975803
7766	-1
7767	-1
7768	8979167
7769	-1
7770	-1
7771	-1
7772	8982531
7773	-1
7774	-1
7775	8985895
7776	-1
7777	-1
7778	8989259
7779	-1
7780	-1
7781	-1
7782	8992623
7783	-1
7784	-1
7785	8995987
7786	-1
7787	-1
7788	-1
7789	8999351
7790	-1
7791	-1
7792	9002715
7793	-1
7794	-1
7795	9006079
7796	-1
7797	-1
7798	-1
7799	9009443
7800	-1
7801	-1
7802	9012807
7803	-1
7804	-1
7805	9016171
7806	-1
7807	-1
7808	-1
7809	9019535
7810	-1
7811	-1
7812	9022899
7813	-1
7814	-1
7815	9026263
7816	-1
7817	-1
7818	-1
7819	9029627
7820	-1
7821	-1
7822	9032991
7823	-1
7824	-1
7825	-1
7826	9036355
7827	-1
7828	-1
7829	9039719
7830	-1
7831	-1
7832	9043083
7833	-1
7834	-1
7835	-1
7836	9046447
7837	-1
7838	-1
7839	9049811
7840	-1
7841	-1
7842	9053175
7843	-1
7844	-1
7845	-1
7846	9056539
7847	-1
7848	-1
7849	9059903
7850	-1
7851	-1
7852	9063267
7853	-1
7854	-1
7855	-1
7856	9066631
7857	-1
7858	-1
7859	9069995
7860	-1
7861	-1
7862	-1
7863	9073359
7864	-1
7865	-1
7866	9076723
7867	-1
7868	-1
7869	9080087
7870	-1
7871	-1
7872	-1
7873	9083451
7874	-1
7875	-1
7876	9086815
7877	-1
7878	-1
7879	9090179
7880	-1
7881	-1
7882	-1
7883	9093543
7884	-1
7885	-1
7886	9096907
7887	-1
7888	-1
7889	9100271
7890	-1
7891	-1
7892	-1
7893	9103635
7894	-1
7895	-1
7896	9106999
7897	-1
7898	-1
7899	-1
7900	9110363
7901	-1
7902	-1
7903	9113727
7904	-1
7905	-1
7906	9117091
7907	-1
7908	-1
7909	-1
7910	9120455
7911	-1
7912	-1
7913	9123819
7914	-1
7915	-1
7916	9127183
7917	-1
7918	-1
7919	-1
7920	9130547
7921	-1
7922	-1
7923	9133911
7924	-1
7925	-1
7926	9137275
7927	-1
7928	-1
7929	-1
7930	9140639
7931	-1
7932	-1
7933	9144003
7934	-1
7935	-1
7936	-1
7937	9147367
7938	-1
7939	-1
7940	9150731
7941	-1
7942	-1
7943	9154095
7944	-1
7945	-1
7946	-1
7947	9157459
7948	-1
7949	-1
7950	9160823
7951	-1
7952	-1
7953	9164187
7954	-1
7955	-1
7956	-1
7957	9167551
7958	-1
7959	-1
7960	9170915
7961	-1
7962	-1
7963	9174279
7964	-1
7965	-1
7966	-1
7967	9177643
7968	-1
7969	-1
7970	9181007
7971	-1
7972	-1
7973	-1
7974	9184371
7975	-1
7976	-1
7977	9187735
7978	-1
7979	-1
7980	9191099
7981	-1
7982	-1
7983	-1
7984	9194463
7985	-1
7986	-1
7987	9197827
7988	-1
7989	-1
7990	9201191
7991	-1
7992	-1
7993	-1
7994	9204555
7995	-1
7996	-1
7997	9207919
7998	-1
7999	-1
8000	9211283
8001	-1
8002	-1
8003	-1
8004	9214647
8005	-1
8006	-1
8007	9218011
8008	-1
8009	-1
8010	-1
8011	9221375
8012	-1
8013	-1
8014	9224739
8015	-1
8016	-1
8017	9228103
8018	-1
8019	-1
8020	-1
8021	9231467
8022	-1
8023	-1
8024	9234831
8025	-1
8026	-1
8027	9238195
8028	-1
8029	-1
8030	-1
8031	9241559
8032	-1
8033	-1
8034	9244923
8035	-1
8036	-1
8037	9248287
8038	-1
8039	-1
8040	-1
8041	9251651
8042	-1
8043	-1
8044	9255015
8045	-1
8046	-1
8047	-1
8048	9258379
8049	-1
8050	-1
8051	9261743
8052	-1
8053	-1
8054	9265107
8055	-1
8056	-1
8057	-1
8058	9268471
8059	-1
8060	-1
8061	9271835
8062	-1
8063	-1
8064	9275199
8065	-1
8066	-1
8067	-1
8068	9278563
8069	-1
8070	-1
8071	9281927
8072	-1
8073	-1
8074	9285291
8075	-1
8076	-1
8077	-1
8078	9288655
8079	-1
8080	-1
8081	9292019
8082	-1
8083	-1
8084	-1
8085	9295383
8086	-1
8087	-1
8088	9298747
8089	-1
8090	-1
8091	9302111
8092	-1
8093	-1
8094	-1
8095	9305475
8096	-1
8097	-1
8098	9308839
8099	-1
8100	-1
8101	9312203
8102	-1
8103	-1
8104	-1
8105	9315567
8106	-1
8107	-1
8108	9318931
8109	-1
8110	-1
8111	9322295
8112	-1
8113	-1
8114	-1
8115	9325659
8116	-1
8117	-1
8118	9329023
8119	-1
8120	-1
8121	-1
8122	9332387
8123	-1
8124	-1
8125	9335751
8126	-1
8127	-1
8128	9339115
8129	-1
8130	-1
8131	-1
8132	9342479
8133	-1
8134	-1
8135	9345843
8136	-1
8137	-1
8138	9349207
8139	-1
8140	-1
8141	-1
8142	9352571
8143	-1
8144	-1
8145	9355935
8146	-1
8147	-1
8148	9359299
8149	-1
8150	-1
8151	-1
8152	9362663
8153	-1
8154	-1
8155	9366027
8156	-1
8157	-1
8158	-1
8159	9369391
8160	-1
8161	-1
8162	9372755
8163	-1
8164	-1
8165	9376119
8166	-1
8167	-1
8168	-1
8169	9379483
8170	-1
8171	-1
8172	9382847
8173	-1
8174	-1
8175	9386211
8176	-1
8177	-1
8178	-1
8179	9389575
8180	-1
8181	-1
8182	9392939
8183	-1
8184	-1
8185	9396303
8186	-1
8187	-1
8188	-1
8189	9399667
8190	-1
8191	-1
8192	9403031
8193	-1
8194	-1
8195	-1
8196	9406395
8197	-1
8198	-1
8199	9409759
8200	-1
8201	-1
8202	9413123
8203	-1
8204	-1
8205	-1
8206	9416487
8207	-1
8208	-1
8209	9419851
8210	-1
8211	-1
8212	9423215
8213	-1
8214	-1
8215	-1
8216	9426579
8217	-1
8218	-1
8219	9429943
8220	-1
8221	-1
8222	9433307
8223	-1
8224	-1
8225	-1
8226	9436671
8227	-1
8228	-1
8229	9440035
8230	-1
8231	-1
8232	-1
8233	9443399
8234	-1
8235	-1
8236	9446763
8237	-1
8238	-1
8239	9450127
8240	-1
8241	-1
8242	-1
8243	9453491
8244	-1
8245	-1
8246	9456855
8247	-1
8248	-1
8249	9460219
8250	-1
8251	-1
8252	-1
8253	9463583
8254	-1
8255	-1
8256	9466947
8257	-1
8258	-1
8259	9470311
8260	-1
8261	-1
8262	-1
8263	9473675
8264	-1
8265	-1
8266	9477039
8267	-1
8268	-1
8269	-1
8270	9480403
8271	-1
8272	-1
8273	9483767
8274	-1
8275	-1
8276	9487131
8277	-1
8278	-1
8279	-1
8280	9490495
8281	-1
8282	-1
8283	9493859
8284	-1
8285	-1
8286	9497223
8287	-1
8288	-1
8289	-1
8290	9500587
8291	-1
8292	-1
8293	9503951
8294	-1
8295	-1
8296	9507315
8297	-1
8298	-1
8299	-1
8300	9510679
8301	-1
8302	-1
8303	9514043
8304	-1
8305	-1
8306	-1
8307	9517407
8308	-1
8309	-1
8310	9520771
8311	-1
8312	-1
8313	9524135
8314	-1
8315	-1
8316	-1
8317	9527499
8318	-1
8319	-1
8320	9530863
8321	-1
8322	-1
8323	9534227
8324	-1
8325	-1
8326	-1
8327	9537591
8328	-1
8329	-1
8330	9540955
8331	-1
8332	-1
8333	9544319
8334	-1
8335	-1
8336	-1
8337	9547683
8338	-1
8339	-1
8340	9551047
8341	-1
8342	-1
8343	-1
8344	9554411
8345	-1
8346	-1
8347	9557775
8348	-1
8349	-1
8350	9561139
8351	-1
8352	-1
8353	-1
8354	9564503
8355	-1
8356	-1
8357	9567867
8358	-1
8359	-1
8360	9571231
8361	-1
8362	-1
8363	-1
8364	9574595
8365	-1
8366	-1
8367	9577959
8368	-1
8369	-1
8370	9581323
8371	-1
8372	-1
8373	-1
8374	9584687
8375	-1
8376	-1
8377	9588051
8378	-1
8379	-1
8380	-1
8381	9591415
8382	-1
8383	-1
8384	9594779
8385	-1
8386	-1
8387	9598143
8388	-1
8389	-1
8390	-1
8391	9601507
8392	-1
8393	-1
8394	9604871
8395	-1
8396	-1
8397	9608235
8398	-1
8399	-1
8400	-1
8401	9611599
8402	-1
8403	-1
8404	9614963
8405	-1
8406	-1
8407	9618327
8408	-1
8409	-1
8410	-1
8411	9621691
8412	-1
8413	-1
8414	9625055
8415	-1
8416	-1
8417	-1
8418	9628419
8419	-1
8420	-1
8421	9631783
8422	-1
8423	-1
8424	9635147
8425	-1
8426	-1
8427	-1
8428	9638511
8429	-1
8430	-1
8431	9641875
8432	-1
8433	-1
8434	9645239
8435	-1
8436	-1
8437	-1
8438	9648603
8439	-1
8440	-1
8441	9651967
8442	-1
8443	-1
8444	9655331
8445	-1
8446	-1
8447	-1
8448	9658695
8449	-1
8450	-1
8451	9662059
8452	-1
8453	-1
8454	-1
8455	9665423
8456	-1
8457	-1
8458	9668787
8459	-1
8460	-1
8461	9672151
8462	-1
8463	-1
8464	-1
8465	9675515
8466	-1
8467	-1
8468	9678879
8469	-1
8470	-1
8471	9682243
8472	-1
8473	-1
8474	-1
8475	9685607
8476	-1
8477	-1
8478	9688971
8479	-1
8480	-1
8481	9692335
8482	-1
8483	-1
8484	-1
8485	9695699
8486	-1
8487	-1
8488	9699063
8489	-1
8490	-1
8491	-1
8492	9702427
8493	-1
8494	-1
8495	9705791
8496	-1
8497	-1
8498	9709155
8499	-1
8500	-1
8501	-1
8502	9712519
8503	-1
8504	-1
8505	9715883
8506	-1
8507	-1
8508	9719247
8509	-1
8510	-1
8511	-1
8512	9722611
8513	-1
8514	-1
8515	9725975
8516	-1
8517	-1
8518	-1
8519	9729339
8520	-1
8521	-1
8522	9732703
8523	-1
8524	-1
8525	9736067
8526	-1
8527	-1
8528	-1
8529	9739431
8530	-1
8531	-1
8532	9742795
8533	-1
8534	-1
8535	9746159
8536	-1
8537	-1
8538	-1
8539	9749523
8540	-1
8541	-1
8542	9752887
8543	-1
8544	-1
8545	9756251
8546	-1
8547	-1
8548	-1
8549	9759615
8550	-1
8551	-1
8552	9762979
8553	-1
8554	-1
8555	-1
8556	9766343
8557	-1
8558	-1
8559	9769707
8560	-1
8561	-1
8562	9773071
8563	-1
8564	-1
8565	-1
8566	9776435
8567	-1
8568	-1
8569	9779799
8570	-1
8571	-1
8572	9783163
8573	-1
8574	-1
8575	-1
8576	9786527
8577	-1
8578	-1
8579	9789891
8580	-1
8581	-1
8582	9793255
8583	-1
8584	-1
8585	-1
8586	9796619
8587	-1
8588	-1
8589	9799983
8590	-1
8591	-1
8592	-1
8593	9803347
8594	-1
8595	-1
8596	9806711
8597	-1
8598	-1
8599	9810075
8600	-1
8601	-1
8602	-1
8603	9813439
8604	-1
8605	-1
8606	9816803
8607	-1
8608	-1
8609	9820167
8610	-1
8611	-1
8612	-1
8613	9823531
8614	-1
8615	-1
8616	9826895
8617	-1
8618	-1
8619	9830259
8620	-1
8621	-1
8622	-1
8623	9833623
8624	-1
8625	-1
8626	9836987
8627	-1
8628	-1
8629	-1
8630	9840351
8631	-1
8632	-1
8633	9843715
8634	-1
8635	-1
8636	9847079
8637	-1
8638	-1
8639	-1
8640	9850443
8641	-1
8642	-1
8643	9853807
8644	-1
8645	-1
8646	9857171
8647	-1
8648	-1
8649	-1
8650	9860535
8651	-1
8652	-1
8653	9863899
8654	-1
8655	-1
8656	9867263
8657	-1
8658	-1
8659	-1
8660	9870627
8661	-1
8662	-1
8663	9873991
8664	-1
8665	-1
8666	-1
8667	9877355
8668	-1
8669	-1
8670	9880719
8671	-1
8672	-1
8673	9884083
8674	-1
8675	-1
8676	-1
8677	9887447
8678	-1
8679	-1
8680	9890811
8681	-1
8682	-1
8683	9894175
8684	-1
8685	-1
8686	-1
8687	9897539
8688	-1
8689	-1
8690	9900903
8691	-1
8692	-1
8693	9904267
8694	-1
8695	-1
8696	-1
8697	9907631
8698	-1
8699	-1
8700	9910995
8701	-1
8702	-1
8703	-1
8704	9914359
8705	-1
8706	-1
8707	9917723
8708	-1
8709	-1
8710	9921087
8711	-1
8712	-1
8713	-1
8714	9924451
8715	-1
8716	-1
8717	9927815
8718	-1
8719	-1
8720	9931179
8721	-1
8722	-1
8723	-1
8724	9934543
8725	-1
8726	-1
8727	9937907
8728	-1
8729	-1
8730	9941271
8731	-1
8732	-1
8733	-1
8734	9944635
8735	-1
8736	-1
8737	9947999
8738	-1
8739	-1
8740	-1
8741	9951363
8742	-1
8743	-1
8744	9954727
8745	-1
8746	-1
8747	9958091
8748	-1
8749	-1
8750	-1
8751	9961455
8752	-1
8753	-1
8754	9964819
8755	-1
8756	-1
8757	9968183
8758	-1
8759	-1
8760	-1
8761	9971547
8762	-1
8763	-1
8764	9974911
8765	-1
8766	-1
8767	9978275
8768	-1
8769	-1
8770	-1
8771	9981639
8772	-1
8773	-1
8774	9985003
8775	-1
8776	-1
8777	-1
8778	9988367
8779	-1
8780	-1
8781	9991731
8782	-1
8783	-1
8784	9995095
8785	-1
8786	-1
8787	-1
8788	9998459
8789	-1
8790	-1
8791	-1
8792	-1
8793	-1
8794	-1
8795	-1
8796	-1
8797	-1
8798	-1
8799	-1
8800	-1
8801	-1
8802	-1
8803	-1
8804	-1
8805	-1
8806	-1
8807	-1
8808	-1
8809	-1
8810	-1
8811	-1
8812	-1
8813	-1
8814	-1
8815	-1
8816	-1
8817	-1
8818	-1
8819	-1
8820	-1
8821	-1
8822	-1
8823	-1
8824	-1
8825	-1
8826	-1
8827	-1
8828	-1
8829	-1
8830	-1
8831	-1
8832	-1
8833	-1
8834	-1
8835	-1
8836	-1
8837	-1
8838	-1
8839	-1
8840	-1
8841	-1
8842	-1
8843	-1
8844	-1
8845	-1
8846	-1
8847	-1
8848	-1
8849	-1
8850	-1
8851	-1
8852	-1
8853	-1
8854	-1
8855	-1
8856	-1
8857	-1
8858	-1
8859	-1
8860	-1
8861	-1
8862	-1
8863	-1
8864	-1
8865	-1
8866	-1
8867	-1
8868	-1
8869	-1
8870	-1
8871	-1
8872	-1
8873	-1
8874	-1
8875	-1
8876	-1
8877	-1
8878	-1
8879	-1
8880	-1
8881	-1
8882	-1
8883	-1
8884	-1
8885	-1
8886	-1
8887	-1
8888	-1
8889	-1
8890	-1
8891	-1
8892	-1
8893	-1
8894	-1
8895	-1
8896	-1
8897	-1
8898	-1
8899	-1
8900	-1
8901	-1
8902	-1
8903	-1
8904	-1
8905	-1
8906	-1
8907	-1
8908	-1
8909	-1
8910	-1
8911	-1
8912	-1
8913	-1
8914	-1
8915	-1
8916	-1
8917	-1
8918	-1
8919	-1
8920	-1
8921	-1
8922	-1
8923	-1
8924	-1
8925	-1
8926	-1
8927	-1
8928	-1
8929	-1
8930	-1
8931	-1
8932	-1
8933	-1
8934	-1
8935	-1
8936	-1
8937	-1
8938	-1
8939	-1
8940	-1
8941	-1
8942	-1
8943	-1
8944	-1
8945	-1
8946	-1
8947	-1
8948	-1
8949	-1
8950	-1
8951	-1
8952	-1
8953	-1
8954	-1
8955	-1
8956	-1
8957	-1
8958	-1
8959	-1
8960	-1
8961	-1
8962	-1
8963	-1
8964	-1
8965	-1
8966	-1
8967	-1
8968	-1
8969	-1
8970	-1
8971	-1
8972	-1
8973	-1
8974	-1
8975	-1
8976	-1
8977	-1
8978	-1
8979	-1
8980	-1
8981	-1
8982	-1
8983	-1
8984	-1
8985	-1
8986	-1
8987	-1
8988	-1
8989	-1
8990	-1
8991	-1
8992	-1
8993	-1
8994	-1
8995	-1
8996	-1
8997	-1
8998	-1
8999	-1
9000	-1
9001	-1
9002	-1
9003	-1
9004	-1
9005	-1
9006	-1
9007	-1
9008	-1
9009	-1
9010	-1
9011	-1
9012	-1
9013	-1
9014	-1
9015	-1
9016	-1
9017	-1
9018	-1
9019	-1
9020	-1
9021	-1
9022	-1
9023	-1
9024	-1
9025	-1
9026	-1
9027	-1
9028	-1
9029	-1
9030	-1
9031	-1
9032	-1
9033	-1
9034	-1
9035	-1
9036	-1
9037	-1
9038	-1
9039	-1
9040	-1
9041	-1
9042	-1
9043	-1
9044	-1
9045	-1
9046	-1
9047	-1
9048	-1
9049	-1
9050	-1
9051	-1
9052	-1
9053	-1
9054	-1
9055	-1
9056	-1
9057	-1
9058	-1
9059	-1
9060	-1
9061	-1
9062	-1
9063	-1
9064	-1
9065	-1
9066	-1
9067	-1
9068	-1
9069	-1
9070	-1
9071	-1
9072	-1
9073	-1
9074	-1
9075	-1
9076	-1
9077	-1
9078	-1
9079	-1
9080	-1
9081	-1
9082	-1
9083	-1
9084	-1
9085	-1
9086	-1
9087	-1
9088	-1
9089	-1
9090	-1
9091	-1
9092	-1
9093	-1
9094	-1
9095	-1
9096	-1
9097	-1
9098	-1
9099	-1
9100	-1
9101	-1
9102	-1
9103	-1
9104	-1
9105	-1
9106	-1
9107	-1
9108	-1
9109	-1
9110	-1
9111	-1
9112	-1
9113	-1
9114	-1
9115	-1
9116	-1
9117	-1
9118	-1
9119	-1
9120	-1
9121	-1
9122	-1
9123	-1
9124	-1
9125	-1
9126	-1
9127	-1
9128	-1
9129	-1
9130	-1
9131	-1
9132	-1
9133	-1
9134	-1
9135	-1
9136	-1
9137	-1
9138	-1
9139	-1
9140	-1
9141	-1
9142	-1
9143	-1
9144	-1
9145	-1
9146	-1
9147	-1
9148	-1
9149	-1
9150	-1
9151	-1
9152	-1
9153	-1
9154	-1
9155	-1
9156	-1
9157	-1
9158	-1
9159	-1
9160	-1
9161	-1
9162	-1
9163	-1
9164	-1
9165	-1
9166	-1
9167	-1
9168	-1
9169	-1
9170	-1
9171	-1
9172	-1
9173	-1
9174	-1
9175	-1
9176	-1
9177	-1
9178	-1
9179	-1
9180	-1
9181	-1
9182	-1
9183	-1
9184	-1
9185	-1
9186	-1
9187	-1
9188	-1
9189	-1
9190	-1
9191	-1
9192	-1
9193	-1
9194	-1
9195	-1
9196	-1
9197	-1
9198	-1
9199	-1
9200	-1
9201	-1
9202	-1
9203	-1
9204	-1
9205	-1
9206	-1
9207	-1
9208	-1
9209	-1
9210	-1
9211	-1
9212	-1
9213	-1
9214	-1
9215	-1
9216	-1
9217	-1
9218	-1
9219	-1
9220	-1
9221	-1
9222	-1
9223	-1
9224	-1
9225	-1
9226	-1
9227	-1
9228	-1
9229	-1
9230	-1
9231	-1
9232	-1
9233	-1
9234	-1
9235	-1
9236	-1
9237	-1
9238	-1
9239	-1
9240	-1
9241	-1
9242	-1
9243	-1
9244	-1
9245	-1
9246	-1
9247	-1
9248	-1
9249	-1
9250	-1
9251	-1
9252	-1
9253	-1
9254	-1
9255	-1
9256	-1
9257	-1
9258	-1
9259	-1
9260	-1
9261	-1
9262	-1
9263	-1
9264	-1
9265	-1
9266	-1
9267	-1
9268	-1
9269	-1
9270	-1
9271	-1
9272	-1
9273	-1
9274	-1
9275	-1
9276	-1
9277	-1
9278	-1
9279	-1
9280	-1
9281	-1
9282	-1
9283	-1
9284	-1
9285	-1
9286	-1
9287	-1
9288	-1
9289	-1
9290	-1
9291	-1
9292	-1
9293	-1
9294	-1
9295	-1
9296	-1
9297	-1
9298	-1
9299	-1
9300	-1
9301	-1
9302	-1
9303	-1
9304	-1
9305	-1
9306	-1
9307	-1
9308	-1
9309	-1
9310	-1
9311	-1
9312	-1
9313	-1
9314	-1
9315	-1
9316	-1
9317	-1
9318	-1
9319	-1
9320	-1
9321	-1
9322	-1
9323	-1
9324	-1
9325	-1
9326	-1
9327	-1
9328	-1
9329	-1
9330	-1
9331	-1
9332	-1
9333	-1
9334	-1
9335	-1
9336	-1
9337	-1
9338	-1
9339	-1
9340	-1
9341	-1
9342	-1
9343	-1
9344	-1
9345	-1
9346	-1
9347	-1
9348	-1
9349	-1
9350	-1
9351	-1
9352	-1
9353	-1
9354	-1
9355	-1
9356	-1
9357	-1
9358	-1
9359	-1
9360	-1
9361	-1
9362	-1
9363	-1
9364	-1
9365	-1
9366	-1
9367	-1
9368	-1
9369	-1
9370	-1
9371	-1
9372	-1
9373	-1
9374	-1
9375	-1
9376	-1
9377	-1
9378	-1
9379	-1
9380	-1
9381	-1
9382	-1
9383	-1
9384	-1
9385	-1
9386	-1
9387	-1
9388	-1
9389	-1
9390	-1
9391	-1
9392	-1
9393	-1
9394	-1
9395	-1
9396	-1
9397	-1
9398	-1
9399	-1
9400	-1
9401	-1
9402	-1
9403	-1
9404	-1
9405	-1
9406	-1
9407	-1
9408	-1
9409	-1
9410	-1
9411	-1
9412	-1
9413	-1
9414	-1
9415	-1
9416	-1
9417	-1
9418	-1
9419	-1
9420	-1
9421	-1
9422	-1
9423	-1
9424	-1
9425	-1
9426	-1
9427	-1
9428	-1
9429	-1
9430	-1
9431	-1
9432	-1
9433	-1
9434	-1
9435	-1
9436	-1
9437	-1
9438	-1
9439	-1
9440	-1
9441	-1
9442	-1
9443	-1
9444	-1
9445	-1
9446	-1
9447	-1
9448	-1
9449	-1
9450	-1
9451	-1
9452	-1
9453	-1
9454	-1
9455	-1
9456	-1
9457	-1
9458	-1
9459	-1
9460	-1
9461	-1
9462	-1
9463	-1
9464	-1
9465	-1
9466	-1
9467	-1
9468	-1
9469	-1
9470	-1
9471	-1
9472	-1
9473	-1
9474	-1
9475	-1
9476	-1
9477	-1
9478	-1
9479	-1
9480	-1
9481	-1
9482	-1
9483	-1
9484	-1
9485	-1
9486	-1
9487	-1
9488	-1
9489	-1
9490	-1
9491	-1
9492	-1
9493	-1
9494	-1
9495	-1
9496	-1
9497	-1
9498	-1
9499	-1
9500	-1
9501	-1
9502	-1
9503	-1
9504	-1
9505	-1
9506	-1
9507	-1
9508	-1
9509	-1
9510	-1
9511	-1
9512	-1
9513	-1
9514	-1
9515	-1
9516	-1
9517	-1
9518	-1
9519	-1
9520	-1
9521	-1
9522	-1
9523	-1
9524	-1
9525	-1
9526	-1
9527	-1
9528	-1
9529	-1
9530	-1
9531	-1
9532	-1
9533	-1
9534	-1
9535	-1
9536	-1
9537	-1
9538	-1
9539	-1
9540	-1
9541	-1
9542	-1
9543	-1
9544	-1
9545	-1
9546	-1
9547	-1
9548	-1
9549	-1
9550	-1
9551	-1
9552	-1
9553	-1
9554	-1
9555	-1
9556	-1
9557	-1
9558	-1
9559	-1
9560	-1
9561	-1
9562	-1
9563	-1
9564	-1
9565	-1
9566	-1
9567	-1
9568	-1
9569	-1
9570	-1
9571	-1
9572	-1
9573	-1
9574	-1
9575	-1
9576	-1
9577	-1
9578	-1
9579	-1
9580	-1
9581	-1
9582	-1
9583	-1
9584	-1
9585	-1
9586	-1
9587	-1
9588	-1
9589	-1
9590	-1
9591	-1
9592	-1
9593	-1
9594	-1
9595	-1
9596	-1
9597	-1
9598	-1
9599	-1
9600	-1
9601	-1
9602	-1
9603	-1
9604	-1
9605	-1
9606	-1
9607	-1
9608	-1
9609	-1
9610	-1
9611	-1
9612	-1
9613	-1
9614	-1
9615	-1
9616	-1
9617	-1
9618	-1
9619	-1
9620	-1
9621	-1
9622	-1
9623	-1
9624	-1
9625	-1
9626	-1
9627	-1
9628	-1
9629	-1
9630	-1
9631	-1
9632	-1
9633	-1
9634	-1
9635	-1
9636	-1
9637	-1
9638	-1
9639	-1
9640	-1
9641	-1
9642	-1
9643	-1
9644	-1
9645	-1
9646	-1
9647	-1
9648	-1
9649	-1
9650	-1
9651	-1
9652	-1
9653	-1
9654	-1
9655	-1
9656	-1
9657	-1
9658	-1
9659	-1
9660	-1
9661	-1
9662	-1
9663	-1
9664	-1
9665	-1
9666	-1
9667	-1
9668	-1
9669	-1
9670	-1
9671	-1
9672	-1
9673	-1
9674	-1
9675	-1
9676	-1
9677	-1
9678	-1
9679	-1
9680	-1
9681	-1
9682	-1
9683	-1
9684	-1
9685	-1
9686	-1
9687	-1
9688	-1
9689	-1
9690	-1
9691	-1
9692	-1
9693	-1
9694	-1
9695	-1
9696	-1
9697	-1
9698	-1
9699	-1
9700	-1
9701	-1
9702	-1
9703	-1
9704	-1
9705	-1
9706	-1
9707	-1
9708	-1
9709	-1
9710	-1
9711	-1
9712	-1
9713	-1
9714	-1
9715	-1
9716	-1
9717	-1
9718	-1
9719	-1
9720	-1
9721	-1
9722	-1
9723	-1
9724	-1
9725	-1
9726	-1
9727	-1
9728	-1
9729	-1
9730	-1
9731	-1
9732	-1
9733	-1
9734	-1
9735	-1
9736	-1
9737	-1
9738	-1
9739	-1
9740	-1
9741	-1
9742	-1
9743	-1
9744	-1
9745	-1
9746	-1
9747	-1
9748	-1
9749	-1
9750	-1
9751	-1
9752	-1
9753	-1
9754	-1
9755	-1
9756	-1
9757	-1
9758	-1
9759	-1
9760	-1
9761	-1
9762	-1
9763	-1
9764	-1
9765	-1
9766	-1
9767	-1
9768	-1
9769	-1
9770	-1
9771	-1
9772	-1
9773	-1
9774	-1
9775	-1
9776	-1
9777	-1
9778	-1
9779	-1
9780	-1
9781	-1
9782	-1
9783	-1
9784	-1
9785	-1
9786	-1
9787	-1
9788	-1
9789	-1
9790	-1
9791	-1
9792	-1
9793	-1
9794	-1
9795	-1
9796	-1
9797	-1
9798	-1
9799	-1
9800	-1
9801	-1
9802	-1
9803	-1
9804	-1
9805	-1
9806	-1
9807	-1
9808	-1
9809	-1
9810	-1
9811	-1
9812	-1
9813	-1
9814	-1
9815	-1
9816	-1
9817	-1
9818	-1
9819	-1
9820	-1
9821	-1
9822	-1
9823	-1
9824	-1
9825	-1
9826	-1
9827	-1
9828	-1
9829	-1
9830	-1
9831	-1
9832	-1
9833	-1
9834	-1
9835	-1
9836	-1
9837	-1
9838	-1
9839	-1
9840	-1
9841	-1
9842	-1
9843	-1
9844	-1
9845	-1
9846	-1
9847	-1
9848	-1
9849	-1
9850	-1
9851	-1
9852	-1
9853	-1
9854	-1
9855	-1
9856	-1
9857	-1
9858	-1
9859	-1
9860	-1
9861	-1
9862	-1
9863	-1
9864	-1
9865	-1
9866	-1
9867	-1
9868	-1
9869	-1
9870	-1
9871	-1
9872	-1
9873	-1
9874	-1
9875	-1
9876	-1
9877	-1
9878	-1
9879	-1
9880	-1
9881	-1
9882	-1
9883	-1
9884	-1
9885	-1
9886	-1
9887	-1
9888	-1
9889	-1
9890	-1
9891	-1
9892	-1
9893	-1
9894	-1
9895	-1
9896	-1
9897	-1
9898	-1
9899	-1
9900	-1
9901	-1
9902	-1
9903	-1
9904	-1
9905	-1
9906	-1
9907	-1
9908	-1
9909	-1
9910	-1
9911	-1
9912	-1
9913	-1
9914	-1
9915	-1
9916	-1
9917	-1
9918	-1
9919	-1
9920	-1
9921	-1
9922	-1
9923	-1
9924	-1
9925	-1
9926	-1
9927	-1
9928	-1
9929	-1
9930	-1
9931	-1
9932	-1
9933	-1
9934	-1
9935	-1
9936	-1
9937	-1
9938	-1
9939	-1
9940	-1
9941	-1
9942	-1
9943	-1
9944	-1
9945	-1
9946	-1
9947	-1
9948	-1
9949	-1
9950	-1
9951	-1
9952	-1
9953	-1
9954	-1
9955	-1
9956	-1
9957	-1
9958	-1
9959	-1
9960	-1
9961	-1
9962	-1
9963	-1
9964	-1
9965	-1
9966	-1
9967	-1
9968	-1
9969	-1
9970	-1
9971	-1
9972	-1
9973	-1
9974	-1
9975	-1
9976	-1
9977	-1
9978	-1
9979	-1
9980	-1
9981	-1
9982	-1
9983	-1
9984	-1
9985	-1
9986	-1
9987	-1
9988	-1
9989	-1
9990	-1
9991	-1
9992	-1
9993	-1
9994	-1
9995	-1
9996	-1
9997	-1
9998	-1
9999	-1
