0	1006527
1	1007408
2	1008408
3	1009408
4	1010404
5	1011408
6	1012408
7	1013408
8	1014408
9	1015404
10	1016404
11	1017408
12	1018408
13	1019404
14	1020404
15	1021408
16	1022408
17	1023400
18	1024408
19	1025408
20	1026408
21	1027408
22	1028408
23	1029408
24	1030404
25	1031404
26	1032404
27	1033408
28	1034404
29	1035404
30	1036404
31	1037408
32	1038404
33	1039408
34	1040408
35	1041408
36	1042408
37	1043408
38	1044408
39	1045408
40	1046408
41	1047404
42	1048408
43	1049408
44	1050404
45	1051404
46	1052408
47	1053408
48	1054404
49	1055404
50	1056408
51	1057408
52	1058408
53	1059408
54	1060408
55	1061408
56	1062408
57	1063404
58	1064408
59	1065408
60	1066404
61	1067408
62	1068408
63	1069404
64	1070404
65	1071408
66	1072408
67	1073408
68	1074408
69	1075408
70	1076408
71	1077408
72	1078408
73	1079408
74	1080408
75	1081408
76	1082404
77	1083408
78	1084408
79	1085408
80	1086404
81	1087408
82	1088404
83	1089408
84	1090400
85	1091408
86	1092408
87	1093408
88	1094408
89	1095408
90	1096408
91	1097408
92	1098408
93	1099408
94	1100404
95	1101408
96	1102408
97	1103408
98	1104404
99	1105408
100	1106408
101	1107408
102	1108408
103	1109408
104	1110408
105	1111408
106	1112408
107	1113408
108	1114408
109	1115408
110	1116404
111	1117408
112	1118408
113	1119404
114	1120404
115	1121408
116	1122408
117	1123408
118	1124408
119	1125408
120	1126408
121	1127408
122	1128408
123	1129408
124	1130408
125	1131404
126	1132404
127	1133408
128	1134408
129	1135404
130	1136404
131	1137408
132	1138408
133	1139404
134	1140408
135	1141408
136	1142408
137	1143408
138	1144408
139	1145408
140	1146408
141	1147404
142	1148404
143	1149408
144	1150408
145	1151408
146	1152408
147	1153408
148	1154408
149	1155408
150	1156408
151	1157408
152	1158408
153	1159408
154	1160408
155	1161408
156	1162408
157	1163408
158	1164408
159	1165408
160	1166408
161	1167408
162	1168408
163	1169408
164	1170408
165	1171408
166	1172408
167	1173408
168	1174408
169	1175408
170	1176408
171	1177408
172	1178408
173	1179408
174	1180408
175	1181408
176	1182408
177	1183408
178	1184408
179	1185408
180	1186408
181	1187408
182	1188408
183	1189408
184	1190408
185	1191408
186	1192408
187	1193408
188	1194408
189	1195408
190	1196408
191	1197408
192	1198408
193	1199408
194	1200408
195	1201408
196	1202408
197	1203408
198	1204408
199	1205408
200	1206408
201	1207408
202	1208408
203	1209408
204	1210408
205	1211408
206	1212408
207	1213408
208	1214408
209	1215408
210	1216408
211	1217408
212	1218408
213	1219408
214	1220408
215	1221408
216	1222408
217	1223408
218	1224408
219	1225408
220	1226408
221	1227408
222	1228408
223	1229408
224	1230408
225	1231408
226	1232408
227	1233408
228	1234408
229	1235408
230	1236408
231	1237408
232	1238408
233	1239408
234	1240408
235	1241408
236	1242408
237	1243408
238	1244408
239	1245408
240	1246408
241	1247408
242	1248408
243	1249408
244	1250408
245	1251408
246	1252408
247	1253408
248	1254408
249	1255408
250	1256408
251	1257408
252	1258408
253	1259408
254	1260408
255	1261408
256	1262412
257	1263412
258	1264412
259	1265412
260	1266408
261	1267412
262	1268412
263	1269412
264	1270412
265	1271412
266	1272412
267	1273412
268	1274412
269	1275412
270	1276412
271	1277412
272	1278412
273	1279404
274	1280412
275	1281412
276	1282412
277	1283412
278	1284412
279	1285412
280	1286412
281	1287412
282	1288412
283	1289412
284	1290412
285	1291412
286	1292412
287	1293412
288	1294412
289	1295412
290	1296412
291	1297412
292	1298412
293	1299412
294	1300412
295	1301412
296	1302412
297	1303412
298	1304412
299	1305412
300	1306412
301	1307412
302	1308412
303	1309412
304	1310412
305	1311412
306	1312412
307	1313412
308	1314412
309	1315412
310	1316412
311	1317412
312	1318412
313	1319412
314	1320412
315	1321412
316	1322412
317	1323412
318	1324412
319	1325412
320	1326412
321	1327412
322	1328412
323	1329412
324	1330412
325	1331412
326	1332412
327	1333412
328	1334412
329	1335412
330	1336412
331	1337412
332	1338412
333	1339412
334	1340412
335	1341412
336	1342412
337	1343412
338	1344412
339	1345412
340	1346408
341	1347412
342	1348412
343	1349412
344	1350412
345	1351412
346	1352412
347	1353412
348	1354412
349	1355412
350	1356412
351	1357412
352	1358412
353	1359412
354	1360412
355	1361412
356	1362412
357	1363412
358	1364412
359	1365412
360	1366412
361	1367412
362	1368412
363	1369412
364	1370412
365	1371412
366	1372412
367	1373412
368	1374412
369	1375412
370	1376412
371	1377412
372	1378412
373	1379412
374	1380412
375	1381412
376	1382412
377	1383412
378	1384412
379	1385412
380	1386412
381	1387412
382	1388412
383	1389412
384	1390412
385	1391412
386	1392412
387	1393412
388	1394412
389	1395412
390	1396412
391	1397412
392	1398412
393	1399412
394	1400412
395	1401412
396	1402412
397	1403412
398	1404412
399	1405412
400	1406412
401	1407412
402	1408412
403	1409412
404	1410412
405	1411412
406	1412412
407	1413412
408	1414412
409	1415412
410	1416412
411	1417412
412	1418412
413	1419412
414	1420412
415	1421412
416	1422412
417	1423412
418	1424412
419	1425412
420	1426412
421	1427412
422	1428412
423	1429412
424	1430412
425	1431412
426	1432412
427	1433412
428	1434412
429	1435412
430	1436412
431	1437412
432	1438412
433	1439412
434	1440412
435	1441412
436	1442412
437	1443412
438	1444412
439	1445412
440	1446412
441	1447412
442	1448412
443	1449412
444	1450412
445	1451412
446	1452412
447	1453412
448	1454412
449	1455412
450	1456412
451	1457412
452	1458412
453	1459412
454	1460412
455	1461412
456	1462412
457	1463412
458	1464412
459	1465412
460	1466412
461	1467412
462	1468412
463	1469412
464	1470412
465	1471412
466	1472412
467	1473412
468	1474412
469	1475412
470	1476412
471	1477412
472	1478412
473	1479412
474	1480412
475	1481412
476	1482412
477	1483412
478	1484412
479	1485412
480	1486412
481	1487412
482	1488412
483	1489412
484	1490412
485	1491412
486	1492412
487	1493412
488	1494412
489	1495412
490	1496412
491	1497412
492	1498412
493	1499412
494	1500412
495	1501412
496	1502412
497	1503412
498	1504412
499	1505412
500	1506412
501	1507412
502	1508412
503	1509412
504	1510412
505	1511412
506	1512412
507	1513412
508	1514412
509	1515412
510	1516412
511	1517412
512	1518412
513	1519412
514	1520412
515	1521412
516	1522408
517	1523412
518	1524412
519	1525412
520	1526412
521	1527412
522	1528412
523	1529412
524	1530412
525	1531412
526	1532412
527	1533412
528	1534412
529	1535404
530	1536412
531	1537412
532	1538412
533	1539412
534	1540412
535	1541412
536	1542412
537	1543412
538	1544412
539	1545412
540	1546412
541	1547412
542	1548412
543	1549412
544	1550412
545	1551412
546	1552412
547	1553412
548	1554412
549	1555412
550	1556412
551	1557412
552	1558412
553	1559412
554	1560412
555	1561412
556	1562412
557	1563412
558	1564412
559	1565412
560	1566412
561	1567412
562	1568412
563	1569412
564	1570412
565	1571412
566	1572412
567	1573412
568	1574412
569	1575412
570	1576412
571	1577412
572	1578412
573	1579412
574	1580412
575	1581412
576	1582412
577	1583412
578	1584412
579	1585412
580	1586412
581	1587412
582	1588412
583	1589412
584	1590412
585	1591412
586	1592412
587	1593412
588	1594412
589	1595412
590	1596412
591	1597412
592	1598412
593	1599412
594	1600412
595	1601412
596	1602408
597	1603412
598	1604412
599	1605412
600	1606412
601	1607412
602	1608412
603	1609412
604	1610412
605	1611412
606	1612412
607	1613412
608	1614412
609	1615412
610	1616412
611	1617412
612	1618412
613	1619412
614	1620412
615	1621412
616	1622412
617	1623412
618	1624412
619	1625412
620	1626412
621	1627412
622	1628412
623	1629412
624	1630412
625	1631412
626	1632412
627	1633412
628	1634412
629	1635412
630	1636412
631	1637412
632	1638412
633	1639412
634	1640412
635	1641412
636	1642412
637	1643412
638	1644412
639	1645412
640	1646412
641	1647412
642	1648412
643	1649412
644	1650412
645	1651412
646	1652412
647	1653412
648	1654412
649	1655412
650	1656412
651	1657412
652	1658412
653	1659412
654	1660412
655	1661412
656	1662412
657	1663412
658	1664412
659	1665412
660	1666412
661	1667412
662	1668412
663	1669412
664	1670412
665	1671412
666	1672412
667	1673412
668	1674412
669	1675412
670	1676412
671	1677412
672	1678412
673	1679412
674	1680412
675	1681412
676	1682412
677	1683412
678	1684412
679	1685412
680	1686412
681	1687412
682	1688412
683	1689412
684	1690412
685	1691412
686	1692412
687	1693412
688	1694412
689	1695412
690	1696412
691	1697412
692	1698412
693	1699412
694	1700412
695	1701412
696	1702412
697	1703412
698	1704412
699	1705412
700	1706412
701	1707412
702	1708412
703	1709412
704	1710412
705	1711412
706	1712412
707	1713412
708	1714412
709	1715412
710	1716412
711	1717412
712	1718412
713	1719412
714	1720412
715	1721412
716	1722412
717	1723412
718	1724412
719	1725412
720	1726412
721	1727412
722	1728412
723	1729412
724	1730412
725	1731412
726	1732412
727	1733412
728	1734412
729	1735412
730	1736412
731	1737412
732	1738412
733	1739412
734	1740412
735	1741412
736	1742412
737	1743412
738	1744412
739	1745412
740	1746412
741	1747412
742	1748412
743	1749412
744	1750412
745	1751412
746	1752412
747	1753412
748	1754412
749	1755412
750	1756412
751	1757412
752	1758412
753	1759412
754	1760412
755	1761412
756	1762412
757	1763412
758	1764412
759	1765412
760	1766412
761	1767412
762	1768412
763	1769412
764	1770412
765	1771412
766	1772412
767	1773412
768	1774412
769	1775412
770	1776412
771	1777412
772	1778412
773	1779412
774	1780412
775	1781412
776	1782412
777	1783412
778	1784412
779	1785412
780	1786412
781	1787412
782	1788412
783	1789412
784	1790412
785	1791404
786	1792412
787	1793412
788	1794412
789	1795412
790	1796412
791	1797412
792	1798412
793	1799412
794	1800412
795	1801412
796	1802412
797	1803412
798	1804412
799	1805412
800	1806412
801	1807412
802	1808412
803	1809412
804	1810412
805	1811412
806	1812412
807	1813412
808	1814412
809	1815412
810	1816412
811	1817412
812	1818412
813	1819412
814	1820412
815	1821412
816	1822412
817	1823412
818	1824412
819	1825412
820	1826412
821	1827412
822	1828412
823	1829412
824	1830412
825	1831412
826	1832412
827	1833412
828	1834412
829	1835412
830	1836412
831	1837412
832	1838412
833	1839412
834	1840412
835	1841412
836	1842412
837	1843412
838	1844412
839	1845412
840	1846412
841	1847412
842	1848412
843	1849412
844	1850412
845	1851412
846	1852412
847	1853412
848	1854412
849	1855412
850	1856412
851	1857412
852	1858408
853	1859412
854	1860412
855	1861412
856	1862412
857	1863412
858	1864412
859	1865412
860	1866412
861	1867412
862	1868412
863	1869412
864	1870412
865	1871412
866	1872412
867	1873412
868	1874412
869	1875412
870	1876412
871	1877412
872	1878412
873	1879412
874	1880412
875	1881412
876	1882412
877	1883412
878	1884412
879	1885412
880	1886412
881	1887412
882	1888412
883	1889412
884	1890412
885	1891412
886	1892412
887	1893412
888	1894412
889	1895412
890	1896412
891	1897412
892	1898412
893	1899412
894	1900412
895	1901412
896	1902412
897	1903412
898	1904412
899	1905412
900	1906412
901	1907412
902	1908412
903	1909412
904	1910412
905	1911412
906	1912412
907	1913412
908	1914412
909	1915412
910	1916412
911	1917412
912	1918412
913	1919412
914	1920412
915	1921412
916	1922412
917	1923412
918	1924412
919	1925412
920	1926412
921	1927412
922	1928412
923	1929412
924	1930412
925	1931412
926	1932412
927	1933412
928	1934412
929	1935412
930	1936412
931	1937412
932	1938412
933	1939412
934	1940412
935	1941412
936	1942412
937	1943412
938	1944412
939	1945412
940	1946412
941	1947412
942	1948412
943	1949412
944	1950412
945	1951412
946	1952412
947	1953412
948	1954412
949	1955412
950	1956412
951	1957412
952	1958412
953	1959412
954	1960412
955	1961412
956	1962412
957	1963412
958	1964412
959	1965412
960	1966412
961	1967412
962	1968412
963	1969412
964	1970412
965	1971412
966	1972412
967	1973412
968	1974412
969	1975412
970	1976412
971	1977412
972	1978412
973	1979412
974	1980412
975	1981412
976	1982412
977	1983412
978	1984412
979	1985412
980	1986412
981	1987412
982	1988412
983	1989412
984	1990412
985	1991412
986	1992412
987	1993412
988	1994412
989	1995412
990	1996412
991	1997412
992	1998412
993	1999412
994	2000412
995	2001412
996	2002412
997	2003412
998	2004412
999	2005412
1000	2006412
1001	2007412
1002	2008412
1003	2009412
1004	2010412
1005	2011412
1006	2012412
1007	2013412
1008	2014412
1009	2015412
1010	2016412
1011	2017412
1012	2018412
1013	2019412
1014	2020412
1015	2021412
1016	2022412
1017	2023412
1018	2024412
1019	2025412
1020	2026412
1021	2027412
1022	2028412
1023	2029412
1024	2030412
1025	2031412
1026	2032412
1027	2033412
1028	2034412
1029	2035412
1030	2036412
1031	2037412
1032	2038412
1033	2039412
1034	2040412
1035	2041412
1036	2042412
1037	2043412
1038	2044412
1039	2045412
1040	2046412
1041	2047404
1042	2048412
1043	2049412
1044	2050412
1045	2051412
1046	2052412
1047	2053412
1048	2054412
1049	2055412
1050	2056412
1051	2057412
1052	2058412
1053	2059412
1054	2060412
1055	2061412
1056	2062412
1057	2063412
1058	2064412
1059	2065412
1060	2066412
1061	2067412
1062	2068412
1063	2069412
1064	2070412
1065	2071412
1066	2072412
1067	2073412
1068	2074412
1069	2075412
1070	2076412
1071	2077412
1072	2078412
1073	2079412
1074	2080412
1075	2081412
1076	2082412
1077	2083412
1078	2084412
1079	2085412
1080	2086412
1081	2087412
1082	2088412
1083	2089412
1084	2090412
1085	2091412
1086	2092412
1087	2093412
1088	2094412
1089	2095412
1090	2096412
1091	2097412
1092	2098412
1093	2099412
1094	2100412
1095	2101412
1096	2102412
1097	2103412
1098	2104412
1099	2105412
1100	2106412
1101	2107412
1102	2108412
1103	2109412
1104	2110412
1105	2111412
1106	2112412
1107	2113412
1108	2114400
1109	2115412
1110	2116412
1111	2117412
1112	2118412
1113	2119412
1114	2120412
1115	2121412
1116	2122412
1117	2123412
1118	2124412
1119	2125412
1120	2126412
1121	2127412
1122	2128412
1123	2129412
1124	2130412
1125	2131412
1126	2132412
1127	2133412
1128	2134412
1129	2135412
1130	2136412
1131	2137412
1132	2138412
1133	2139412
1134	2140412
1135	2141412
1136	2142412
1137	2143412
1138	2144412
1139	2145412
1140	2146412
1141	2147412
1142	2148412
1143	2149412
1144	2150412
1145	2151412
1146	2152412
1147	2153412
1148	2154412
1149	2155412
1150	2156412
1151	2157412
1152	2158412
1153	2159412
1154	2160412
1155	2161412
1156	2162412
1157	2163412
1158	2164412
1159	2165412
1160	2166412
1161	2167412
1162	2168412
1163	2169412
1164	2170412
1165	2171412
1166	2172412
1167	2173412
1168	2174412
1169	2175412
1170	2176412
1171	2177412
1172	2178412
1173	2179412
1174	2180412
1175	2181412
1176	2182412
1177	2183412
1178	2184412
1179	2185412
1180	2186412
1181	2187412
1182	2188412
1183	2189412
1184	2190412
1185	2191412
1186	2192412
1187	2193412
1188	2194412
1189	2195412
1190	2196412
1191	2197412
1192	2198412
1193	2199412
1194	2200412
1195	2201412
1196	2202412
1197	2203412
1198	2204412
1199	2205412
1200	2206412
1201	2207412
1202	2208412
1203	2209412
1204	2210412
1205	2211412
1206	2212412
1207	2213412
1208	2214412
1209	2215412
1210	2216412
1211	2217412
1212	2218412
1213	2219412
1214	2220412
1215	2221412
1216	2222412
1217	2223412
1218	2224412
1219	2225412
1220	2226412
1221	2227412
1222	2228412
1223	2229412
1224	2230412
1225	2231412
1226	2232412
1227	2233412
1228	2234412
1229	2235412
1230	2236412
1231	2237412
1232	2238412
1233	2239412
1234	2240412
1235	2241412
1236	2242412
1237	2243412
1238	2244412
1239	2245412
1240	2246412
1241	2247412
1242	2248412
1243	2249412
1244	2250412
1245	2251412
1246	2252412
1247	2253412
1248	2254412
1249	2255412
1250	2256412
1251	2257412
1252	2258412
1253	2259412
1254	2260412
1255	2261412
1256	2262412
1257	2263412
1258	2264412
1259	2265412
1260	2266412
1261	2267412
1262	2268412
1263	2269412
1264	2270412
1265	2271412
1266	2272412
1267	2273412
1268	2274412
1269	2275412
1270	2276412
1271	2277412
1272	2278412
1273	2279412
1274	2280412
1275	2281412
1276	2282412
1277	2283412
1278	2284412
1279	2285412
1280	2286412
1281	2287412
1282	2288412
1283	2289412
1284	2290408
1285	2291412
1286	2292412
1287	2293412
1288	2294412
1289	2295412
1290	2296412
1291	2297412
1292	2298412
1293	2299412
1294	2300412
1295	2301412
1296	2302412
1297	2303404
1298	2304412
1299	2305412
1300	2306412
1301	2307412
1302	2308412
1303	2309412
1304	2310412
1305	2311412
1306	2312412
1307	2313412
1308	2314412
1309	2315412
1310	2316412
1311	2317412
1312	2318412
1313	2319412
1314	2320412
1315	2321412
1316	2322412
1317	2323412
1318	2324412
1319	2325412
1320	2326412
1321	2327412
1322	2328412
1323	2329412
1324	2330412
1325	2331412
1326	2332412
1327	2333412
1328	2334412
1329	2335412
1330	2336412
1331	2337412
1332	2338412
1333	2339412
1334	2340412
1335	2341412
1336	2342412
1337	2343412
1338	2344412
1339	2345412
1340	2346412
1341	2347412
1342	2348412
1343	2349412
1344	2350412
1345	2351412
1346	2352412
1347	2353412
1348	2354412
1349	2355412
1350	2356412
1351	2357412
1352	2358412
1353	2359412
1354	2360412
1355	2361412
1356	2362412
1357	2363412
1358	2364412
1359	2365412
1360	2366412
1361	2367412
1362	2368412
1363	2369412
1364	2370408
1365	2371412
1366	2372412
1367	2373412
1368	2374412
1369	2375412
1370	2376412
1371	2377412
1372	2378412
1373	2379412
1374	2380412
1375	2381412
1376	2382412
1377	2383412
1378	2384412
1379	2385412
1380	2386412
1381	2387412
1382	2388412
1383	2389412
1384	2390412
1385	2391412
1386	2392412
1387	2393412
1388	2394412
1389	2395412
1390	2396412
1391	2397412
1392	2398412
1393	2399412
1394	2400412
1395	2401412
1396	2402412
1397	2403412
1398	2404412
1399	2405412
1400	2406412
1401	2407412
1402	2408412
1403	2409412
1404	2410412
1405	2411412
1406	2412412
1407	2413412
1408	2414412
1409	2415412
1410	2416412
1411	2417412
1412	2418412
1413	2419412
1414	2420412
1415	2421412
1416	2422412
1417	2423412
1418	2424412
1419	2425412
1420	2426412
1421	2427412
1422	2428412
1423	2429412
1424	2430412
1425	2431412
1426	2432412
1427	2433412
1428	2434412
1429	2435412
1430	2436412
1431	2437412
1432	2438412
1433	2439412
1434	2440412
1435	2441412
1436	2442412
1437	2443412
1438	2444412
1439	2445412
1440	2446412
1441	2447412
1442	2448412
1443	2449412
1444	2450412
1445	2451412
1446	2452412
1447	2453412
1448	2454412
1449	2455412
1450	2456412
1451	2457412
1452	2458412
1453	2459412
1454	2460412
1455	2461412
1456	2462412
1457	2463412
1458	2464412
1459	2465412
1460	2466412
1461	2467412
1462	2468412
1463	2469412
1464	2470412
1465	2471412
1466	2472412
1467	2473412
1468	2474412
1469	2475412
1470	2476412
1471	2477412
1472	2478412
1473	2479412
1474	2480412
1475	2481412
1476	2482412
1477	2483412
1478	2484412
1479	2485412
1480	2486412
1481	2487412
1482	2488412
1483	2489412
1484	2490412
1485	2491412
1486	2492412
1487	2493412
1488	2494412
1489	2495412
1490	2496412
1491	2497412
1492	2498412
1493	2499412
1494	2500412
1495	2501412
1496	2502412
1497	2503412
1498	2504412
1499	2505412
1500	2506412
1501	2507412
1502	2508412
1503	2509412
1504	2510412
1505	2511412
1506	2512412
1507	2513412
1508	2514412
1509	2515412
1510	2516412
1511	2517412
1512	2518412
1513	2519412
1514	2520412
1515	2521412
1516	2522412
1517	2523412
1518	2524412
1519	2525412
1520	2526412
1521	2527412
1522	2528412
1523	2529412
1524	2530412
1525	2531412
1526	2532412
1527	2533412
1528	2534412
1529	2535412
1530	2536412
1531	2537412
1532	2538412
1533	2539412
1534	2540412
1535	2541412
1536	2542412
1537	2543412
1538	2544412
1539	2545412
1540	2546412
1541	2547412
1542	2548412
1543	2549412
1544	2550412
1545	2551412
1546	2552412
1547	2553412
1548	2554412
1549	2555412
1550	2556412
1551	2557412
1552	2558412
1553	2559404
1554	2560412
1555	2561412
1556	2562412
1557	2563412
1558	2564412
1559	2565412
1560	2566412
1561	2567412
1562	2568412
1563	2569412
1564	2570412
1565	2571412
1566	2572412
1567	2573412
1568	2574412
1569	2575412
1570	2576412
1571	2577412
1572	2578412
1573	2579412
1574	2580412
1575	2581412
1576	2582412
1577	2583412
1578	2584412
1579	2585412
1580	2586412
1581	2587412
1582	2588412
1583	2589412
1584	2590412
1585	2591412
1586	2592412
1587	2593412
1588	2594412
1589	2595412
1590	2596412
1591	2597412
1592	2598412
1593	2599412
1594	2600412
1595	2601412
1596	2602412
1597	2603412
1598	2604412
1599	2605412
1600	2606412
1601	2607412
1602	2608412
1603	2609412
1604	2610412
1605	2611412
1606	2612412
1607	2613412
1608	2614412
1609	2615412
1610	2616412
1611	2617412
1612	2618412
1613	2619412
1614	2620412
1615	2621412
1616	2622412
1617	2623412
1618	2624412
1619	2625412
1620	2626408
1621	2627412
1622	2628412
1623	2629412
1624	2630412
1625	2631412
1626	2632412
1627	2633412
1628	2634412
1629	2635412
1630	2636412
1631	2637412
1632	2638412
1633	2639412
1634	2640412
1635	2641412
1636	2642412
1637	2643412
1638	2644412
1639	2645412
1640	2646412
1641	2647412
1642	2648412
1643	2649412
1644	2650412
1645	2651412
1646	2652412
1647	2653412
1648	2654412
1649	2655412
1650	2656412
1651	2657412
1652	2658412
1653	2659412
1654	2660412
1655	2661412
1656	2662412
1657	2663412
1658	2664412
1659	2665412
1660	2666412
1661	2667412
1662	2668412
1663	2669412
1664	2670412
1665	2671412
1666	2672412
1667	2673412
1668	2674412
1669	2675412
1670	2676412
1671	2677412
1672	2678412
1673	2679412
1674	2680412
1675	2681412
1676	2682412
1677	2683412
1678	2684412
1679	2685412
1680	2686412
1681	2687412
1682	2688412
1683	2689412
1684	2690412
1685	2691412
1686	2692412
1687	2693412
1688	2694412
1689	2695412
1690	2696412
1691	2697412
1692	2698412
1693	2699412
1694	2700412
1695	2701412
1696	2702412
1697	2703412
1698	2704412
1699	2705412
1700	2706412
1701	2707412
1702	2708412
1703	2709412
1704	2710412
1705	2711412
1706	2712412
1707	2713412
1708	2714412
1709	2715412
1710	2716412
1711	2717412
1712	2718412
1713	2719412
1714	2720412
1715	2721412
1716	2722412
1717	2723412
1718	2724412
1719	2725412
1720	2726412
1721	2727412
1722	2728412
1723	2729412
1724	2730412
1725	2731412
1726	2732412
1727	2733412
1728	2734412
1729	2735412
1730	2736412
1731	2737412
1732	2738412
1733	2739412
1734	2740412
1735	2741412
1736	2742412
1737	2743412
1738	2744412
1739	2745412
1740	2746412
1741	2747412
1742	2748412
1743	2749412
1744	2750412
1745	2751412
1746	2752412
1747	2753412
1748	2754412
1749	2755412
1750	2756412
1751	2757412
1752	2758412
1753	2759412
1754	2760412
1755	2761412
1756	2762412
1757	2763412
1758	2764412
1759	2765412
1760	2766412
1761	2767412
1762	2768412
1763	2769412
1764	2770412
1765	2771412
1766	2772412
1767	2773412
1768	2774412
1769	2775412
1770	2776412
1771	2777412
1772	2778412
1773	2779412
1774	2780412
1775	2781412
1776	2782412
1777	2783412
1778	2784412
1779	2785412
1780	2786412
1781	2787412
1782	2788412
1783	2789412
1784	2790412
1785	2791412
1786	2792412
1787	2793412
1788	2794412
1789	2795412
1790	2796412
1791	2797412
1792	2798412
1793	2799412
1794	2800412
1795	2801412
1796	2802412
1797	2803412
1798	2804412
1799	2805412
1800	2806412
1801	2807412
1802	2808412
1803	2809412
1804	2810412
1805	2811412
1806	2812412
1807	2813412
1808	2814412
1809	2815404
1810	2816412
1811	2817412
1812	2818412
1813	2819412
1814	2820412
1815	2821412
1816	2822412
1817	2823412
1818	2824412
1819	2825412
1820	2826412
1821	2827412
1822	2828412
1823	2829412
1824	2830412
1825	2831412
1826	2832412
1827	2833412
1828	2834412
1829	2835412
1830	2836412
1831	2837412
1832	2838412
1833	2839412
1834	2840412
1835	2841412
1836	2842412
1837	2843412
1838	2844412
1839	2845412
1840	2846412
1841	2847412
1842	2848412
1843	2849412
1844	2850412
1845	2851412
1846	2852412
1847	2853412
1848	2854412
1849	2855412
1850	2856412
1851	2857412
1852	2858408
1853	2859412
1854	2860412
1855	2861412
1856	2862412
1857	2863412
1858	2864412
1859	2865412
1860	2866412
1861	2867412
1862	2868412
1863	2869412
1864	2870412
1865	2871412
1866	2872412
1867	2873412
1868	2874412
1869	2875412
1870	2876412
1871	2877412
1872	2878412
1873	2879412
1874	2880412
1875	2881412
1876	2882408
1877	2883412
1878	2884412
1879	2885412
1880	2886412
1881	2887412
1882	2888412
1883	2889412
1884	2890412
1885	2891412
1886	2892412
1887	2893412
1888	2894412
1889	2895412
1890	2896412
1891	2897412
1892	2898412
1893	2899412
1894	2900412
1895	2901412
1896	2902412
1897	2903412
1898	2904412
1899	2905412
1900	2906412
1901	2907412
1902	2908412
1903	2909412
1904	2910412
1905	2911412
1906	2912412
1907	2913412
1908	2914412
1909	2915412
1910	2916412
1911	2917412
1912	2918412
1913	2919412
1914	2920412
1915	2921412
1916	2922412
1917	2923412
1918	2924412
1919	2925412
1920	2926412
1921	2927412
1922	2928412
1923	2929412
1924	2930412
1925	2931412
1926	2932412
1927	2933412
1928	2934412
1929	2935412
1930	2936412
1931	2937412
1932	2938412
1933	2939412
1934	2940412
1935	2941412
1936	2942412
1937	2943412
1938	2944412
1939	2945412
1940	2946412
1941	2947412
1942	2948412
1943	2949412
1944	2950412
1945	2951412
1946	2952412
1947	2953412
1948	2954412
1949	2955412
1950	2956412
1951	2957412
1952	2958412
1953	2959412
1954	2960412
1955	2961412
1956	2962412
1957	2963412
1958	2964412
1959	2965412
1960	2966412
1961	2967412
1962	2968412
1963	2969412
1964	2970412
1965	2971412
1966	2972412
1967	2973412
1968	2974412
1969	2975412
1970	2976412
1971	2977412
1972	2978412
1973	2979412
1974	2980412
1975	2981412
1976	2982412
1977	2983412
1978	2984412
1979	2985412
1980	2986412
1981	2987412
1982	2988412
1983	2989412
1984	2990412
1985	2991412
1986	2992412
1987	2993412
1988	2994412
1989	2995412
1990	2996412
1991	2997412
1992	2998412
1993	2999412
1994	3000412
1995	3001412
1996	3002412
1997	3003412
1998	3004412
1999	3005412
2000	3006412
2001	3007412
2002	3008412
2003	3009412
2004	3010412
2005	3011412
2006	3012412
2007	3013412
2008	3014412
2009	3015412
2010	3016412
2011	3017412
2012	3018412
2013	3019412
2014	3020412
2015	3021412
2016	3022412
2017	3023412
2018	3024412
2019	3025412
2020	3026412
2021	3027412
2022	3028412
2023	3029412
2024	3030412
2025	3031412
2026	3032412
2027	3033412
2028	3034412
2029	3035412
2030	3036412
2031	3037412
2032	3038412
2033	3039412
2034	3040412
2035	3041412
2036	3042412
2037	3043412
2038	3044412
2039	3045412
2040	3046412
2041	3047412
2042	3048412
2043	3049412
2044	3050412
2045	3051412
2046	3052412
2047	3053412
2048	3054412
2049	3055412
2050	3056412
2051	3057412
2052	3058412
2053	3059412
2054	3060412
2055	3061412
2056	3062412
2057	3063412
2058	3064412
2059	3065412
2060	3066412
2061	3067412
2062	3068412
2063	3069412
2064	3070412
2065	3071404
2066	3072412
2067	3073412
2068	3074412
2069	3075412
2070	3076412
2071	3077412
2072	3078412
2073	3079412
2074	3080412
2075	3081412
2076	3082412
2077	3083412
2078	3084412
2079	3085412
2080	3086412
2081	3087412
2082	3088412
2083	3089412
2084	3090412
2085	3091412
2086	3092412
2087	3093412
2088	3094412
2089	3095412
2090	3096412
2091	3097412
2092	3098412
2093	3099412
2094	3100412
2095	3101412
2096	3102412
2097	3103412
2098	3104412
2099	3105412
2100	3106412
2101	3107412
2102	3108412
2103	3109412
2104	3110412
2105	3111412
2106	3112412
2107	3113412
2108	3114412
2109	3115412
2110	3116412
2111	3117412
2112	3118412
2113	3119412
2114	3120412
2115	3121412
2116	3122412
2117	3123412
2118	3124412
2119	3125412
2120	3126412
2121	3127412
2122	3128412
2123	3129412
2124	3130412
2125	3131412
2126	3132412
2127	3133412
2128	3134412
2129	3135412
2130	3136412
2131	3137412
2132	3138408
2133	3139412
2134	3140412
2135	3141412
2136	3142412
2137	3143412
2138	3144412
2139	3145412
2140	3146412
2141	3147412
2142	3148412
2143	3149412
2144	3150412
2145	3151412
2146	3152412
2147	3153412
2148	3154412
2149	3155412
2150	3156412
2151	3157412
2152	3158412
2153	3159412
2154	3160412
2155	3161412
2156	3162412
2157	3163412
2158	3164412
2159	3165412
2160	3166412
2161	3167412
2162	3168412
2163	3169412
2164	3170412
2165	3171412
2166	3172412
2167	3173412
2168	3174412
2169	3175412
2170	3176412
2171	3177412
2172	3178412
2173	3179412
2174	3180412
2175	3181412
2176	3182412
2177	3183412
2178	3184412
2179	3185412
2180	3186412
2181	3187412
2182	3188412
2183	3189412
2184	3190412
2185	3191412
2186	3192412
2187	3193412
2188	3194412
2189	3195412
2190	3196412
2191	3197412
2192	3198412
2193	3199412
2194	3200412
2195	3201412
2196	3202412
2197	3203412
2198	3204412
2199	3205412
2200	3206412
2201	3207412
2202	3208412
2203	3209412
2204	3210412
2205	3211412
2206	3212412
2207	3213412
2208	3214412
2209	3215412
2210	3216412
2211	3217412
2212	3218412
2213	3219412
2214	3220412
2215	3221412
2216	3222412
2217	3223412
2218	3224412
2219	3225412
2220	3226412
2221	3227412
2222	3228412
2223	3229412
2224	3230412
2225	3231412
2226	3232412
2227	3233412
2228	3234412
2229	3235412
2230	3236412
2231	3237412
2232	3238412
2233	3239412
2234	3240412
2235	3241412
2236	3242412
2237	3243412
2238	3244412
2239	3245412
2240	3246412
2241	3247412
2242	3248412
2243	3249412
2244	3250412
2245	3251412
2246	3252412
2247	3253412
2248	3254412
2249	3255412
2250	3256412
2251	3257412
2252	3258412
2253	3259412
2254	3260412
2255	3261412
2256	3262412
2257	3263412
2258	3264412
2259	3265412
2260	3266412
2261	3267412
2262	3268412
2263	3269412
2264	3270412
2265	3271412
2266	3272412
2267	3273412
2268	3274412
2269	3275412
2270	3276412
2271	3277412
2272	3278412
2273	3279412
2274	3280412
2275	3281412
2276	3282412
2277	3283412
2278	3284412
2279	3285412
2280	3286412
2281	3287412
2282	3288412
2283	3289412
2284	3290412
2285	3291412
2286	3292412
2287	3293412
2288	3294412
2289	3295412
2290	3296412
2291	3297412
2292	3298412
2293	3299412
2294	3300412
2295	3301412
2296	3302412
2297	3303412
2298	3304412
2299	3305412
2300	3306412
2301	3307412
2302	3308412
2303	3309412
2304	3310412
2305	3311412
2306	3312412
2307	3313412
2308	3314412
2309	3315412
2310	3316412
2311	3317412
2312	3318412
2313	3319412
2314	3320412
2315	3321412
2316	3322412
2317	3323412
2318	3324412
2319	3325412
2320	3326412
2321	3327404
2322	3328412
2323	3329412
2324	3330412
2325	3331412
2326	3332412
2327	3333412
2328	3334412
2329	3335412
2330	3336412
2331	3337412
2332	3338412
2333	3339412
2334	3340412
2335	3341412
2336	3342412
2337	3343412
2338	3344412
2339	3345412
2340	3346412
2341	3347412
2342	3348412
2343	3349412
2344	3350412
2345	3351412
2346	3352412
2347	3353412
2348	3354412
2349	3355412
2350	3356412
2351	3357412
2352	3358412
2353	3359412
2354	3360412
2355	3361412
2356	3362412
2357	3363412
2358	3364412
2359	3365412
2360	3366412
2361	3367412
2362	3368412
2363	3369412
2364	3370412
2365	3371412
2366	3372412
2367	3373412
2368	3374412
2369	3375412
2370	3376412
2371	3377412
2372	3378412
2373	3379412
2374	3380412
2375	3381412
2376	3382412
2377	3383412
2378	3384412
2379	3385412
2380	3386412
2381	3387412
2382	3388412
2383	3389412
2384	3390412
2385	3391412
2386	3392412
2387	3393412
2388	3394408
2389	3395412
2390	3396412
2391	3397412
2392	3398412
2393	3399412
2394	3400412
2395	3401412
2396	3402412
2397	3403412
2398	3404412
2399	3405412
2400	3406412
2401	3407412
2402	3408412
2403	3409412
2404	3410412
2405	3411412
2406	3412412
2407	3413412
2408	3414412
2409	3415412
2410	3416412
2411	3417412
2412	3418412
2413	3419412
2414	3420412
2415	3421412
2416	3422412
2417	3423412
2418	3424412
2419	3425412
2420	3426412
2421	3427412
2422	3428412
2423	3429412
2424	3430412
2425	3431412
2426	3432412
2427	3433412
2428	3434412
2429	3435412
2430	3436412
2431	3437412
2432	3438412
2433	3439412
2434	3440412
2435	3441412
2436	3442412
2437	3443412
2438	3444412
2439	3445412
2440	3446412
2441	3447412
2442	3448412
2443	3449412
2444	3450412
2445	3451412
2446	3452412
2447	3453412
2448	3454412
2449	3455412
2450	3456412
2451	3457412
2452	3458412
2453	3459412
2454	3460412
2455	3461412
2456	3462412
2457	3463412
2458	3464412
2459	3465412
2460	3466412
2461	3467412
2462	3468412
2463	3469412
2464	3470412
2465	3471412
2466	3472412
2467	3473412
2468	3474412
2469	3475412
2470	3476412
2471	3477412
2472	3478412
2473	3479412
2474	3480412
2475	3481412
2476	3482412
2477	3483412
2478	3484412
2479	3485412
2480	3486412
2481	3487412
2482	3488412
2483	3489412
2484	3490412
2485	3491412
2486	3492412
2487	3493412
2488	3494412
2489	3495412
2490	3496412
2491	3497412
2492	3498412
2493	3499412
2494	3500412
2495	3501412
2496	3502412
2497	3503412
2498	3504412
2499	3505412
2500	3506412
2501	3507412
2502	3508412
2503	3509412
2504	3510412
2505	3511412
2506	3512412
2507	3513412
2508	3514412
2509	3515412
2510	3516412
2511	3517412
2512	3518412
2513	3519412
2514	3520412
2515	3521412
2516	3522412
2517	3523412
2518	3524412
2519	3525412
2520	3526412
2521	3527412
2522	3528412
2523	3529412
2524	3530412
2525	3531412
2526	3532412
2527	3533412
2528	3534412
2529	3535412
2530	3536412
2531	3537412
2532	3538412
2533	3539412
2534	3540412
2535	3541412
2536	3542412
2537	3543412
2538	3544412
2539	3545412
2540	3546412
2541	3547412
2542	3548412
2543	3549412
2544	3550412
2545	3551412
2546	3552412
2547	3553412
2548	3554412
2549	3555412
2550	3556412
2551	3557412
2552	3558412
2553	3559412
2554	3560412
2555	3561412
2556	3562412
2557	3563412
2558	3564412
2559	3565412
2560	3566412
2561	3567408
2562	3568412
2563	3569412
2564	3570412
2565	3571412
2566	3572412
2567	3573412
2568	3574412
2569	3575412
2570	3576412
2571	3577412
2572	3578412
2573	3579412
2574	3580412
2575	3581412
2576	3582412
2577	3583404
2578	3584412
2579	3585412
2580	3586412
2581	3587412
2582	3588412
2583	3589412
2584	3590412
2585	3591412
2586	3592412
2587	3593412
2588	3594412
2589	3595412
2590	3596412
2591	3597412
2592	3598412
2593	3599412
2594	3600412
2595	3601412
2596	3602412
2597	3603412
2598	3604412
2599	3605412
2600	3606412
2601	3607412
2602	3608412
2603	3609412
2604	3610412
2605	3611412
2606	3612412
2607	3613412
2608	3614412
2609	3615412
2610	3616412
2611	3617412
2612	3618412
2613	3619412
2614	3620412
2615	3621412
2616	3622412
2617	3623412
2618	3624412
2619	3625412
2620	3626412
2621	3627412
2622	3628412
2623	3629412
2624	3630412
2625	3631412
2626	3632412
2627	3633412
2628	3634412
2629	3635412
2630	3636412
2631	3637412
2632	3638412
2633	3639412
2634	3640412
2635	3641412
2636	3642412
2637	3643412
2638	3644412
2639	3645412
2640	3646412
2641	3647412
2642	3648412
2643	3649412
2644	3650404
2645	3651412
2646	3652412
2647	3653412
2648	3654412
2649	3655412
2650	3656412
2651	3657412
2652	3658412
2653	3659412
2654	3660412
2655	3661412
2656	3662412
2657	3663412
2658	3664412
2659	3665412
2660	3666412
2661	3667412
2662	3668412
2663	3669412
2664	3670412
2665	3671412
2666	3672412
2667	3673412
2668	3674412
2669	3675412
2670	3676412
2671	3677412
2672	3678412
2673	3679412
2674	3680412
2675	3681412
2676	3682412
2677	3683412
2678	3684412
2679	3685412
2680	3686412
2681	3687412
2682	3688412
2683	3689412
2684	3690412
2685	3691412
2686	3692412
2687	3693412
2688	3694412
2689	3695412
2690	3696412
2691	3697412
2692	3698412
2693	3699412
2694	3700412
2695	3701412
2696	3702412
2697	3703412
2698	3704412
2699	3705412
2700	3706412
2701	3707412
2702	3708412
2703	3709412
2704	3710412
2705	3711412
2706	3712412
2707	3713412
2708	3714412
2709	3715412
2710	3716412
2711	3717412
2712	3718412
2713	3719412
2714	3720412
2715	3721412
2716	3722412
2717	3723412
2718	3724412
2719	3725412
2720	3726412
2721	3727412
2722	3728412
2723	3729412
2724	3730412
2725	3731412
2726	3732412
2727	3733412
2728	3734412
2729	3735412
2730	3736412
2731	3737412
2732	3738412
2733	3739412
2734	3740412
2735	3741412
2736	3742412
2737	3743412
2738	3744412
2739	3745412
2740	3746412
2741	3747412
2742	3748412
2743	3749412
2744	3750412
2745	3751412
2746	3752412
2747	3753412
2748	3754412
2749	3755412
2750	3756412
2751	3757412
2752	3758412
2753	3759412
2754	3760412
2755	3761412
2756	3762412
2757	3763412
2758	3764412
2759	3765412
2760	3766412
2761	3767412
2762	3768412
2763	3769412
2764	3770412
2765	3771412
2766	3772412
2767	3773412
2768	3774412
2769	3775412
2770	3776412
2771	3777412
2772	3778412
2773	3779412
2774	3780412
2775	3781412
2776	3782412
2777	3783412
2778	3784412
2779	3785412
2780	3786412
2781	3787412
2782	3788412
2783	3789412
2784	3790412
2785	3791412
2786	3792412
2787	3793412
2788	3794412
2789	3795412
2790	3796412
2791	3797412
2792	3798412
2793	3799412
2794	3800412
2795	3801412
2796	3802412
2797	3803412
2798	3804412
2799	3805412
2800	3806522
2801	3807412
2802	3808412
2803	3809412
2804	3810412
2805	3811412
2806	3812412
2807	3813412
2808	3814412
2809	3815412
2810	3816412
2811	3817412
2812	3818412
2813	3819412
2814	3820412
2815	3821412
2816	3822412
2817	3823412
2818	3824412
2819	3825412
2820	3826412
2821	3827412
2822	3828412
2823	3829412
2824	3830412
2825	3831412
2826	3832412
2827	3833412
2828	3834412
2829	3835412
2830	3836412
2831	3837412
2832	3838412
2833	3839404
2834	3840412
2835	3841412
2836	3842412
2837	3843412
2838	3844412
2839	3845412
2840	3846412
2841	3847412
2842	3848412
2843	3849412
2844	3850412
2845	3851412
2846	3852412
2847	3853412
2848	3854412
2849	3855412
2850	3856412
2851	3857412
2852	3858412
2853	3859412
2854	3860412
2855	3861412
2856	3862412
2857	3863412
2858	3864412
2859	3865412
2860	3866412
2861	3867412
2862	3868412
2863	3869412
2864	3870412
2865	3871412
2866	3872412
2867	3873412
2868	3874412
2869	3875412
2870	3876412
2871	3877412
2872	3878412
2873	3879412
2874	3880412
2875	3881412
2876	3882412
2877	3883412
2878	3884412
2879	3885412
2880	3886412
2881	3887412
2882	3888412
2883	3889412
2884	3890412
2885	3891412
2886	3892412
2887	3893412
2888	3894412
2889	3895412
2890	3896412
2891	3897412
2892	3898412
2893	3899412
2894	3900412
2895	3901412
2896	3902412
2897	3903412
2898	3904412
2899	3905412
2900	3906408
2901	3907412
2902	3908412
2903	3909412
2904	3910412
2905	3911412
2906	3912412
2907	3913412
2908	3914412
2909	3915412
2910	3916412
2911	3917412
2912	3918412
2913	3919412
2914	3920412
2915	3921412
2916	3922412
2917	3923412
2918	3924412
2919	3925412
2920	3926412
2921	3927412
2922	3928412
2923	3929412
2924	3930412
2925	3931412
2926	3932412
2927	3933412
2928	3934412
2929	3935412
2930	3936412
2931	3937412
2932	3938412
2933	3939412
2934	3940412
2935	3941412
2936	3942412
2937	3943412
2938	3944412
2939	3945412
2940	3946412
2941	3947412
2942	3948412
2943	3949412
2944	3950412
2945	3951412
2946	3952412
2947	3953412
2948	3954412
2949	3955412
2950	3956412
2951	3957412
2952	3958412
2953	3959412
2954	3960412
2955	3961412
2956	3962412
2957	3963412
2958	3964412
2959	3965412
2960	3966412
2961	3967412
2962	3968412
2963	3969412
2964	3970412
2965	3971412
2966	3972412
2967	3973412
2968	3974412
2969	3975412
2970	3976412
2971	3977412
2972	3978412
2973	3979412
2974	3980412
2975	3981412
2976	3982412
2977	3983412
2978	3984412
2979	3985412
2980	3986412
2981	3987412
2982	3988412
2983	3989412
2984	3990412
2985	3991412
2986	3992412
2987	3993412
2988	3994412
2989	3995412
2990	3996412
2991	3997412
2992	3998412
2993	3999412
2994	4000412
2995	4001412
2996	4002412
2997	4003412
2998	4004412
2999	4005412
3000	4006412
3001	4007412
3002	4008412
3003	4009412
3004	4010412
3005	4011412
3006	4012412
3007	4013412
3008	4014412
3009	4015412
3010	4016412
3011	4017412
3012	4018412
3013	4019412
3014	4020412
3015	4021412
3016	4022412
3017	4023412
3018	4024412
3019	4025412
3020	4026412
3021	4027412
3022	4028412
3023	4029412
3024	4030412
3025	4031412
3026	4032412
3027	4033412
3028	4034412
3029	4035412
3030	4036412
3031	4037412
3032	4038412
3033	4039412
3034	4040412
3035	4041412
3036	4042412
3037	4043412
3038	4044412
3039	4045412
3040	4046412
3041	4047412
3042	4048412
3043	4049412
3044	4050412
3045	4051412
3046	4052412
3047	4053412
3048	4054412
3049	4055412
3050	4056412
3051	4057412
3052	4058412
3053	4059412
3054	4060412
3055	4061412
3056	4062412
3057	4063412
3058	4064412
3059	4065412
3060	4066412
3061	4067412
3062	4068412
3063	4069412
3064	4070412
3065	4071412
3066	4072412
3067	4073412
3068	4074412
3069	4075412
3070	4076412
3071	4077412
3072	4078412
3073	4079412
3074	4080412
3075	4081412
3076	4082412
3077	4083412
3078	4084412
3079	4085412
3080	4086412
3081	4087412
3082	4088412
3083	4089412
3084	4090412
3085	4091412
3086	4092412
3087	4093412
3088	4094412
3089	4095404
3090	4096412
3091	4097412
3092	4098412
3093	4099412
3094	4100412
3095	4101412
3096	4102412
3097	4103412
3098	4104412
3099	4105412
3100	4106412
3101	4107412
3102	4108412
3103	4109412
3104	4110412
3105	4111412
3106	4112412
3107	4113412
3108	4114412
3109	4115412
3110	4116412
3111	4117412
3112	4118412
3113	4119412
3114	4120412
3115	4121412
3116	4122412
3117	4123412
3118	4124412
3119	4125412
3120	4126412
3121	4127412
3122	4128412
3123	4129412
3124	4130412
3125	4131412
3126	4132412
3127	4133412
3128	4134412
3129	4135412
3130	4136412
3131	4137412
3132	4138412
3133	4139412
3134	4140412
3135	4141412
3136	4142412
3137	4143412
3138	4144412
3139	4145412
3140	4146412
3141	4147412
3142	4148412
3143	4149412
3144	4150412
3145	4151412
3146	4152412
3147	4153412
3148	4154412
3149	4155412
3150	4156412
3151	4157412
3152	4158412
3153	4159412
3154	4160412
3155	4161412
3156	4162408
3157	4163412
3158	4164412
3159	4165412
3160	4166412
3161	4167412
3162	4168412
3163	4169412
3164	4170412
3165	4171412
3166	4172412
3167	4173412
3168	4174412
3169	4175412
3170	4176412
3171	4177412
3172	4178412
3173	4179412
3174	4180412
3175	4181412
3176	4182412
3177	4183412
3178	4184412
3179	4185412
3180	4186412
3181	4187412
3182	4188412
3183	4189412
3184	4190412
3185	4191412
3186	4192412
3187	4193412
3188	4194412
3189	4195412
3190	4196412
3191	4197412
3192	4198412
3193	4199412
3194	4200412
3195	4201412
3196	4202412
3197	4203412
3198	4204412
3199	4205412
3200	4206412
3201	4207412
3202	4208412
3203	4209412
3204	4210412
3205	4211412
3206	4212412
3207	4213412
3208	4214412
3209	4215412
3210	4216412
3211	4217412
3212	4218412
3213	4219412
3214	4220412
3215	4221412
3216	4222412
3217	4223412
3218	4224412
3219	4225412
3220	4226412
3221	4227412
3222	4228412
3223	4229412
3224	4230412
3225	4231412
3226	4232412
3227	4233412
3228	4234412
3229	4235412
3230	4236412
3231	4237412
3232	4238412
3233	4239412
3234	4240412
3235	4241412
3236	4242412
3237	4243412
3238	4244412
3239	4245412
3240	4246412
3241	4247412
3242	4248412
3243	4249412
3244	4250412
3245	4251412
3246	4252412
3247	4253412
3248	4254412
3249	4255412
3250	4256412
3251	4257412
3252	4258412
3253	4259412
3254	4260412
3255	4261412
3256	4262412
3257	4263412
3258	4264412
3259	4265412
3260	4266412
3261	4267412
3262	4268408
3263	4269408
3264	4270408
3265	4271408
3266	4272408
3267	4273408
3268	4274408
3269	4275408
3270	4276408
3271	4277408
3272	4278408
3273	4279408
3274	4280408
3275	4281408
3276	4282408
3277	4283408
3278	4284408
3279	4285412
3280	4286412
3281	4287412
3282	4288412
3283	4289412
3284	4290412
3285	4291412
3286	4292412
3287	4293412
3288	4294412
3289	4295412
3290	4296412
3291	4297412
3292	4298412
3293	4299412
3294	4300412
3295	4301412
3296	4302412
3297	4303412
3298	4304412
3299	4305412
3300	4306412
3301	4307412
3302	4308412
3303	4309412
3304	4310412
3305	4311412
3306	4312412
3307	4313412
3308	4314412
3309	4315412
3310	4316412
3311	4317412
3312	4318412
3313	4319412
3314	4320412
3315	4321412
3316	4322412
3317	4323412
3318	4324412
3319	4325412
3320	4326412
3321	4327412
3322	4328412
3323	4329412
3324	4330412
3325	4331412
3326	4332412
3327	4333412
3328	4334412
3329	4335412
3330	4336412
3331	4337412
3332	4338408
3333	4339412
3334	4340412
3335	4341412
3336	4342412
3337	4343412
3338	4344412
3339	4345412
3340	4346412
3341	4347412
3342	4348412
3343	4349412
3344	4350412
3345	4351404
3346	4352412
3347	4353412
3348	4354412
3349	4355412
3350	4356412
3351	4357412
3352	4358412
3353	4359412
3354	4360412
3355	4361412
3356	4362412
3357	4363412
3358	4364412
3359	4365412
3360	4366412
3361	4367412
3362	4368412
3363	4369412
3364	4370412
3365	4371412
3366	4372412
3367	4373412
3368	4374412
3369	4375412
3370	4376412
3371	4377412
3372	4378412
3373	4379412
3374	4380412
3375	4381412
3376	4382412
3377	4383412
3378	4384412
3379	4385412
3380	4386412
3381	4387412
3382	4388412
3383	4389412
3384	4390412
3385	4391412
3386	4392412
3387	4393412
3388	4394412
3389	4395412
3390	4396412
3391	4397412
3392	4398412
3393	4399412
3394	4400412
3395	4401412
3396	4402412
3397	4403412
3398	4404412
3399	4405412
3400	4406412
3401	4407412
3402	4408412
3403	4409412
3404	4410412
3405	4411412
3406	4412412
3407	4413412
3408	4414412
3409	4415412
3410	4416412
3411	4417412
3412	4418412
3413	4419412
3414	4420412
3415	4421412
3416	4422412
3417	4423412
3418	4424412
3419	4425412
3420	4426412
3421	4427412
3422	4428412
3423	4429412
3424	4430412
3425	4431412
3426	4432412
3427	4433412
3428	4434412
3429	4435412
3430	4436412
3431	4437412
3432	4438412
3433	4439412
3434	4440412
3435	4441412
3436	4442412
3437	4443412
3438	4444412
3439	4445412
3440	4446412
3441	4447412
3442	4448412
3443	4449412
3444	4450412
3445	4451412
3446	4452412
3447	4453412
3448	4454412
3449	4455412
3450	4456412
3451	4457412
3452	4458412
3453	4459412
3454	4460412
3455	4461412
3456	4462412
3457	4463412
3458	4464412
3459	4465412
3460	4466412
3461	4467412
3462	4468412
3463	4469412
3464	4470412
3465	4471412
3466	4472412
3467	4473412
3468	4474412
3469	4475412
3470	4476412
3471	4477412
3472	4478412
3473	4479412
3474	4480412
3475	4481412
3476	4482412
3477	4483412
3478	4484412
3479	4485412
3480	4486412
3481	4487412
3482	4488412
3483	4489412
3484	4490412
3485	4491412
3486	4492412
3487	4493412
3488	4494412
3489	4495412
3490	4496412
3491	4497412
3492	4498412
3493	4499412
3494	4500412
3495	4501412
3496	4502412
3497	4503412
3498	4504412
3499	4505412
3500	4506412
3501	4507412
3502	4508412
3503	4509412
3504	4510412
3505	4511412
3506	4512412
3507	4513412
3508	4514412
3509	4515412
3510	4516412
3511	4517412
3512	4518412
3513	4519412
3514	4520412
3515	4521412
3516	4522412
3517	4523412
3518	4524412
3519	4525412
3520	4526412
3521	4527412
3522	4528412
3523	4529412
3524	4530412
3525	4531412
3526	4532412
3527	4533412
3528	4534412
3529	4535412
3530	4536412
3531	4537412
3532	4538412
3533	4539412
3534	4540412
3535	4541412
3536	4542412
3537	4543412
3538	4544412
3539	4545412
3540	4546412
3541	4547412
3542	4548412
3543	4549412
3544	4550412
3545	4551412
3546	4552412
3547	4553412
3548	4554412
3549	4555412
3550	4556412
3551	4557412
3552	4558412
3553	4559412
3554	4560412
3555	4561412
3556	4562412
3557	4563412
3558	4564412
3559	4565412
3560	4566412
3561	4567412
3562	4568412
3563	4569412
3564	4570412
3565	4571412
3566	4572412
3567	4573412
3568	4574412
3569	4575412
3570	4576412
3571	4577412
3572	4578412
3573	4579412
3574	4580412
3575	4581412
3576	4582412
3577	4583412
3578	4584412
3579	4585412
3580	4586412
3581	4587412
3582	4588412
3583	4589412
3584	4590412
3585	4591412
3586	4592412
3587	4593412
3588	4594408
3589	4595412
3590	4596412
3591	4597412
3592	4598412
3593	4599412
3594	4600412
3595	4601412
3596	4602412
3597	4603412
3598	4604412
3599	4605412
3600	4606412
3601	4607404
3602	4608412
3603	4609412
3604	4610412
3605	4611412
3606	4612412
3607	4613412
3608	4614412
3609	4615412
3610	4616412
3611	4617412
3612	4618412
3613	4619412
3614	4620412
3615	4621412
3616	4622412
3617	4623412
3618	4624412
3619	4625412
3620	4626412
3621	4627412
3622	4628412
3623	4629412
3624	4630412
3625	4631412
3626	4632412
3627	4633412
3628	4634412
3629	4635412
3630	4636412
3631	4637412
3632	4638412
3633	4639412
3634	4640412
3635	4641412
3636	4642412
3637	4643412
3638	4644412
3639	4645412
3640	4646412
3641	4647412
3642	4648412
3643	4649412
3644	4650412
3645	4651412
3646	4652412
3647	4653412
3648	4654412
3649	4655412
3650	4656412
3651	4657412
3652	4658412
3653	4659412
3654	4660412
3655	4661412
3656	4662412
3657	4663412
3658	4664412
3659	4665412
3660	4666412
3661	4667412
3662	4668412
3663	4669412
3664	4670412
3665	4671412
3666	4672412
3667	4673412
3668	4674412
3669	4675412
3670	4676412
3671	4677412
3672	4678412
3673	4679412
3674	4680412
3675	4681412
3676	4682412
3677	4683412
3678	4684412
3679	4685412
3680	4686412
3681	4687412
3682	4688412
3683	4689412
3684	4690412
3685	4691412
3686	4692412
3687	4693412
3688	4694412
3689	4695412
3690	4696412
3691	4697412
3692	4698412
3693	4699412
3694	4700412
3695	4701412
3696	4702412
3697	4703412
3698	4704412
3699	4705412
3700	4706412
3701	4707412
3702	4708412
3703	4709412
3704	4710412
3705	4711412
3706	4712412
3707	4713412
3708	4714412
3709	4715412
3710	4716412
3711	4717412
3712	4718412
3713	4719412
3714	4720412
3715	4721412
3716	4722412
3717	4723412
3718	4724412
3719	4725412
3720	4726412
3721	4727412
3722	4728412
3723	4729412
3724	4730412
3725	4731412
3726	4732412
3727	4733412
3728	4734412
3729	4735412
3730	4736412
3731	4737412
3732	4738412
3733	4739412
3734	4740412
3735	4741412
3736	4742412
3737	4743412
3738	4744412
3739	4745412
3740	4746412
3741	4747412
3742	4748412
3743	4749412
3744	4750412
3745	4751412
3746	4752412
3747	4753412
3748	4754412
3749	4755412
3750	4756412
3751	4757412
3752	4758412
3753	4759412
3754	4760412
3755	4761412
3756	4762412
3757	4763412
3758	4764412
3759	4765412
3760	4766412
3761	4767412
3762	4768412
3763	4769412
3764	4770412
3765	4771412
3766	4772412
3767	4773412
3768	4774412
3769	4775412
3770	4776412
3771	4777412
3772	4778412
3773	4779412
3774	4780412
3775	4781412
3776	4782412
3777	4783412
3778	4784412
3779	4785412
3780	4786412
3781	4787412
3782	4788412
3783	4789412
3784	4790412
3785	4791412
3786	4792412
3787	4793412
3788	4794412
3789	4795412
3790	4796412
3791	4797412
3792	4798412
3793	4799412
3794	4800412
3795	4801412
3796	4802412
3797	4803412
3798	4804412
3799	4805412
3800	4806412
3801	4807412
3802	4808412
3803	4809412
3804	4810412
3805	4811412
3806	4812412
3807	4813412
3808	4814412
3809	4815412
3810	4816412
3811	4817412
3812	4818412
3813	4819412
3814	4820412
3815	4821412
3816	4822412
3817	4823412
3818	4824412
3819	4825412
3820	4826412
3821	4827412
3822	4828412
3823	4829412
3824	4830412
3825	4831412
3826	4832412
3827	4833412
3828	4834412
3829	4835412
3830	4836412
3831	4837412
3832	4838412
3833	4839412
3834	4840412
3835	4841412
3836	4842412
3837	4843412
3838	4844412
3839	4845412
3840	4846412
3841	4847412
3842	4848412
3843	4849412
3844	4850412
3845	4851412
3846	4852412
3847	4853412
3848	4854412
3849	4855412
3850	4856412
3851	4857412
3852	4858412
3853	4859412
3854	4860412
3855	4861412
3856	4862412
3857	4863404
3858	4864412
3859	4865412
3860	4866412
3861	4867412
3862	4868412
3863	4869412
3864	4870412
3865	4871412
3866	4872412
3867	4873412
3868	4874412
3869	4875412
3870	4876412
3871	4877412
3872	4878412
3873	4879412
3874	4880412
3875	4881412
3876	4882412
3877	4883412
3878	4884412
3879	4885412
3880	4886412
3881	4887412
3882	4888412
3883	4889412
3884	4890412
3885	4891412
3886	4892412
3887	4893412
3888	4894412
3889	4895412
3890	4896412
3891	4897412
3892	4898412
3893	4899412
3894	4900412
3895	4901412
3896	4902412
3897	4903412
3898	4904412
3899	4905412
3900	4906412
3901	4907412
3902	4908412
3903	4909412
3904	4910412
3905	4911412
3906	4912412
3907	4913412
3908	4914412
3909	4915412
3910	4916412
3911	4917412
3912	4918412
3913	4919412
3914	4920412
3915	4921412
3916	4922412
3917	4923412
3918	4924412
3919	4925412
3920	4926412
3921	4927412
3922	4928412
3923	4929412
3924	4930412
3925	4931412
3926	4932412
3927	4933412
3928	4934412
3929	4935412
3930	4936412
3931	4937412
3932	4938412
3933	4939412
3934	4940412
3935	4941412
3936	4942412
3937	4943412
3938	4944412
3939	4945412
3940	4946412
3941	4947412
3942	4948412
3943	4949412
3944	4950412
3945	4951412
3946	4952412
3947	4953412
3948	4954412
3949	4955412
3950	4956412
3951	4957412
3952	4958412
3953	4959412
3954	4960412
3955	4961412
3956	4962412
3957	4963412
3958	4964412
3959	4965412
3960	4966412
3961	4967412
3962	4968412
3963	4969412
3964	4970412
3965	4971412
3966	4972412
3967	4973412
3968	4974412
3969	4975412
3970	4976412
3971	4977412
3972	4978412
3973	4979412
3974	4980412
3975	4981412
3976	4982412
3977	4983412
3978	4984412
3979	4985412
3980	4986412
3981	4987412
3982	4988412
3983	4989412
3984	4990412
3985	4991412
3986	4992412
3987	4993412
3988	4994412
3989	4995412
3990	4996412
3991	4997412
3992	4998412
3993	4999412
3994	5000412
3995	5001412
3996	5002412
3997	5003412
3998	5004412
3999	5005412
4000	5006412
4001	5007412
4002	5008412
4003	5009412
4004	5010412
4005	5011412
4006	5012412
4007	5013412
4008	5014412
4009	5015412
4010	5016412
4011	5017412
4012	5018412
4013	5019412
4014	5020412
4015	5021412
4016	5022412
4017	5023412
4018	5024412
4019	5025412
4020	5026412
4021	5027412
4022	5028412
4023	5029412
4024	5030412
4025	5031412
4026	5032412
4027	5033412
4028	5034412
4029	5035412
4030	5036412
4031	5037412
4032	5038412
4033	5039412
4034	5040412
4035	5041412
4036	5042412
4037	5043412
4038	5044412
4039	5045412
4040	5046412
4041	5047412
4042	5048412
4043	5049412
4044	5050412
4045	5051412
4046	5052412
4047	5053412
4048	5054412
4049	5055412
4050	5056412
4051	5057412
4052	5058412
4053	5059412
4054	5060412
4055	5061412
4056	5062412
4057	5063412
4058	5064412
4059	5065412
4060	5066412
4061	5067412
4062	5068412
4063	5069412
4064	5070412
4065	5071412
4066	5072412
4067	5073412
4068	5074412
4069	5075412
4070	5076412
4071	5077412
4072	5078412
4073	5079412
4074	5080412
4075	5081412
4076	5082412
4077	5083412
4078	5084412
4079	5085412
4080	5086412
4081	5087412
4082	5088412
4083	5089412
4084	5090412
4085	5091412
4086	5092412
4087	5093412
4088	5094412
4089	5095412
4090	5096412
4091	5097412
4092	5098412
4093	5099412
4094	5100412
4095	5101412
4096	5102412
4097	5103412
4098	5104412
4099	5105412
4100	5106412
4101	5107412
4102	5108412
4103	5109412
4104	5110412
4105	5111412
4106	5112412
4107	5113412
4108	5114412
4109	5115412
4110	5116412
4111	5117412
4112	5118412
4113	5119404
4114	5120412
4115	5121412
4116	5122412
4117	5123412
4118	5124412
4119	5125412
4120	5126412
4121	5127412
4122	5128412
4123	5129412
4124	5130412
4125	5131412
4126	5132412
4127	5133412
4128	5134412
4129	5135412
4130	5136412
4131	5137412
4132	5138412
4133	5139412
4134	5140412
4135	5141412
4136	5142412
4137	5143412
4138	5144412
4139	5145412
4140	5146412
4141	5147412
4142	5148412
4143	5149412
4144	5150412
4145	5151412
4146	5152412
4147	5153412
4148	5154412
4149	5155412
4150	5156412
4151	5157412
4152	5158412
4153	5159412
4154	5160412
4155	5161412
4156	5162412
4157	5163412
4158	5164412
4159	5165412
4160	5166412
4161	5167412
4162	5168412
4163	5169412
4164	5170412
4165	5171412
4166	5172412
4167	5173412
4168	5174412
4169	5175412
4170	5176412
4171	5177412
4172	5178412
4173	5179412
4174	5180412
4175	5181412
4176	5182412
4177	5183412
4178	5184412
4179	5185412
4180	5186412
4181	5187412
4182	5188412
4183	5189412
4184	5190412
4185	5191412
4186	5192412
4187	5193412
4188	5194412
4189	5195412
4190	5196412
4191	5197412
4192	5198412
4193	5199412
4194	5200412
4195	5201412
4196	5202412
4197	5203412
4198	5204412
4199	5205412
4200	5206412
4201	5207412
4202	5208412
4203	5209412
4204	5210412
4205	5211412
4206	5212412
4207	5213412
4208	5214412
4209	5215412
4210	5216412
4211	5217412
4212	5218412
4213	5219412
4214	5220412
4215	5221412
4216	5222412
4217	5223412
4218	5224412
4219	5225412
4220	5226412
4221	5227412
4222	5228412
4223	5229412
4224	5230412
4225	5231412
4226	5232412
4227	5233412
4228	5234412
4229	5235412
4230	5236412
4231	5237412
4232	5238412
4233	5239412
4234	5240412
4235	5241412
4236	5242412
4237	5243412
4238	5244412
4239	5245412
4240	5246412
4241	5247412
4242	5248412
4243	5249412
4244	5250412
4245	5251412
4246	5252412
4247	5253412
4248	5254412
4249	5255412
4250	5256412
4251	5257412
4252	5258412
4253	5259412
4254	5260412
4255	5261412
4256	5262412
4257	5263412
4258	5264412
4259	5265412
4260	5266412
4261	5267412
4262	5268412
4263	5269412
4264	5270412
4265	5271412
4266	5272412
4267	5273412
4268	5274412
4269	5275412
4270	5276412
4271	5277412
4272	5278412
4273	5279412
4274	5280412
4275	5281412
4276	5282412
4277	5283412
4278	5284412
4279	5285412
4280	5286412
4281	5287412
4282	5288412
4283	5289412
4284	5290412
4285	5291412
4286	5292412
4287	5293412
4288	5294412
4289	5295412
4290	5296412
4291	5297412
4292	5298412
4293	5299412
4294	5300412
4295	5301412
4296	5302412
4297	5303412
4298	5304412
4299	5305412
4300	5306412
4301	5307412
4302	5308412
4303	5309412
4304	5310412
4305	5311412
4306	5312412
4307	5313412
4308	5314412
4309	5315412
4310	5316412
4311	5317412
4312	5318412
4313	5319412
4314	5320412
4315	5321412
4316	5322412
4317	5323412
4318	5324412
4319	5325412
4320	5326412
4321	5327412
4322	5328412
4323	5329412
4324	5330412
4325	5331412
4326	5332412
4327	5333412
4328	5334412
4329	5335412
4330	5336412
4331	5337412
4332	5338412
4333	5339412
4334	5340412
4335	5341412
4336	5342412
4337	5343412
4338	5344412
4339	5345412
4340	5346412
4341	5347412
4342	5348412
4343	5349412
4344	5350412
4345	5351412
4346	5352412
4347	5353412
4348	5354412
4349	5355412
4350	5356412
4351	5357412
4352	5358408
4353	5359412
4354	5360412
4355	5361412
4356	5362408
4357	5363412
4358	5364412
4359	5365412
4360	5366412
4361	5367412
4362	5368412
4363	5369412
4364	5370412
4365	5371412
4366	5372412
4367	5373412
4368	5374412
4369	5375404
4370	5376412
4371	5377412
4372	5378412
4373	5379412
4374	5380412
4375	5381412
4376	5382412
4377	5383412
4378	5384412
4379	5385412
4380	5386412
4381	5387412
4382	5388412
4383	5389412
4384	5390412
4385	5391412
4386	5392412
4387	5393412
4388	5394412
4389	5395412
4390	5396412
4391	5397412
4392	5398412
4393	5399412
4394	5400412
4395	5401412
4396	5402412
4397	5403412
4398	5404412
4399	5405412
4400	5406412
4401	5407412
4402	5408412
4403	5409412
4404	5410412
4405	5411412
4406	5412412
4407	5413412
4408	5414412
4409	5415412
4410	5416412
4411	5417412
4412	5418412
4413	5419412
4414	5420412
4415	5421412
4416	5422412
4417	5423412
4418	5424412
4419	5425412
4420	5426412
4421	5427412
4422	5428412
4423	5429412
4424	5430412
4425	5431412
4426	5432412
4427	5433412
4428	5434412
4429	5435412
4430	5436412
4431	5437412
4432	5438412
4433	5439412
4434	5440412
4435	5441412
4436	5442412
4437	5443412
4438	5444412
4439	5445412
4440	5446412
4441	5447412
4442	5448412
4443	5449412
4444	5450412
4445	5451412
4446	5452412
4447	5453412
4448	5454412
4449	5455412
4450	5456412
4451	5457412
4452	5458412
4453	5459412
4454	5460412
4455	5461412
4456	5462412
4457	5463412
4458	5464412
4459	5465412
4460	5466412
4461	5467412
4462	5468412
4463	5469412
4464	5470412
4465	5471412
4466	5472412
4467	5473412
4468	5474412
4469	5475412
4470	5476412
4471	5477412
4472	5478412
4473	5479412
4474	5480412
4475	5481412
4476	5482412
4477	5483412
4478	5484412
4479	5485412
4480	5486412
4481	5487412
4482	5488412
4483	5489412
4484	5490412
4485	5491412
4486	5492412
4487	5493412
4488	5494412
4489	5495412
4490	5496412
4491	5497412
4492	5498412
4493	5499412
4494	5500412
4495	5501412
4496	5502412
4497	5503412
4498	5504412
4499	5505412
